samples  5000  graph  10 2 RE mim  minibatch size  50  noise  0.6  minibatches per NN training  250 group clipping [[10.0, 3.0, 10.1, 3.1, 5.0, 3.2]]  box penalty  1
cpu
max degree  2.0  complexity indicator 1  625.0  complexity indicator 2  1086.9565217391305
model created with box penalty
model created with box penalty
cpu
iteration 1 in inner loop,alpha 0.0 rho 1.0 h 0.2855731205864114
iteration 1 in outer loop, alpha = 0.2855731205864114, rho = 1.0, h = 0.2855731205864114
model created with box penalty
cpu
iteration 1 in inner loop,alpha 0.2855731205864114 rho 1.0 h 0.15778945700017388
iteration 2 in inner loop,alpha 0.2855731205864114 rho 10.0 h 0.057422677149482126
iteration 2 in outer loop, alpha = 0.8597998920812326, rho = 10.0, h = 0.057422677149482126
model created with box penalty
cpu
iteration 1 in inner loop,alpha 0.8597998920812326 rho 10.0 h 0.0378950349318643
iteration 2 in inner loop,alpha 0.8597998920812326 rho 100.0 h 0.016471852091774153
iteration 3 in inner loop,alpha 0.8597998920812326 rho 1000.0 h 0.001737601982998882
iteration 3 in outer loop, alpha = 2.5974018750801147, rho = 1000.0, h = 0.001737601982998882
model created with box penalty
cpu
iteration 1 in inner loop,alpha 2.5974018750801147 rho 1000.0 h 0.0009355762507770038
iteration 2 in inner loop,alpha 2.5974018750801147 rho 10000.0 h 0.0003313582199417908
iteration 4 in outer loop, alpha = 5.910984074498023, rho = 10000.0, h = 0.0003313582199417908
model created with box penalty
cpu
iteration 1 in inner loop,alpha 5.910984074498023 rho 10000.0 h 0.0001902268167022214
iteration 2 in inner loop,alpha 5.910984074498023 rho 100000.0 h 7.034699317998161e-05
iteration 5 in outer loop, alpha = 12.945683392496184, rho = 100000.0, h = 7.034699317998161e-05
model created with box penalty
cpu
iteration 1 in inner loop,alpha 12.945683392496184 rho 100000.0 h 4.035102040589322e-05
iteration 6 in outer loop, alpha = 53.29670379838941, rho = 1000000.0, h = 4.035102040589322e-05
Threshold 0.3
[[0.    0.    2.425 0.    0.139 0.    0.096 0.    0.    0.013]
 [2.391 0.    0.    0.    0.    0.    0.    0.    0.    0.013]
 [0.002 0.    0.    0.    0.    0.    1.048 0.    0.    0.   ]
 [2.185 0.    0.026 0.    0.79  0.    0.    0.    0.    0.   ]
 [0.    0.    0.    0.    0.    0.    0.    0.    0.    0.003]
 [0.    0.    0.    0.    0.    0.    0.    0.    0.    0.   ]
 [0.001 0.    0.002 0.    0.    0.    0.    0.    0.    0.021]
 [0.001 0.    0.    0.    0.062 0.    0.    0.    0.    2.961]
 [0.015 0.    0.    0.    0.    0.    1.416 0.    0.    2.676]
 [0.    0.    0.    0.    1.826 0.    0.02  0.    0.    0.   ]]
[[0.    0.    2.425 0.    0.    0.    0.    0.    0.    0.   ]
 [2.391 0.    0.    0.    0.    0.    0.    0.    0.    0.   ]
 [0.    0.    0.    0.    0.    0.    1.048 0.    0.    0.   ]
 [2.185 0.    0.    0.    0.79  0.    0.    0.    0.    0.   ]
 [0.    0.    0.    0.    0.    0.    0.    0.    0.    0.   ]
 [0.    0.    0.    0.    0.    0.    0.    0.    0.    0.   ]
 [0.    0.    0.    0.    0.    0.    0.    0.    0.    0.   ]
 [0.    0.    0.    0.    0.    0.    0.    0.    0.    2.961]
 [0.    0.    0.    0.    0.    0.    1.416 0.    0.    2.676]
 [0.    0.    0.    0.    1.826 0.    0.    0.    0.    0.   ]]
{'fdr': 0.0, 'tpr': 1.0, 'fpr': 0.0, 'f1': 1.0, 'shd': 0, 'npred': 9, 'ntrue': 9}
[0.000e+00 2.425e+00 0.000e+00 1.392e-01 0.000e+00 9.592e-02 0.000e+00
 0.000e+00 1.287e-02 2.391e+00 0.000e+00 0.000e+00 0.000e+00 0.000e+00
 0.000e+00 0.000e+00 0.000e+00 1.278e-02 1.605e-03 0.000e+00 0.000e+00
 0.000e+00 0.000e+00 1.048e+00 0.000e+00 0.000e+00 0.000e+00 2.185e+00
 0.000e+00 2.555e-02 7.895e-01 0.000e+00 0.000e+00 0.000e+00 0.000e+00
 0.000e+00 0.000e+00 0.000e+00 0.000e+00 0.000e+00 0.000e+00 0.000e+00
 0.000e+00 0.000e+00 2.520e-03 0.000e+00 0.000e+00 0.000e+00 0.000e+00
 0.000e+00 0.000e+00 0.000e+00 0.000e+00 0.000e+00 1.360e-03 0.000e+00
 1.796e-03 0.000e+00 0.000e+00 0.000e+00 0.000e+00 0.000e+00 2.051e-02
 1.132e-03 0.000e+00 0.000e+00 0.000e+00 6.220e-02 0.000e+00 0.000e+00
 0.000e+00 2.961e+00 1.497e-02 0.000e+00 0.000e+00 0.000e+00 0.000e+00
 0.000e+00 1.416e+00 0.000e+00 2.676e+00 0.000e+00 0.000e+00 0.000e+00
 0.000e+00 1.826e+00 0.000e+00 2.029e-02 0.000e+00 0.000e+00]
[[0. 0. 1. 0. 0. 0. 0. 0. 0. 0.]
 [1. 0. 0. 0. 0. 0. 0. 0. 0. 0.]
 [0. 0. 0. 0. 0. 0. 1. 0. 0. 0.]
 [1. 0. 0. 0. 1. 0. 0. 0. 0. 0.]
 [0. 0. 0. 0. 0. 0. 0. 0. 0. 0.]
 [0. 0. 0. 0. 0. 0. 0. 0. 0. 0.]
 [0. 0. 0. 0. 0. 0. 0. 0. 0. 0.]
 [0. 0. 0. 0. 0. 0. 0. 0. 0. 1.]
 [0. 0. 0. 0. 0. 0. 1. 0. 0. 1.]
 [0. 0. 0. 0. 1. 0. 0. 0. 0. 0.]]
[0. 1. 0. 0. 0. 0. 0. 0. 0. 1. 0. 0. 0. 0. 0. 0. 0. 0. 0. 0. 0. 0. 0. 1.
 0. 0. 0. 1. 0. 0. 1. 0. 0. 0. 0. 0. 0. 0. 0. 0. 0. 0. 0. 0. 0. 0. 0. 0.
 0. 0. 0. 0. 0. 0. 0. 0. 0. 0. 0. 0. 0. 0. 0. 0. 0. 0. 0. 0. 0. 0. 0. 1.
 0. 0. 0. 0. 0. 0. 1. 0. 1. 0. 0. 0. 0. 1. 0. 0. 0. 0.]
aucroc, aucpr (1.0, 1.0)
model created with box penalty
number of groups for clipping  6  noise multiplier modified for group clipping  1.4696938456699067
cpu
cpu
[0.677 0.971 0.689 0.72  0.572 0.805 0.858 0.756 0.945 0.892 0.832 0.999
 0.701 0.819 0.962 0.884 0.92  0.795 0.857 0.662 0.911 0.542 1.    0.831
 0.714 0.796 0.787 0.638 0.895 0.724 0.98  0.773 0.774 1.043 0.695 0.666
 0.874 0.634 0.669 0.644 1.119 0.724 0.793 0.718 0.874 0.939 0.946 0.811
 0.665 0.591 0.727 0.612 0.705 0.758 0.93  0.992 1.106 0.61  0.742 1.111
 0.988 0.962 0.805 0.585 0.422 0.708 0.696 1.144 0.799 0.772 0.964 0.851
 0.734 0.693 0.799 0.876 0.556 0.783 0.827 0.857 0.498 0.664 0.728 0.759
 0.857 0.843 0.79  1.055 0.884 0.778]
[[0. 0. 1. 0. 0. 0. 0. 0. 0. 0.]
 [1. 0. 0. 0. 0. 0. 0. 0. 0. 0.]
 [0. 0. 0. 0. 0. 0. 1. 0. 0. 0.]
 [1. 0. 0. 0. 1. 0. 0. 0. 0. 0.]
 [0. 0. 0. 0. 0. 0. 0. 0. 0. 0.]
 [0. 0. 0. 0. 0. 0. 0. 0. 0. 0.]
 [0. 0. 0. 0. 0. 0. 0. 0. 0. 0.]
 [0. 0. 0. 0. 0. 0. 0. 0. 0. 1.]
 [0. 0. 0. 0. 0. 0. 1. 0. 0. 1.]
 [0. 0. 0. 0. 1. 0. 0. 0. 0. 0.]]
[0. 1. 0. 0. 0. 0. 0. 0. 0. 1. 0. 0. 0. 0. 0. 0. 0. 0. 0. 0. 0. 0. 0. 1.
 0. 0. 0. 1. 0. 0. 1. 0. 0. 0. 0. 0. 0. 0. 0. 0. 0. 0. 0. 0. 0. 0. 0. 0.
 0. 0. 0. 0. 0. 0. 0. 0. 0. 0. 0. 0. 0. 0. 0. 0. 0. 0. 0. 0. 0. 0. 0. 1.
 0. 0. 0. 0. 0. 0. 1. 0. 1. 0. 0. 0. 0. 1. 0. 0. 0. 0.]
aucroc, aucpr (0.5747599451303156, 0.13480677069860666)
Objective function 18342.84 = squared loss an data 10.47 + 0.5*rho*h**2 14845.719911 + alpha*h 0.000000 + L2reg 0.36 + L1reg -0.10 + box penalty 3486.40 ; SHD = 55 ; DAG False
Grad norm per param group for one microbatch
14842.448172138635
0.47926081259874603
14888.00617489693
0.47926081259874603
6.547007570725057
3.948605670659545
Grad norm per param group for one microbatch
561.7337440357178
0.6266699805640517
575.5281918455266
0.6266699805640517
8.428771522183059
4.888176825136675
Grad norm per param group for one microbatch
235.5148762863367
0.6230156904104509
242.41587672659765
0.6230156904104509
6.790166025603826
4.169324621718154
Grad norm per param group for one microbatch
3.4477021121442806
0.6095455275850186
4.122590809174737
0.6095455275850186
6.886683251869201
4.59875255844965
Grad norm per param group for one microbatch
2.0634567139718354
0.44241133881302785
2.205094293063748
0.44241133881302785
4.500176420666101
2.7944001816637933
Grad norm per param group for one microbatch
3.071757833557325
0.6043993368008959
3.318700212353062
0.6043993368008959
5.197505222324119
3.441312461254643
Grad norm per param group for one microbatch
4.237251564517073
0.8654009820550089
4.323957820721344
0.8654009820550089
6.289802390683924
3.9350226360878904
Grad norm per param group for one microbatch
3.024483086536163
0.837474816864658
3.2323869123899516
0.837474816864658
4.735477967502707
3.0547294508652105
Grad norm per param group for one microbatch
5.482968448884289
1.0781474709841852
5.564279568020642
1.0781474709841852
7.011205710510401
4.459441066989188
Grad norm per param group for one microbatch
3.250955180115254
0.7391477160811801
4.156680219409605
0.7391477160811801
4.79183359911507
2.9184412376355056
Grad norm per param group for one microbatch
3.086755138120199
0.5858375925998395
3.3201803571289203
0.5858375925998395
3.6359079814526876
2.27564553564453
Grad norm per param group for one microbatch
3.804336014974365
0.945335028372803
3.742573047309276
0.945335028372803
3.6731817639602036
2.315303628441106
Grad norm per param group for one microbatch
5.577295114271484
1.2774205324109251
5.277961609383951
1.2774205324109251
5.014931424708081
3.2757577731970886
cpu
[0.305 0.421 0.51  0.339 0.251 0.235 0.169 0.241 0.272 0.365 0.407 0.253
 0.237 0.132 0.266 0.138 0.161 0.268 0.415 0.199 0.141 0.169 0.355 0.307
 0.244 0.169 0.24  0.213 0.133 0.312 0.215 0.273 0.194 0.131 0.124 0.186
 0.136 0.179 0.238 0.212 0.238 0.256 0.141 0.089 0.419 0.159 0.316 0.146
 0.188 0.208 0.298 0.206 0.143 0.13  0.294 0.215 0.354 0.336 0.285 0.174
 0.375 0.328 0.182 0.394 0.399 0.262 0.342 0.343 0.239 0.204 0.227 0.507
 0.217 0.371 0.255 0.429 0.35  0.152 0.384 0.19  0.363 0.168 0.225 0.254
 0.191 0.382 0.303 0.211 0.26  0.292]
[[0. 0. 1. 0. 0. 0. 0. 0. 0. 0.]
 [1. 0. 0. 0. 0. 0. 0. 0. 0. 0.]
 [0. 0. 0. 0. 0. 0. 1. 0. 0. 0.]
 [1. 0. 0. 0. 1. 0. 0. 0. 0. 0.]
 [0. 0. 0. 0. 0. 0. 0. 0. 0. 0.]
 [0. 0. 0. 0. 0. 0. 0. 0. 0. 0.]
 [0. 0. 0. 0. 0. 0. 0. 0. 0. 0.]
 [0. 0. 0. 0. 0. 0. 0. 0. 0. 1.]
 [0. 0. 0. 0. 0. 0. 1. 0. 0. 1.]
 [0. 0. 0. 0. 1. 0. 0. 0. 0. 0.]]
[0. 1. 0. 0. 0. 0. 0. 0. 0. 1. 0. 0. 0. 0. 0. 0. 0. 0. 0. 0. 0. 0. 0. 1.
 0. 0. 0. 1. 0. 0. 1. 0. 0. 0. 0. 0. 0. 0. 0. 0. 0. 0. 0. 0. 0. 0. 0. 0.
 0. 0. 0. 0. 0. 0. 0. 0. 0. 0. 0. 0. 0. 0. 0. 0. 0. 0. 0. 0. 0. 0. 0. 1.
 0. 0. 0. 0. 0. 0. 1. 0. 1. 0. 0. 0. 0. 1. 0. 0. 0. 0.]
aucroc, aucpr (0.7942386831275721, 0.3323068744121376)
Objective function 8.20 = squared loss an data 5.62 + 0.5*rho*h**2 0.499196 + alpha*h 0.000000 + L2reg 0.20 + L1reg 1.83 + box penalty 0.05 ; SHD = 25 ; DAG False
Proportion of microbatches that were clipped up to now since start  [0.15453061224489795, 0.0, 0.15371428571428572, 0.0, 0.7216326530612245, 0.7033469387755102]
iteration 1 in inner loop, alpha 0.0 rho 1.0 h 0.9991951829810599
iteration 1 in outer loop, alpha = 0.9991951829810599, rho = 1.0, h = 0.9991951829810599
cpu
cpu
[0.305 0.421 0.51  0.339 0.251 0.235 0.169 0.241 0.272 0.365 0.407 0.253
 0.237 0.132 0.266 0.138 0.161 0.268 0.415 0.199 0.141 0.169 0.355 0.307
 0.244 0.169 0.24  0.213 0.133 0.312 0.215 0.273 0.194 0.131 0.124 0.186
 0.136 0.179 0.238 0.212 0.238 0.256 0.141 0.089 0.419 0.159 0.316 0.146
 0.188 0.208 0.298 0.206 0.143 0.13  0.294 0.215 0.354 0.336 0.285 0.174
 0.375 0.328 0.182 0.394 0.399 0.262 0.342 0.343 0.239 0.204 0.227 0.507
 0.217 0.371 0.255 0.429 0.35  0.152 0.384 0.19  0.363 0.168 0.225 0.254
 0.191 0.382 0.303 0.211 0.26  0.292]
[[0. 0. 1. 0. 0. 0. 0. 0. 0. 0.]
 [1. 0. 0. 0. 0. 0. 0. 0. 0. 0.]
 [0. 0. 0. 0. 0. 0. 1. 0. 0. 0.]
 [1. 0. 0. 0. 1. 0. 0. 0. 0. 0.]
 [0. 0. 0. 0. 0. 0. 0. 0. 0. 0.]
 [0. 0. 0. 0. 0. 0. 0. 0. 0. 0.]
 [0. 0. 0. 0. 0. 0. 0. 0. 0. 0.]
 [0. 0. 0. 0. 0. 0. 0. 0. 0. 1.]
 [0. 0. 0. 0. 0. 0. 1. 0. 0. 1.]
 [0. 0. 0. 0. 1. 0. 0. 0. 0. 0.]]
[0. 1. 0. 0. 0. 0. 0. 0. 0. 1. 0. 0. 0. 0. 0. 0. 0. 0. 0. 0. 0. 0. 0. 1.
 0. 0. 0. 1. 0. 0. 1. 0. 0. 0. 0. 0. 0. 0. 0. 0. 0. 0. 0. 0. 0. 0. 0. 0.
 0. 0. 0. 0. 0. 0. 0. 0. 0. 0. 0. 0. 0. 0. 0. 0. 0. 0. 0. 0. 0. 0. 0. 1.
 0. 0. 0. 0. 0. 0. 1. 0. 1. 0. 0. 0. 0. 1. 0. 0. 0. 0.]
aucroc, aucpr (0.7942386831275721, 0.3323068744121376)
Objective function 9.20 = squared loss an data 5.62 + 0.5*rho*h**2 0.499196 + alpha*h 0.998391 + L2reg 0.20 + L1reg 1.83 + box penalty 0.05 ; SHD = 25 ; DAG False
Grad norm per param group for one microbatch
5.5163071462355
1.4586377007092846
5.439762049097089
1.4586377007092846
3.7950386641644833
2.411897745561318
Grad norm per param group for one microbatch
6.44495165223962
1.6314206760389247
6.381387549071466
1.6314206760389247
4.519159565496181
2.8782086792805903
Grad norm per param group for one microbatch
5.10967926519684
1.5621594165968207
5.260036069959392
1.5621594165968207
3.6358553511973124
2.351093682698178
Grad norm per param group for one microbatch
12.25803222882985
2.1835667205225926
12.148183089224847
2.1835667205225926
6.789374047185807
4.290970774696638
Grad norm per param group for one microbatch
4.729350779005768
1.2181355009590416
4.804040892200312
1.2181355009590416
3.071213205908755
1.9904738396966217
Grad norm per param group for one microbatch
11.044661912825953
1.8881012522125646
11.12812818317963
1.8881012522125646
6.741907480780012
4.450872379441559
cpu
[0.29  0.354 0.313 0.269 0.294 0.181 0.175 0.233 0.215 0.386 0.283 0.313
 0.225 0.164 0.202 0.242 0.207 0.263 0.265 0.177 0.156 0.236 0.335 0.355
 0.187 0.274 0.171 0.294 0.206 0.296 0.242 0.138 0.174 0.127 0.146 0.216
 0.201 0.221 0.144 0.214 0.397 0.2   0.179 0.152 0.224 0.154 0.265 0.135
 0.219 0.111 0.206 0.217 0.181 0.172 0.221 0.123 0.259 0.337 0.207 0.155
 0.194 0.227 0.137 0.251 0.217 0.316 0.198 0.217 0.115 0.256 0.309 0.351
 0.187 0.307 0.234 0.178 0.329 0.342 0.329 0.179 0.255 0.216 0.137 0.212
 0.173 0.361 0.241 0.26  0.28  0.287]
[[0. 0. 1. 0. 0. 0. 0. 0. 0. 0.]
 [1. 0. 0. 0. 0. 0. 0. 0. 0. 0.]
 [0. 0. 0. 0. 0. 0. 1. 0. 0. 0.]
 [1. 0. 0. 0. 1. 0. 0. 0. 0. 0.]
 [0. 0. 0. 0. 0. 0. 0. 0. 0. 0.]
 [0. 0. 0. 0. 0. 0. 0. 0. 0. 0.]
 [0. 0. 0. 0. 0. 0. 0. 0. 0. 0.]
 [0. 0. 0. 0. 0. 0. 0. 0. 0. 1.]
 [0. 0. 0. 0. 0. 0. 1. 0. 0. 1.]
 [0. 0. 0. 0. 1. 0. 0. 0. 0. 0.]]
[0. 1. 0. 0. 0. 0. 0. 0. 0. 1. 0. 0. 0. 0. 0. 0. 0. 0. 0. 0. 0. 0. 0. 1.
 0. 0. 0. 1. 0. 0. 1. 0. 0. 0. 0. 0. 0. 0. 0. 0. 0. 0. 0. 0. 0. 0. 0. 0.
 0. 0. 0. 0. 0. 0. 0. 0. 0. 0. 0. 0. 0. 0. 0. 0. 0. 0. 0. 0. 0. 0. 0. 1.
 0. 0. 0. 0. 0. 0. 1. 0. 1. 0. 0. 0. 0. 1. 0. 0. 0. 0.]
aucroc, aucpr (0.9026063100137174, 0.5531757200487851)
Objective function 8.04 = squared loss an data 4.78 + 0.5*rho*h**2 0.253757 + alpha*h 0.711827 + L2reg 0.41 + L1reg 1.85 + box penalty 0.03 ; SHD = 15 ; DAG False
Proportion of microbatches that were clipped up to now since start  [0.21629168661241424, 0.013323759374501356, 0.20951013243976385, 0.008696345939045795, 0.4769427158129887, 0.4719961704164672]
iteration 1 in inner loop, alpha 0.9991951829810599 rho 1.0 h 0.7124004159468544
cpu
[0.29  0.354 0.313 0.269 0.294 0.181 0.175 0.233 0.215 0.386 0.283 0.313
 0.225 0.164 0.202 0.242 0.207 0.263 0.265 0.177 0.156 0.236 0.335 0.355
 0.187 0.274 0.171 0.294 0.206 0.296 0.242 0.138 0.174 0.127 0.146 0.216
 0.201 0.221 0.144 0.214 0.397 0.2   0.179 0.152 0.224 0.154 0.265 0.135
 0.219 0.111 0.206 0.217 0.181 0.172 0.221 0.123 0.259 0.337 0.207 0.155
 0.194 0.227 0.137 0.251 0.217 0.316 0.198 0.217 0.115 0.256 0.309 0.351
 0.187 0.307 0.234 0.178 0.329 0.342 0.329 0.179 0.255 0.216 0.137 0.212
 0.173 0.361 0.241 0.26  0.28  0.287]
[[0. 0. 1. 0. 0. 0. 0. 0. 0. 0.]
 [1. 0. 0. 0. 0. 0. 0. 0. 0. 0.]
 [0. 0. 0. 0. 0. 0. 1. 0. 0. 0.]
 [1. 0. 0. 0. 1. 0. 0. 0. 0. 0.]
 [0. 0. 0. 0. 0. 0. 0. 0. 0. 0.]
 [0. 0. 0. 0. 0. 0. 0. 0. 0. 0.]
 [0. 0. 0. 0. 0. 0. 0. 0. 0. 0.]
 [0. 0. 0. 0. 0. 0. 0. 0. 0. 1.]
 [0. 0. 0. 0. 0. 0. 1. 0. 0. 1.]
 [0. 0. 0. 0. 1. 0. 0. 0. 0. 0.]]
[0. 1. 0. 0. 0. 0. 0. 0. 0. 1. 0. 0. 0. 0. 0. 0. 0. 0. 0. 0. 0. 0. 0. 1.
 0. 0. 0. 1. 0. 0. 1. 0. 0. 0. 0. 0. 0. 0. 0. 0. 0. 0. 0. 0. 0. 0. 0. 0.
 0. 0. 0. 0. 0. 0. 0. 0. 0. 0. 0. 0. 0. 0. 0. 0. 0. 0. 0. 0. 0. 0. 0. 1.
 0. 0. 0. 0. 0. 0. 1. 0. 1. 0. 0. 0. 0. 1. 0. 0. 0. 0.]
aucroc, aucpr (0.9026063100137174, 0.5531757200487851)
Objective function 10.32 = squared loss an data 4.78 + 0.5*rho*h**2 2.537572 + alpha*h 0.711827 + L2reg 0.41 + L1reg 1.85 + box penalty 0.03 ; SHD = 15 ; DAG False
Grad norm per param group for one microbatch
7.880291404453359
1.989275344447501
8.185005561437189
1.989275344447501
4.81017103653628
3.0089024907908457
Grad norm per param group for one microbatch
8.811468199473502
2.4135661046686607
8.80632075772377
2.4135661046686607
4.851540876176152
3.129056813906758
Grad norm per param group for one microbatch
7.0044062049865214
1.7687177685387456
7.228862003463612
1.7687177685387456
4.477380376131319
2.8165123185787633
Grad norm per param group for one microbatch
11.367666972486818
2.7521270566201874
11.273613564888612
2.7521270566201874
5.231032414402791
3.4729888144439904
Grad norm per param group for one microbatch
12.841076670382103
2.5420346661088713
12.651102845917935
2.5420346661088713
5.824232816902476
3.76874031821575
Grad norm per param group for one microbatch
5.670065546252487
1.683443646512544
5.504494217689738
1.683443646512544
4.036767731043662
2.6860098084326034
Grad norm per param group for one microbatch
13.208598399376468
2.872189210542898
13.095989834499592
2.872189210542898
5.735117033498871
3.669204878719206
Grad norm per param group for one microbatch
6.5464399407718705
1.7459486223018759
7.053512686130964
1.7459486223018759
4.169510071762986
2.60775473165773
Grad norm per param group for one microbatch
16.968766773752535
3.69549027751037
16.97239391551667
3.69549027751037
7.197696901561277
4.651416775412864
cpu
[0.229 0.247 0.177 0.178 0.119 0.154 0.209 0.167 0.161 0.292 0.162 0.121
 0.229 0.107 0.201 0.153 0.16  0.23  0.271 0.25  0.155 0.221 0.182 0.301
 0.222 0.142 0.225 0.354 0.386 0.339 0.154 0.143 0.507 0.218 0.144 0.224
 0.262 0.186 0.103 0.182 0.203 0.362 0.265 0.088 0.227 0.257 0.223 0.24
 0.22  0.185 0.146 0.195 0.107 0.123 0.175 0.328 0.225 0.069 0.134 0.191
 0.146 0.172 0.151 0.144 0.214 0.205 0.144 0.12  0.201 0.157 0.161 0.33
 0.252 0.284 0.217 0.238 0.291 0.333 0.386 0.192 0.227 0.166 0.183 0.235
 0.162 0.376 0.194 0.125 0.269 0.186]
[[0. 0. 1. 0. 0. 0. 0. 0. 0. 0.]
 [1. 0. 0. 0. 0. 0. 0. 0. 0. 0.]
 [0. 0. 0. 0. 0. 0. 1. 0. 0. 0.]
 [1. 0. 0. 0. 1. 0. 0. 0. 0. 0.]
 [0. 0. 0. 0. 0. 0. 0. 0. 0. 0.]
 [0. 0. 0. 0. 0. 0. 0. 0. 0. 0.]
 [0. 0. 0. 0. 0. 0. 0. 0. 0. 0.]
 [0. 0. 0. 0. 0. 0. 0. 0. 0. 1.]
 [0. 0. 0. 0. 0. 0. 1. 0. 0. 1.]
 [0. 0. 0. 0. 1. 0. 0. 0. 0. 0.]]
[0. 1. 0. 0. 0. 0. 0. 0. 0. 1. 0. 0. 0. 0. 0. 0. 0. 0. 0. 0. 0. 0. 0. 1.
 0. 0. 0. 1. 0. 0. 1. 0. 0. 0. 0. 0. 0. 0. 0. 0. 0. 0. 0. 0. 0. 0. 0. 0.
 0. 0. 0. 0. 0. 0. 0. 0. 0. 0. 0. 0. 0. 0. 0. 0. 0. 0. 0. 0. 0. 0. 0. 1.
 0. 0. 0. 0. 0. 0. 1. 0. 1. 0. 0. 0. 0. 1. 0. 0. 0. 0.]
aucroc, aucpr (0.8367626886145404, 0.40260761874954776)
Objective function 8.67 = squared loss an data 5.48 + 0.5*rho*h**2 0.371016 + alpha*h 0.272183 + L2reg 0.55 + L1reg 1.96 + box penalty 0.04 ; SHD = 10 ; DAG True
Proportion of microbatches that were clipped up to now since start  [0.48770425497492315, 0.19802620935123766, 0.4793722698592461, 0.16469826888852937, 0.5248341692282802, 0.5119721727875748]
iteration 2 in inner loop, alpha 0.9991951829810599 rho 10.0 h 0.2724026974438125
cpu
[0.229 0.247 0.177 0.178 0.119 0.154 0.209 0.167 0.161 0.292 0.162 0.121
 0.229 0.107 0.201 0.153 0.16  0.23  0.271 0.25  0.155 0.221 0.182 0.301
 0.222 0.142 0.225 0.354 0.386 0.339 0.154 0.143 0.507 0.218 0.144 0.224
 0.262 0.186 0.103 0.182 0.203 0.362 0.265 0.088 0.227 0.257 0.223 0.24
 0.22  0.185 0.146 0.195 0.107 0.123 0.175 0.328 0.225 0.069 0.134 0.191
 0.146 0.172 0.151 0.144 0.214 0.205 0.144 0.12  0.201 0.157 0.161 0.33
 0.252 0.284 0.217 0.238 0.291 0.333 0.386 0.192 0.227 0.166 0.183 0.235
 0.162 0.376 0.194 0.125 0.269 0.186]
[[0. 0. 1. 0. 0. 0. 0. 0. 0. 0.]
 [1. 0. 0. 0. 0. 0. 0. 0. 0. 0.]
 [0. 0. 0. 0. 0. 0. 1. 0. 0. 0.]
 [1. 0. 0. 0. 1. 0. 0. 0. 0. 0.]
 [0. 0. 0. 0. 0. 0. 0. 0. 0. 0.]
 [0. 0. 0. 0. 0. 0. 0. 0. 0. 0.]
 [0. 0. 0. 0. 0. 0. 0. 0. 0. 0.]
 [0. 0. 0. 0. 0. 0. 0. 0. 0. 1.]
 [0. 0. 0. 0. 0. 0. 1. 0. 0. 1.]
 [0. 0. 0. 0. 1. 0. 0. 0. 0. 0.]]
[0. 1. 0. 0. 0. 0. 0. 0. 0. 1. 0. 0. 0. 0. 0. 0. 0. 0. 0. 0. 0. 0. 0. 1.
 0. 0. 0. 1. 0. 0. 1. 0. 0. 0. 0. 0. 0. 0. 0. 0. 0. 0. 0. 0. 0. 0. 0. 0.
 0. 0. 0. 0. 0. 0. 0. 0. 0. 0. 0. 0. 0. 0. 0. 0. 0. 0. 0. 0. 0. 0. 0. 1.
 0. 0. 0. 0. 0. 0. 1. 0. 1. 0. 0. 0. 0. 1. 0. 0. 0. 0.]
aucroc, aucpr (0.8367626886145404, 0.40260761874954776)
Objective function 12.01 = squared loss an data 5.48 + 0.5*rho*h**2 3.710161 + alpha*h 0.272183 + L2reg 0.55 + L1reg 1.96 + box penalty 0.04 ; SHD = 10 ; DAG True
Grad norm per param group for one microbatch
16.563412399527788
2.8574161017067317
16.670810939421205
2.8574161017067317
5.733444902308743
3.6831071733967304
Grad norm per param group for one microbatch
20.011127226000077
3.534198906060647
19.748420597967957
3.534198906060647
7.061356735146887
4.5185829114080525
Grad norm per param group for one microbatch
17.305406975280516
3.828831517386569
17.335799428787922
3.828831517386569
5.361184436475088
3.442665633952752
Grad norm per param group for one microbatch
11.816242537809787
3.1259427775915247
11.868378719943102
3.1259427775915247
5.206058710414863
3.2891259661182244
Grad norm per param group for one microbatch
11.260648219003466
3.025111293783363
10.931285140216598
3.025111293783363
4.893577988828999
3.1677413303876443
Grad norm per param group for one microbatch
10.89185070247823
2.5015287543680134
11.12478000338073
2.5015287543680134
4.585795395692813
2.84471530118071
Grad norm per param group for one microbatch
10.615910340242559
3.282267740504286
10.702888853613475
3.282267740504286
5.582440418843102
3.4619717296941928
Grad norm per param group for one microbatch
9.439526958674216
2.3603139943663756
9.05033054638521
2.3603139943663756
4.822166752085456
3.1005334509461036
Grad norm per param group for one microbatch
20.25162714048338
4.24595692048556
20.255565082037943
4.24595692048556
6.401247651251367
3.9467207961238153
Grad norm per param group for one microbatch
15.053158706754147
3.3894861559650966
14.919010292599136
3.3894861559650966
6.335850099229597
3.9547680328794805
Grad norm per param group for one microbatch
13.62969604719877
3.4402361714545386
13.568561600442816
3.4402361714545386
5.6389599123119405
3.4926758505685136
cpu
[0.175 0.32  0.057 0.18  0.18  0.166 0.098 0.202 0.107 0.325 0.126 0.133
 0.171 0.151 0.19  0.123 0.142 0.229 0.194 0.189 0.106 0.166 0.176 0.239
 0.163 0.259 0.086 0.472 0.191 0.167 0.368 0.246 0.238 0.152 0.171 0.18
 0.133 0.174 0.2   0.097 0.309 0.168 0.128 0.227 0.273 0.11  0.212 0.104
 0.103 0.075 0.188 0.143 0.084 0.131 0.111 0.141 0.205 0.103 0.144 0.134
 0.18  0.08  0.074 0.223 0.186 0.172 0.116 0.19  0.165 0.122 0.188 0.46
 0.103 0.116 0.13  0.172 0.121 0.157 0.35  0.153 0.226 0.195 0.115 0.195
 0.177 0.249 0.139 0.193 0.103 0.113]
[[0. 0. 1. 0. 0. 0. 0. 0. 0. 0.]
 [1. 0. 0. 0. 0. 0. 0. 0. 0. 0.]
 [0. 0. 0. 0. 0. 0. 1. 0. 0. 0.]
 [1. 0. 0. 0. 1. 0. 0. 0. 0. 0.]
 [0. 0. 0. 0. 0. 0. 0. 0. 0. 0.]
 [0. 0. 0. 0. 0. 0. 0. 0. 0. 0.]
 [0. 0. 0. 0. 0. 0. 0. 0. 0. 0.]
 [0. 0. 0. 0. 0. 0. 0. 0. 0. 1.]
 [0. 0. 0. 0. 0. 0. 1. 0. 0. 1.]
 [0. 0. 0. 0. 1. 0. 0. 0. 0. 0.]]
[0. 1. 0. 0. 0. 0. 0. 0. 0. 1. 0. 0. 0. 0. 0. 0. 0. 0. 0. 0. 0. 0. 0. 1.
 0. 0. 0. 1. 0. 0. 1. 0. 0. 0. 0. 0. 0. 0. 0. 0. 0. 0. 0. 0. 0. 0. 0. 0.
 0. 0. 0. 0. 0. 0. 0. 0. 0. 0. 0. 0. 0. 0. 0. 0. 0. 0. 0. 0. 0. 0. 0. 1.
 0. 0. 0. 0. 0. 0. 1. 0. 1. 0. 0. 0. 0. 1. 0. 0. 0. 0.]
aucroc, aucpr (0.9807956104252401, 0.8810185185185185)
Objective function 9.30 = squared loss an data 6.22 + 0.5*rho*h**2 0.440496 + alpha*h 0.093786 + L2reg 0.60 + L1reg 1.92 + box penalty 0.03 ; SHD = 4 ; DAG True
Proportion of microbatches that were clipped up to now since start  [0.668695930791413, 0.48085549503364305, 0.6592438321050945, 0.43663889778917014, 0.6495514258250561, 0.6234380006408202]
iteration 3 in inner loop, alpha 0.9991951829810599 rho 100.0 h 0.09386121572845596
iteration 2 in outer loop, alpha = 10.385316755826656, rho = 100.0, h = 0.09386121572845596
cpu
cpu
[0.175 0.32  0.057 0.18  0.18  0.166 0.098 0.202 0.107 0.325 0.126 0.133
 0.171 0.151 0.19  0.123 0.142 0.229 0.194 0.189 0.106 0.166 0.176 0.239
 0.163 0.259 0.086 0.472 0.191 0.167 0.368 0.246 0.238 0.152 0.171 0.18
 0.133 0.174 0.2   0.097 0.309 0.168 0.128 0.227 0.273 0.11  0.212 0.104
 0.103 0.075 0.188 0.143 0.084 0.131 0.111 0.141 0.205 0.103 0.144 0.134
 0.18  0.08  0.074 0.223 0.186 0.172 0.116 0.19  0.165 0.122 0.188 0.46
 0.103 0.116 0.13  0.172 0.121 0.157 0.35  0.153 0.226 0.195 0.115 0.195
 0.177 0.249 0.139 0.193 0.103 0.113]
[[0. 0. 1. 0. 0. 0. 0. 0. 0. 0.]
 [1. 0. 0. 0. 0. 0. 0. 0. 0. 0.]
 [0. 0. 0. 0. 0. 0. 1. 0. 0. 0.]
 [1. 0. 0. 0. 1. 0. 0. 0. 0. 0.]
 [0. 0. 0. 0. 0. 0. 0. 0. 0. 0.]
 [0. 0. 0. 0. 0. 0. 0. 0. 0. 0.]
 [0. 0. 0. 0. 0. 0. 0. 0. 0. 0.]
 [0. 0. 0. 0. 0. 0. 0. 0. 0. 1.]
 [0. 0. 0. 0. 0. 0. 1. 0. 0. 1.]
 [0. 0. 0. 0. 1. 0. 0. 0. 0. 0.]]
[0. 1. 0. 0. 0. 0. 0. 0. 0. 1. 0. 0. 0. 0. 0. 0. 0. 0. 0. 0. 0. 0. 0. 1.
 0. 0. 0. 1. 0. 0. 1. 0. 0. 0. 0. 0. 0. 0. 0. 0. 0. 0. 0. 0. 0. 0. 0. 0.
 0. 0. 0. 0. 0. 0. 0. 0. 0. 0. 0. 0. 0. 0. 0. 0. 0. 0. 0. 0. 0. 0. 0. 1.
 0. 0. 0. 0. 0. 0. 1. 0. 1. 0. 0. 0. 0. 1. 0. 0. 0. 0.]
aucroc, aucpr (0.9807956104252401, 0.8810185185185185)
Objective function 10.18 = squared loss an data 6.22 + 0.5*rho*h**2 0.440496 + alpha*h 0.974778 + L2reg 0.60 + L1reg 1.92 + box penalty 0.03 ; SHD = 4 ; DAG True
Grad norm per param group for one microbatch
10.995086471782427
2.50235204873285
10.82208369991993
2.50235204873285
4.530234117847735
2.7630945699802996
Grad norm per param group for one microbatch
7.274137746353973
1.092230087899583
6.674202362390044
1.092230087899583
2.4839637968790607
1.5461482589368616
Grad norm per param group for one microbatch
15.681443300726999
3.1716377541060905
15.455526715378058
3.1716377541060905
6.1252455972827775
3.7565684312042458
Grad norm per param group for one microbatch
10.755478421999085
3.4141973168318285
10.748327293188284
3.4141973168318285
5.4953970472437605
3.291786589133094
Grad norm per param group for one microbatch
8.985300472211149
2.5011450222660305
9.214614486968836
2.5011450222660305
4.035096834342691
2.442959601317801
Grad norm per param group for one microbatch
9.155556361274714
3.0022568890782426
8.980762606072117
3.0022568890782426
4.618051274961721
2.845857039282834
Grad norm per param group for one microbatch
10.192100436563138
2.28230188219948
10.227645303624062
2.28230188219948
5.6439782963659395
3.4939860286294535
Grad norm per param group for one microbatch
11.391561546104029
3.4606770389411703
11.184623557247642
3.4606770389411703
5.199717867850853
3.1885434247627336
Grad norm per param group for one microbatch
9.78005031251958
3.216426168730738
9.806301066299625
3.216426168730738
4.581365064161726
2.9153571799194062
Grad norm per param group for one microbatch
16.25988204855941
3.1285576025621253
16.3929603600069
3.1285576025621253
5.542023445686734
3.5364496393655673
Grad norm per param group for one microbatch
13.469232528716793
3.2601487736199646
13.363750932936885
3.2601487736199646
4.946685028871039
3.1574928456136564
Grad norm per param group for one microbatch
8.457372938242491
2.497785806656276
8.761112088331972
2.497785806656276
4.571641769045512
2.9124747313820976
Grad norm per param group for one microbatch
6.7823893163812174
2.2288117763445787
6.6128046974931065
2.2288117763445787
3.7349932543487028
2.3068609341141904
Grad norm per param group for one microbatch
17.512694427573994
3.4602074524075976
17.27831268834239
3.4602074524075976
5.776738451036195
3.5335975101097548
Grad norm per param group for one microbatch
10.675928708601317
2.836839322748219
10.61928229618412
2.836839322748219
5.35524853080729
3.305454268057879
Grad norm per param group for one microbatch
20.849046165037358
4.665524792851335
20.726973702294867
4.665524792851335
7.587062383867348
4.699370746118786
Grad norm per param group for one microbatch
18.431323398177877
4.544495611179145
18.571137855919712
4.544495611179145
7.0729434066564405
4.190603340037861
Grad norm per param group for one microbatch
14.913064818872177
3.2573392340606193
14.627484373873074
3.2573392340606193
6.843440733894316
4.253044999172711
Grad norm per param group for one microbatch
8.445569782417593
2.128618066735793
8.519335979596987
2.128618066735793
4.568269617635224
2.9120729260899214
Grad norm per param group for one microbatch
20.480309391135037
3.75460175928562
20.46622809989902
3.75460175928562
6.2534993647875625
3.8182153762939963
Grad norm per param group for one microbatch
15.564146324586194
3.850557014856482
15.585254812369085
3.850557014856482
6.507461219185144
4.070923807847576
cpu
[0.083 0.147 0.089 0.203 0.215 0.093 0.191 0.165 0.164 0.287 0.124 0.226
 0.128 0.154 0.233 0.114 0.06  0.13  0.227 0.151 0.196 0.078 0.129 0.174
 0.096 0.109 0.104 0.416 0.066 0.102 0.209 0.102 0.152 0.153 0.102 0.171
 0.081 0.136 0.209 0.13  0.088 0.194 0.093 0.064 0.185 0.078 0.099 0.131
 0.17  0.232 0.159 0.109 0.128 0.071 0.127 0.094 0.236 0.146 0.106 0.09
 0.091 0.073 0.136 0.103 0.131 0.118 0.147 0.14  0.135 0.154 0.239 0.478
 0.183 0.252 0.2   0.111 0.227 0.231 0.251 0.117 0.419 0.139 0.131 0.11
 0.119 0.279 0.101 0.103 0.057 0.07 ]
[[0. 0. 1. 0. 0. 0. 0. 0. 0. 0.]
 [1. 0. 0. 0. 0. 0. 0. 0. 0. 0.]
 [0. 0. 0. 0. 0. 0. 1. 0. 0. 0.]
 [1. 0. 0. 0. 1. 0. 0. 0. 0. 0.]
 [0. 0. 0. 0. 0. 0. 0. 0. 0. 0.]
 [0. 0. 0. 0. 0. 0. 0. 0. 0. 0.]
 [0. 0. 0. 0. 0. 0. 0. 0. 0. 0.]
 [0. 0. 0. 0. 0. 0. 0. 0. 0. 1.]
 [0. 0. 0. 0. 0. 0. 1. 0. 0. 1.]
 [0. 0. 0. 0. 1. 0. 0. 0. 0. 0.]]
[0. 1. 0. 0. 0. 0. 0. 0. 0. 1. 0. 0. 0. 0. 0. 0. 0. 0. 0. 0. 0. 0. 0. 1.
 0. 0. 0. 1. 0. 0. 1. 0. 0. 0. 0. 0. 0. 0. 0. 0. 0. 0. 0. 0. 0. 0. 0. 0.
 0. 0. 0. 0. 0. 0. 0. 0. 0. 0. 0. 0. 0. 0. 0. 0. 0. 0. 0. 0. 0. 0. 0. 1.
 0. 0. 0. 0. 0. 0. 1. 0. 1. 0. 0. 0. 0. 1. 0. 0. 0. 0.]
aucroc, aucpr (0.9204389574759945, 0.7570491084422972)
Objective function 9.93 = squared loss an data 6.75 + 0.5*rho*h**2 0.088420 + alpha*h 0.436727 + L2reg 0.62 + L1reg 1.97 + box penalty 0.06 ; SHD = 6 ; DAG True
Proportion of microbatches that were clipped up to now since start  [0.7164763197827649, 0.5650507147991375, 0.710486382876767, 0.5247184729654181, 0.6948326810957591, 0.6508266112930278]
iteration 1 in inner loop, alpha 10.385316755826656 rho 100.0 h 0.042052385563998484
cpu
[0.083 0.147 0.089 0.203 0.215 0.093 0.191 0.165 0.164 0.287 0.124 0.226
 0.128 0.154 0.233 0.114 0.06  0.13  0.227 0.151 0.196 0.078 0.129 0.174
 0.096 0.109 0.104 0.416 0.066 0.102 0.209 0.102 0.152 0.153 0.102 0.171
 0.081 0.136 0.209 0.13  0.088 0.194 0.093 0.064 0.185 0.078 0.099 0.131
 0.17  0.232 0.159 0.109 0.128 0.071 0.127 0.094 0.236 0.146 0.106 0.09
 0.091 0.073 0.136 0.103 0.131 0.118 0.147 0.14  0.135 0.154 0.239 0.478
 0.183 0.252 0.2   0.111 0.227 0.231 0.251 0.117 0.419 0.139 0.131 0.11
 0.119 0.279 0.101 0.103 0.057 0.07 ]
[[0. 0. 1. 0. 0. 0. 0. 0. 0. 0.]
 [1. 0. 0. 0. 0. 0. 0. 0. 0. 0.]
 [0. 0. 0. 0. 0. 0. 1. 0. 0. 0.]
 [1. 0. 0. 0. 1. 0. 0. 0. 0. 0.]
 [0. 0. 0. 0. 0. 0. 0. 0. 0. 0.]
 [0. 0. 0. 0. 0. 0. 0. 0. 0. 0.]
 [0. 0. 0. 0. 0. 0. 0. 0. 0. 0.]
 [0. 0. 0. 0. 0. 0. 0. 0. 0. 1.]
 [0. 0. 0. 0. 0. 0. 1. 0. 0. 1.]
 [0. 0. 0. 0. 1. 0. 0. 0. 0. 0.]]
[0. 1. 0. 0. 0. 0. 0. 0. 0. 1. 0. 0. 0. 0. 0. 0. 0. 0. 0. 0. 0. 0. 0. 1.
 0. 0. 0. 1. 0. 0. 1. 0. 0. 0. 0. 0. 0. 0. 0. 0. 0. 0. 0. 0. 0. 0. 0. 0.
 0. 0. 0. 0. 0. 0. 0. 0. 0. 0. 0. 0. 0. 0. 0. 0. 0. 0. 0. 0. 0. 0. 0. 1.
 0. 0. 0. 0. 0. 0. 1. 0. 1. 0. 0. 0. 0. 1. 0. 0. 0. 0.]
aucroc, aucpr (0.9204389574759945, 0.7570491084422972)
Objective function 10.72 = squared loss an data 6.75 + 0.5*rho*h**2 0.884202 + alpha*h 0.436727 + L2reg 0.62 + L1reg 1.97 + box penalty 0.06 ; SHD = 6 ; DAG True
Grad norm per param group for one microbatch
17.665464252337912
3.7817011749791014
18.240067030304193
3.7817011749791014
6.329609962955348
4.091333870791243
Grad norm per param group for one microbatch
16.88583561435064
3.784851742138685
16.936060435879014
3.784851742138685
6.794970575158972
4.090427012635751
Grad norm per param group for one microbatch
15.371434643440656
3.200976063942605
15.527184876692898
3.200976063942605
6.4157659513593375
4.122202197700012
Grad norm per param group for one microbatch
24.655939162643286
4.904479421465963
24.556488179256757
4.904479421465963
7.628160498106537
4.740634381603845
Grad norm per param group for one microbatch
16.413541767730205
4.232085715624748
16.348176687921434
4.232085715624748
7.092756583598189
4.455649641242014
Grad norm per param group for one microbatch
7.056958531364226
2.149580790762424
7.278630235715176
2.149580790762424
3.701656963681226
2.2844776658984163
Grad norm per param group for one microbatch
16.477582346811804
3.7145909692679187
16.52459665743273
3.7145909692679187
7.031015330884307
4.529968683370404
Grad norm per param group for one microbatch
32.44590144399127
5.879260398930637
32.467172298024984
5.879260398930637
7.855826806433415
5.064616378161138
Grad norm per param group for one microbatch
17.73675472529892
3.878459542495593
18.014853311711203
3.878459542495593
7.583330505982859
4.82817685490049
Grad norm per param group for one microbatch
10.900984032462675
2.7790054948376417
10.774130760998641
2.7790054948376417
5.245906029661464
3.22122893859615
Grad norm per param group for one microbatch
13.046181691173857
3.3971015669904494
13.239168414980638
3.3971015669904494
5.024728993094344
3.1827807623624578
Grad norm per param group for one microbatch
22.229473280226685
4.304119354054411
22.279379742499845
4.304119354054411
6.518736434183376
3.938129879317887
Grad norm per param group for one microbatch
8.179718650451846
2.07815800186115
8.143320939613488
2.07815800186115
4.1708583094080005
2.514197572329326
cpu
[0.044 0.178 0.053 0.097 0.175 0.128 0.079 0.096 0.162 0.382 0.12  0.118
 0.147 0.122 0.111 0.059 0.066 0.156 0.26  0.15  0.095 0.099 0.172 0.187
 0.092 0.106 0.155 0.488 0.139 0.172 0.159 0.161 0.356 0.092 0.088 0.198
 0.18  0.09  0.187 0.068 0.136 0.157 0.053 0.149 0.191 0.092 0.088 0.062
 0.117 0.08  0.114 0.169 0.103 0.187 0.103 0.109 0.171 0.053 0.102 0.106
 0.094 0.033 0.078 0.141 0.188 0.191 0.187 0.309 0.096 0.18  0.076 0.71
 0.114 0.183 0.145 0.118 0.093 0.132 0.386 0.137 0.236 0.09  0.087 0.09
 0.073 0.171 0.092 0.182 0.026 0.048]
[[0. 0. 1. 0. 0. 0. 0. 0. 0. 0.]
 [1. 0. 0. 0. 0. 0. 0. 0. 0. 0.]
 [0. 0. 0. 0. 0. 0. 1. 0. 0. 0.]
 [1. 0. 0. 0. 1. 0. 0. 0. 0. 0.]
 [0. 0. 0. 0. 0. 0. 0. 0. 0. 0.]
 [0. 0. 0. 0. 0. 0. 0. 0. 0. 0.]
 [0. 0. 0. 0. 0. 0. 0. 0. 0. 0.]
 [0. 0. 0. 0. 0. 0. 0. 0. 0. 1.]
 [0. 0. 0. 0. 0. 0. 1. 0. 0. 1.]
 [0. 0. 0. 0. 1. 0. 0. 0. 0. 0.]]
[0. 1. 0. 0. 0. 0. 0. 0. 0. 1. 0. 0. 0. 0. 0. 0. 0. 0. 0. 0. 0. 0. 0. 1.
 0. 0. 0. 1. 0. 0. 1. 0. 0. 0. 0. 0. 0. 0. 0. 0. 0. 0. 0. 0. 0. 0. 0. 0.
 0. 0. 0. 0. 0. 0. 0. 0. 0. 0. 0. 0. 0. 0. 0. 0. 0. 0. 0. 0. 0. 0. 0. 1.
 0. 0. 0. 0. 0. 0. 1. 0. 1. 0. 0. 0. 0. 1. 0. 0. 0. 0.]
aucroc, aucpr (0.9108367626886145, 0.6614814814814816)
Objective function 10.15 = squared loss an data 7.06 + 0.5*rho*h**2 0.180899 + alpha*h 0.197539 + L2reg 0.60 + L1reg 2.06 + box penalty 0.05 ; SHD = 7 ; DAG True
Proportion of microbatches that were clipped up to now since start  [0.7731004507405023, 0.619607211848036, 0.7666613007083065, 0.5820186735350934, 0.7277044430135222, 0.6960721184803605]
iteration 2 in inner loop, alpha 10.385316755826656 rho 1000.0 h 0.019020979278934647
iteration 3 in outer loop, alpha = 29.406296034761304, rho = 1000.0, h = 0.019020979278934647
cpu
cpu
[0.044 0.178 0.053 0.097 0.175 0.128 0.079 0.096 0.162 0.382 0.12  0.118
 0.147 0.122 0.111 0.059 0.066 0.156 0.26  0.15  0.095 0.099 0.172 0.187
 0.092 0.106 0.155 0.488 0.139 0.172 0.159 0.161 0.356 0.092 0.088 0.198
 0.18  0.09  0.187 0.068 0.136 0.157 0.053 0.149 0.191 0.092 0.088 0.062
 0.117 0.08  0.114 0.169 0.103 0.187 0.103 0.109 0.171 0.053 0.102 0.106
 0.094 0.033 0.078 0.141 0.188 0.191 0.187 0.309 0.096 0.18  0.076 0.71
 0.114 0.183 0.145 0.118 0.093 0.132 0.386 0.137 0.236 0.09  0.087 0.09
 0.073 0.171 0.092 0.182 0.026 0.048]
[[0. 0. 1. 0. 0. 0. 0. 0. 0. 0.]
 [1. 0. 0. 0. 0. 0. 0. 0. 0. 0.]
 [0. 0. 0. 0. 0. 0. 1. 0. 0. 0.]
 [1. 0. 0. 0. 1. 0. 0. 0. 0. 0.]
 [0. 0. 0. 0. 0. 0. 0. 0. 0. 0.]
 [0. 0. 0. 0. 0. 0. 0. 0. 0. 0.]
 [0. 0. 0. 0. 0. 0. 0. 0. 0. 0.]
 [0. 0. 0. 0. 0. 0. 0. 0. 0. 1.]
 [0. 0. 0. 0. 0. 0. 1. 0. 0. 1.]
 [0. 0. 0. 0. 1. 0. 0. 0. 0. 0.]]
[0. 1. 0. 0. 0. 0. 0. 0. 0. 1. 0. 0. 0. 0. 0. 0. 0. 0. 0. 0. 0. 0. 0. 1.
 0. 0. 0. 1. 0. 0. 1. 0. 0. 0. 0. 0. 0. 0. 0. 0. 0. 0. 0. 0. 0. 0. 0. 0.
 0. 0. 0. 0. 0. 0. 0. 0. 0. 0. 0. 0. 0. 0. 0. 0. 0. 0. 0. 0. 0. 0. 0. 1.
 0. 0. 0. 0. 0. 0. 1. 0. 1. 0. 0. 0. 0. 1. 0. 0. 0. 0.]
aucroc, aucpr (0.9108367626886145, 0.6614814814814816)
Objective function 10.51 = squared loss an data 7.06 + 0.5*rho*h**2 0.180899 + alpha*h 0.559337 + L2reg 0.60 + L1reg 2.06 + box penalty 0.05 ; SHD = 7 ; DAG True
Grad norm per param group for one microbatch
32.867686623779754
5.18376782676515
32.92284486145563
5.18376782676515
9.228028407515417
5.837087684701834
Grad norm per param group for one microbatch
14.6277238266803
3.474739275770592
14.414083024934353
3.474739275770592
5.43889649867195
3.3046067165856443
Grad norm per param group for one microbatch
23.15495107603519
4.599654922875881
23.064006764675543
4.599654922875881
7.16990733162237
4.375503836158519
Grad norm per param group for one microbatch
9.458567301177318
2.94474915177821
9.8822307921909
2.94474915177821
5.025900285977214
3.1152381588013593
Grad norm per param group for one microbatch
13.951160489845348
3.318083788770617
13.83797111351496
3.318083788770617
5.767685484859974
3.6721719274417723
Grad norm per param group for one microbatch
9.972896052670205
2.4606475427177723
9.759587178697064
2.4606475427177723
5.511543856335228
3.420760529804952
Grad norm per param group for one microbatch
17.269299968886216
3.648638521223683
17.498074030956897
3.648638521223683
6.221620652348486
3.9026636863361484
cpu
[0.048 0.158 0.018 0.089 0.084 0.061 0.134 0.066 0.146 0.421 0.213 0.118
 0.078 0.093 0.043 0.057 0.106 0.149 0.212 0.076 0.055 0.109 0.171 0.078
 0.055 0.15  0.074 0.546 0.096 0.25  0.125 0.079 0.332 0.087 0.106 0.11
 0.146 0.096 0.108 0.12  0.116 0.072 0.061 0.132 0.07  0.191 0.143 0.085
 0.157 0.087 0.141 0.154 0.054 0.144 0.196 0.221 0.251 0.06  0.187 0.121
 0.08  0.039 0.124 0.077 0.205 0.152 0.152 0.178 0.156 0.108 0.189 0.689
 0.175 0.154 0.091 0.211 0.135 0.239 0.429 0.059 0.352 0.068 0.115 0.121
 0.113 0.333 0.071 0.14  0.017 0.035]
[[0. 0. 1. 0. 0. 0. 0. 0. 0. 0.]
 [1. 0. 0. 0. 0. 0. 0. 0. 0. 0.]
 [0. 0. 0. 0. 0. 0. 1. 0. 0. 0.]
 [1. 0. 0. 0. 1. 0. 0. 0. 0. 0.]
 [0. 0. 0. 0. 0. 0. 0. 0. 0. 0.]
 [0. 0. 0. 0. 0. 0. 0. 0. 0. 0.]
 [0. 0. 0. 0. 0. 0. 0. 0. 0. 0.]
 [0. 0. 0. 0. 0. 0. 0. 0. 0. 1.]
 [0. 0. 0. 0. 0. 0. 1. 0. 0. 1.]
 [0. 0. 0. 0. 1. 0. 0. 0. 0. 0.]]
[0. 1. 0. 0. 0. 0. 0. 0. 0. 1. 0. 0. 0. 0. 0. 0. 0. 0. 0. 0. 0. 0. 0. 1.
 0. 0. 0. 1. 0. 0. 1. 0. 0. 0. 0. 0. 0. 0. 0. 0. 0. 0. 0. 0. 0. 0. 0. 0.
 0. 0. 0. 0. 0. 0. 0. 0. 0. 0. 0. 0. 0. 0. 0. 0. 0. 0. 0. 0. 0. 0. 0. 1.
 0. 0. 0. 0. 0. 0. 1. 0. 1. 0. 0. 0. 0. 1. 0. 0. 0. 0.]
aucroc, aucpr (0.8518518518518517, 0.7368691909425489)
Objective function 10.35 = squared loss an data 7.23 + 0.5*rho*h**2 0.116363 + alpha*h 0.448604 + L2reg 0.56 + L1reg 1.94 + box penalty 0.06 ; SHD = 4 ; DAG True
Proportion of microbatches that were clipped up to now since start  [0.7742893849365665, 0.581018146780151, 0.7656174722980569, 0.5431989722177614, 0.7461859643488036, 0.7117392002569456]
iteration 1 in inner loop, alpha 29.406296034761304 rho 1000.0 h 0.015255375133062188
cpu
[0.048 0.158 0.018 0.089 0.084 0.061 0.134 0.066 0.146 0.421 0.213 0.118
 0.078 0.093 0.043 0.057 0.106 0.149 0.212 0.076 0.055 0.109 0.171 0.078
 0.055 0.15  0.074 0.546 0.096 0.25  0.125 0.079 0.332 0.087 0.106 0.11
 0.146 0.096 0.108 0.12  0.116 0.072 0.061 0.132 0.07  0.191 0.143 0.085
 0.157 0.087 0.141 0.154 0.054 0.144 0.196 0.221 0.251 0.06  0.187 0.121
 0.08  0.039 0.124 0.077 0.205 0.152 0.152 0.178 0.156 0.108 0.189 0.689
 0.175 0.154 0.091 0.211 0.135 0.239 0.429 0.059 0.352 0.068 0.115 0.121
 0.113 0.333 0.071 0.14  0.017 0.035]
[[0. 0. 1. 0. 0. 0. 0. 0. 0. 0.]
 [1. 0. 0. 0. 0. 0. 0. 0. 0. 0.]
 [0. 0. 0. 0. 0. 0. 1. 0. 0. 0.]
 [1. 0. 0. 0. 1. 0. 0. 0. 0. 0.]
 [0. 0. 0. 0. 0. 0. 0. 0. 0. 0.]
 [0. 0. 0. 0. 0. 0. 0. 0. 0. 0.]
 [0. 0. 0. 0. 0. 0. 0. 0. 0. 0.]
 [0. 0. 0. 0. 0. 0. 0. 0. 0. 1.]
 [0. 0. 0. 0. 0. 0. 1. 0. 0. 1.]
 [0. 0. 0. 0. 1. 0. 0. 0. 0. 0.]]
[0. 1. 0. 0. 0. 0. 0. 0. 0. 1. 0. 0. 0. 0. 0. 0. 0. 0. 0. 0. 0. 0. 0. 1.
 0. 0. 0. 1. 0. 0. 1. 0. 0. 0. 0. 0. 0. 0. 0. 0. 0. 0. 0. 0. 0. 0. 0. 0.
 0. 0. 0. 0. 0. 0. 0. 0. 0. 0. 0. 0. 0. 0. 0. 0. 0. 0. 0. 0. 0. 0. 0. 1.
 0. 0. 0. 0. 0. 0. 1. 0. 1. 0. 0. 0. 0. 1. 0. 0. 0. 0.]
aucroc, aucpr (0.8518518518518517, 0.7368691909425489)
Objective function 11.40 = squared loss an data 7.23 + 0.5*rho*h**2 1.163632 + alpha*h 0.448604 + L2reg 0.56 + L1reg 1.94 + box penalty 0.06 ; SHD = 4 ; DAG True
Grad norm per param group for one microbatch
17.179250930365164
3.4878653794281975
16.999230472054474
3.4878653794281975
7.926025430034031
4.671293196050043
Grad norm per param group for one microbatch
8.74507029521533
1.9510346924209934
8.282631756391233
1.9510346924209934
4.866819879661662
2.923170850810643
Grad norm per param group for one microbatch
14.098028288425061
3.250738640605454
14.0901575302523
3.250738640605454
6.135822701751931
3.688522145947083
Grad norm per param group for one microbatch
12.112937408835599
2.803155567764267
12.213148779137775
2.803155567764267
5.546557724387082
3.4290143420014814
Grad norm per param group for one microbatch
9.754867342455174
2.3224020130888263
10.023746367090476
2.3224020130888263
3.8037882628715862
2.4183300654099393
Grad norm per param group for one microbatch
13.334075637554065
3.175954771708303
13.158419201282381
3.175954771708303
5.753027263343634
3.514615578807296
Grad norm per param group for one microbatch
29.524514702398147
4.9136194279365455
29.287596546644068
4.9136194279365455
8.88655543776327
5.478532298472742
Grad norm per param group for one microbatch
10.11898284235765
2.06083585210979
10.091161841774968
2.06083585210979
5.412055156222311
3.3475955615846718
Grad norm per param group for one microbatch
27.510730925200505
4.9531609962582035
27.57550325817101
4.9531609962582035
7.92515984759357
4.918773364140919
Grad norm per param group for one microbatch
35.35457385713098
4.938959444646735
35.276732776744645
4.938959444646735
9.847451232059424
6.0913655089413075
Grad norm per param group for one microbatch
17.797103539169015
3.933678901412262
17.763731880215918
3.933678901412262
5.79330583451505
3.597715267577032
Grad norm per param group for one microbatch
37.66624367581455
6.336230500542607
37.621630618761735
6.336230500542607
10.20178099731261
6.358649203287231
Grad norm per param group for one microbatch
9.410312720358037
1.668024572955699
8.923833502480479
1.668024572955699
3.8873095508813376
2.416313018879942
cpu
[0.016 0.027 0.021 0.116 0.061 0.092 0.054 0.034 0.102 0.516 0.281 0.093
 0.121 0.235 0.151 0.053 0.067 0.065 0.365 0.031 0.053 0.043 0.114 0.268
 0.059 0.083 0.118 0.507 0.125 0.147 0.19  0.097 0.249 0.108 0.092 0.21
 0.106 0.046 0.188 0.05  0.066 0.114 0.027 0.037 0.035 0.145 0.046 0.121
 0.085 0.144 0.148 0.049 0.081 0.158 0.136 0.03  0.046 0.031 0.08  0.098
 0.091 0.014 0.168 0.251 0.173 0.093 0.063 0.337 0.205 0.053 0.148 0.735
 0.167 0.104 0.128 0.074 0.148 0.103 0.579 0.074 0.525 0.107 0.106 0.099
 0.055 0.286 0.056 0.087 0.009 0.019]
[[0. 0. 1. 0. 0. 0. 0. 0. 0. 0.]
 [1. 0. 0. 0. 0. 0. 0. 0. 0. 0.]
 [0. 0. 0. 0. 0. 0. 1. 0. 0. 0.]
 [1. 0. 0. 0. 1. 0. 0. 0. 0. 0.]
 [0. 0. 0. 0. 0. 0. 0. 0. 0. 0.]
 [0. 0. 0. 0. 0. 0. 0. 0. 0. 0.]
 [0. 0. 0. 0. 0. 0. 0. 0. 0. 0.]
 [0. 0. 0. 0. 0. 0. 0. 0. 0. 1.]
 [0. 0. 0. 0. 0. 0. 1. 0. 0. 1.]
 [0. 0. 0. 0. 1. 0. 0. 0. 0. 0.]]
[0. 1. 0. 0. 0. 0. 0. 0. 0. 1. 0. 0. 0. 0. 0. 0. 0. 0. 0. 0. 0. 0. 0. 1.
 0. 0. 0. 1. 0. 0. 1. 0. 0. 0. 0. 0. 0. 0. 0. 0. 0. 0. 0. 0. 0. 0. 0. 0.
 0. 0. 0. 0. 0. 0. 0. 0. 0. 0. 0. 0. 0. 0. 0. 0. 0. 0. 0. 0. 0. 0. 0. 1.
 0. 0. 0. 0. 0. 0. 1. 0. 1. 0. 0. 0. 0. 1. 0. 0. 0. 0.]
aucroc, aucpr (0.879286694101509, 0.7841269841269842)
Objective function 10.34 = squared loss an data 7.45 + 0.5*rho*h**2 0.163024 + alpha*h 0.167912 + L2reg 0.53 + L1reg 2.00 + box penalty 0.04 ; SHD = 5 ; DAG True
Proportion of microbatches that were clipped up to now since start  [0.8354967948717948, 0.5600961538461539, 0.8290064102564103, 0.5209134615384615, 0.7612179487179487, 0.7236378205128206]
iteration 2 in inner loop, alpha 29.406296034761304 rho 10000.0 h 0.005710065098625705
cpu
[0.016 0.027 0.021 0.116 0.061 0.092 0.054 0.034 0.102 0.516 0.281 0.093
 0.121 0.235 0.151 0.053 0.067 0.065 0.365 0.031 0.053 0.043 0.114 0.268
 0.059 0.083 0.118 0.507 0.125 0.147 0.19  0.097 0.249 0.108 0.092 0.21
 0.106 0.046 0.188 0.05  0.066 0.114 0.027 0.037 0.035 0.145 0.046 0.121
 0.085 0.144 0.148 0.049 0.081 0.158 0.136 0.03  0.046 0.031 0.08  0.098
 0.091 0.014 0.168 0.251 0.173 0.093 0.063 0.337 0.205 0.053 0.148 0.735
 0.167 0.104 0.128 0.074 0.148 0.103 0.579 0.074 0.525 0.107 0.106 0.099
 0.055 0.286 0.056 0.087 0.009 0.019]
[[0. 0. 1. 0. 0. 0. 0. 0. 0. 0.]
 [1. 0. 0. 0. 0. 0. 0. 0. 0. 0.]
 [0. 0. 0. 0. 0. 0. 1. 0. 0. 0.]
 [1. 0. 0. 0. 1. 0. 0. 0. 0. 0.]
 [0. 0. 0. 0. 0. 0. 0. 0. 0. 0.]
 [0. 0. 0. 0. 0. 0. 0. 0. 0. 0.]
 [0. 0. 0. 0. 0. 0. 0. 0. 0. 0.]
 [0. 0. 0. 0. 0. 0. 0. 0. 0. 1.]
 [0. 0. 0. 0. 0. 0. 1. 0. 0. 1.]
 [0. 0. 0. 0. 1. 0. 0. 0. 0. 0.]]
[0. 1. 0. 0. 0. 0. 0. 0. 0. 1. 0. 0. 0. 0. 0. 0. 0. 0. 0. 0. 0. 0. 0. 1.
 0. 0. 0. 1. 0. 0. 1. 0. 0. 0. 0. 0. 0. 0. 0. 0. 0. 0. 0. 0. 0. 0. 0. 0.
 0. 0. 0. 0. 0. 0. 0. 0. 0. 0. 0. 0. 0. 0. 0. 0. 0. 0. 0. 0. 0. 0. 0. 1.
 0. 0. 0. 0. 0. 0. 1. 0. 1. 0. 0. 0. 0. 1. 0. 0. 0. 0.]
aucroc, aucpr (0.879286694101509, 0.7841269841269842)
Objective function 11.81 = squared loss an data 7.45 + 0.5*rho*h**2 1.630242 + alpha*h 0.167912 + L2reg 0.53 + L1reg 2.00 + box penalty 0.04 ; SHD = 5 ; DAG True
Grad norm per param group for one microbatch
15.72458743588217
2.72424698668794
15.477628557465586
2.72424698668794
5.1002915318359285
3.1278128923603292
Grad norm per param group for one microbatch
24.207318667274468
4.728109681101745
24.389364664096604
4.728109681101745
7.046881293142998
4.438443851440385
Grad norm per param group for one microbatch
15.30511321562005
3.1019723521077425
15.314903897544454
3.1019723521077425
6.215356053995946
3.730825591399175
Grad norm per param group for one microbatch
13.363838330595645
2.3359857432903572
13.296481282828845
2.3359857432903572
4.888571521961521
2.9984657217232433
Grad norm per param group for one microbatch
24.390403498313685
4.348515524782449
24.30710264028847
4.348515524782449
7.531412007267041
4.667122820231998
Grad norm per param group for one microbatch
19.44440955845621
2.6999459331629945
19.532789454039612
2.6999459331629945
5.585858145680006
3.3852774373212897
Grad norm per param group for one microbatch
15.58196638431433
2.667435496108436
15.76267819206807
2.667435496108436
6.582301454825678
3.9640089034041033
Grad norm per param group for one microbatch
21.175734961707636
3.5250843252387183
20.889920404180245
3.5250843252387183
7.338941612651561
4.517120957062954
Grad norm per param group for one microbatch
15.385249346372765
2.398388705782411
15.106638614033951
2.398388705782411
7.600035446154868
4.741335771239323
Grad norm per param group for one microbatch
14.854579150519646
2.5127041036349604
14.883906933926397
2.5127041036349604
4.9343323490072795
2.973116545723982
Grad norm per param group for one microbatch
12.590692038120535
1.5914787394607943
12.196484657494358
1.5914787394607943
5.844521153698941
3.5080092689735998
Grad norm per param group for one microbatch
15.14543336864029
1.9821761537859939
14.923025902819175
1.9821761537859939
4.421872604100685
2.6692687971986193
Grad norm per param group for one microbatch
28.134213840524122
4.88437860072966
28.273980974655043
4.88437860072966
8.957975498545276
5.318316085999074
Grad norm per param group for one microbatch
15.491998207155518
2.7669981200964524
15.322258437577165
2.7669981200964524
6.4487372612190965
4.016141828670318
cpu
[0.014 0.014 0.008 0.099 0.039 0.096 0.029 0.015 0.093 0.57  0.187 0.031
 0.305 0.049 0.12  0.101 0.033 0.153 0.529 0.013 0.024 0.098 0.079 0.344
 0.021 0.026 0.154 0.75  0.258 0.286 0.137 0.104 0.431 0.088 0.116 0.182
 0.071 0.014 0.063 0.044 0.039 0.183 0.017 0.027 0.44  0.134 0.117 0.08
 0.033 0.199 0.125 0.05  0.053 0.129 0.044 0.042 0.024 0.014 0.032 0.037
 0.075 0.014 0.035 0.16  0.063 0.23  0.094 0.374 0.13  0.072 0.072 0.728
 0.462 0.179 0.199 0.066 0.176 0.111 0.462 0.108 0.434 0.072 0.041 0.037
 0.023 0.014 0.027 0.161 0.011 0.013]
[[0. 0. 1. 0. 0. 0. 0. 0. 0. 0.]
 [1. 0. 0. 0. 0. 0. 0. 0. 0. 0.]
 [0. 0. 0. 0. 0. 0. 1. 0. 0. 0.]
 [1. 0. 0. 0. 1. 0. 0. 0. 0. 0.]
 [0. 0. 0. 0. 0. 0. 0. 0. 0. 0.]
 [0. 0. 0. 0. 0. 0. 0. 0. 0. 0.]
 [0. 0. 0. 0. 0. 0. 0. 0. 0. 0.]
 [0. 0. 0. 0. 0. 0. 0. 0. 0. 1.]
 [0. 0. 0. 0. 0. 0. 1. 0. 0. 1.]
 [0. 0. 0. 0. 1. 0. 0. 0. 0. 0.]]
[0. 1. 0. 0. 0. 0. 0. 0. 0. 1. 0. 0. 0. 0. 0. 0. 0. 0. 0. 0. 0. 0. 0. 1.
 0. 0. 0. 1. 0. 0. 1. 0. 0. 0. 0. 0. 0. 0. 0. 0. 0. 0. 0. 0. 0. 0. 0. 0.
 0. 0. 0. 0. 0. 0. 0. 0. 0. 0. 0. 0. 0. 0. 0. 0. 0. 0. 0. 0. 0. 0. 0. 1.
 0. 0. 0. 0. 0. 0. 1. 0. 1. 0. 0. 0. 0. 1. 0. 0. 0. 0.]
aucroc, aucpr (0.7544581618655694, 0.5890031396022681)
Objective function 10.34 = squared loss an data 7.51 + 0.5*rho*h**2 0.183177 + alpha*h 0.056285 + L2reg 0.44 + L1reg 2.10 + box penalty 0.05 ; SHD = 7 ; DAG True
Proportion of microbatches that were clipped up to now since start  [0.9958489662329368, 0.4750538836113994, 0.99433224235651, 0.43354354594076794, 0.7775205555999042, 0.7292248742715735]
iteration 3 in inner loop, alpha 29.406296034761304 rho 100000.0 h 0.0019140375801498521
iteration 4 in outer loop, alpha = 220.81005404974653, rho = 100000.0, h = 0.0019140375801498521
cpu
cpu
[0.014 0.014 0.008 0.099 0.039 0.096 0.029 0.015 0.093 0.57  0.187 0.031
 0.305 0.049 0.12  0.101 0.033 0.153 0.529 0.013 0.024 0.098 0.079 0.344
 0.021 0.026 0.154 0.75  0.258 0.286 0.137 0.104 0.431 0.088 0.116 0.182
 0.071 0.014 0.063 0.044 0.039 0.183 0.017 0.027 0.44  0.134 0.117 0.08
 0.033 0.199 0.125 0.05  0.053 0.129 0.044 0.042 0.024 0.014 0.032 0.037
 0.075 0.014 0.035 0.16  0.063 0.23  0.094 0.374 0.13  0.072 0.072 0.728
 0.462 0.179 0.199 0.066 0.176 0.111 0.462 0.108 0.434 0.072 0.041 0.037
 0.023 0.014 0.027 0.161 0.011 0.013]
[[0. 0. 1. 0. 0. 0. 0. 0. 0. 0.]
 [1. 0. 0. 0. 0. 0. 0. 0. 0. 0.]
 [0. 0. 0. 0. 0. 0. 1. 0. 0. 0.]
 [1. 0. 0. 0. 1. 0. 0. 0. 0. 0.]
 [0. 0. 0. 0. 0. 0. 0. 0. 0. 0.]
 [0. 0. 0. 0. 0. 0. 0. 0. 0. 0.]
 [0. 0. 0. 0. 0. 0. 0. 0. 0. 0.]
 [0. 0. 0. 0. 0. 0. 0. 0. 0. 1.]
 [0. 0. 0. 0. 0. 0. 1. 0. 0. 1.]
 [0. 0. 0. 0. 1. 0. 0. 0. 0. 0.]]
[0. 1. 0. 0. 0. 0. 0. 0. 0. 1. 0. 0. 0. 0. 0. 0. 0. 0. 0. 0. 0. 0. 0. 1.
 0. 0. 0. 1. 0. 0. 1. 0. 0. 0. 0. 0. 0. 0. 0. 0. 0. 0. 0. 0. 0. 0. 0. 0.
 0. 0. 0. 0. 0. 0. 0. 0. 0. 0. 0. 0. 0. 0. 0. 0. 0. 0. 0. 0. 0. 0. 0. 1.
 0. 0. 0. 0. 0. 0. 1. 0. 1. 0. 0. 0. 0. 1. 0. 0. 0. 0.]
aucroc, aucpr (0.7544581618655694, 0.5890031396022681)
Objective function 10.71 = squared loss an data 7.51 + 0.5*rho*h**2 0.183177 + alpha*h 0.422639 + L2reg 0.44 + L1reg 2.10 + box penalty 0.05 ; SHD = 7 ; DAG True
Grad norm per param group for one microbatch
78.77056378355972
2.9681687466020756
77.67695442683453
2.9681687466020756
8.508740725402019
5.196791497911419
Grad norm per param group for one microbatch
17.162749605490493
2.4354296737266856
17.648547134006755
2.4354296737266856
5.574082871181283
3.3226158694284336
Grad norm per param group for one microbatch
21.54872521675952
3.2986456055829714
21.70774960265382
3.2986456055829714
6.148341160012572
3.7583122788551813
Grad norm per param group for one microbatch
18.44060813251335
1.2967141864529312
18.322769001230434
1.2967141864529312
2.926921540882419
1.7941909814194845
Grad norm per param group for one microbatch
22.19404617495449
2.6439122263668606
22.438871113530016
2.6439122263668606
6.925246038560226
4.271061147233814
Grad norm per param group for one microbatch
20.484780329842028
3.6410843268770607
20.622887404742038
3.6410843268770607
7.0172377133020145
4.168719850903879
Grad norm per param group for one microbatch
15.377787971636733
2.590021913478281
15.465405726433714
2.590021913478281
6.253339202051965
3.8205276939002104
Grad norm per param group for one microbatch
24.050155566731227
4.174985329241186
24.024222824233657
4.174985329241186
8.891764265787847
5.480903575599876
Grad norm per param group for one microbatch
14.573466949947553
1.9255069324521397
14.533522182634595
1.9255069324521397
4.362722046319465
2.6764984673174865
Grad norm per param group for one microbatch
14.38371955735703
1.96452661525976
14.32324018552554
1.96452661525976
5.062888688115914
3.1510266778172
Grad norm per param group for one microbatch
13.804111762715257
1.7090650801500782
13.753482363250917
1.7090650801500782
5.365865123160893
3.2068490979907347
Grad norm per param group for one microbatch
25.327104053674578
3.86794236428884
25.369533514762487
3.86794236428884
7.944317495015686
4.868699825148893
Grad norm per param group for one microbatch
20.130482344448538
3.1796025723466457
20.169542013105403
3.1796025723466457
7.713692333416448
4.671250210196752
Grad norm per param group for one microbatch
21.85973152855518
3.523221427046675
21.78509812885202
3.523221427046675
7.376064080569273
4.695211897104765
cpu
[0.01  0.012 0.007 0.034 0.021 0.134 0.036 0.041 0.074 0.589 0.182 0.046
 0.091 0.099 0.073 0.131 0.091 0.111 0.518 0.046 0.023 0.108 0.033 0.391
 0.056 0.016 0.093 0.68  0.125 0.255 0.099 0.053 0.319 0.038 0.135 0.136
 0.155 0.069 0.042 0.059 0.07  0.067 0.021 0.052 0.442 0.203 0.041 0.129
 0.059 0.053 0.055 0.026 0.02  0.046 0.047 0.058 0.015 0.02  0.09  0.096
 0.027 0.01  0.03  0.107 0.034 0.129 0.09  0.304 0.145 0.118 0.078 0.94
 0.122 0.056 0.222 0.029 0.098 0.154 0.542 0.069 0.569 0.065 0.053 0.065
 0.034 0.01  0.14  0.149 0.005 0.005]
[[0. 0. 1. 0. 0. 0. 0. 0. 0. 0.]
 [1. 0. 0. 0. 0. 0. 0. 0. 0. 0.]
 [0. 0. 0. 0. 0. 0. 1. 0. 0. 0.]
 [1. 0. 0. 0. 1. 0. 0. 0. 0. 0.]
 [0. 0. 0. 0. 0. 0. 0. 0. 0. 0.]
 [0. 0. 0. 0. 0. 0. 0. 0. 0. 0.]
 [0. 0. 0. 0. 0. 0. 0. 0. 0. 0.]
 [0. 0. 0. 0. 0. 0. 0. 0. 0. 1.]
 [0. 0. 0. 0. 0. 0. 1. 0. 0. 1.]
 [0. 0. 0. 0. 1. 0. 0. 0. 0. 0.]]
[0. 1. 0. 0. 0. 0. 0. 0. 0. 1. 0. 0. 0. 0. 0. 0. 0. 0. 0. 0. 0. 0. 0. 1.
 0. 0. 0. 1. 0. 0. 1. 0. 0. 0. 0. 0. 0. 0. 0. 0. 0. 0. 0. 0. 0. 0. 0. 0.
 0. 0. 0. 0. 0. 0. 0. 0. 0. 0. 0. 0. 0. 0. 0. 0. 0. 0. 0. 0. 0. 0. 0. 1.
 0. 0. 0. 0. 0. 0. 1. 0. 1. 0. 0. 0. 0. 1. 0. 0. 0. 0.]
aucroc, aucpr (0.7530864197530864, 0.6854043620031993)
Objective function 10.64 = squared loss an data 7.54 + 0.5*rho*h**2 0.111514 + alpha*h 0.329760 + L2reg 0.40 + L1reg 2.20 + box penalty 0.05 ; SHD = 5 ; DAG True
Proportion of microbatches that were clipped up to now since start  [1.0, 0.35633646048656387, 1.0, 0.3123708061695023, 0.7851009699475274, 0.7307203052949595]
iteration 1 in inner loop, alpha 220.81005404974653 rho 100000.0 h 0.0014934091650857795
iteration 5 in outer loop, alpha = 1714.219219135526, rho = 1000000.0, h = 0.0014934091650857795
Threshold 0.3
[[0.006 0.01  0.012 0.007 0.034 0.021 0.134 0.036 0.041 0.074]
 [0.589 0.005 0.182 0.046 0.091 0.099 0.073 0.131 0.091 0.111]
 [0.518 0.046 0.005 0.023 0.108 0.033 0.391 0.056 0.016 0.093]
 [0.68  0.125 0.255 0.003 0.099 0.053 0.319 0.038 0.135 0.136]
 [0.155 0.069 0.042 0.059 0.006 0.07  0.067 0.021 0.052 0.442]
 [0.203 0.041 0.129 0.059 0.053 0.006 0.055 0.026 0.02  0.046]
 [0.047 0.058 0.015 0.02  0.09  0.096 0.005 0.027 0.01  0.03 ]
 [0.107 0.034 0.129 0.09  0.304 0.145 0.118 0.006 0.078 0.94 ]
 [0.122 0.056 0.222 0.029 0.098 0.154 0.542 0.069 0.005 0.569]
 [0.065 0.053 0.065 0.034 0.01  0.14  0.149 0.005 0.005 0.005]]
[[0.    0.    0.    0.    0.    0.    0.    0.    0.    0.   ]
 [0.589 0.    0.    0.    0.    0.    0.    0.    0.    0.   ]
 [0.518 0.    0.    0.    0.    0.    0.391 0.    0.    0.   ]
 [0.68  0.    0.    0.    0.    0.    0.319 0.    0.    0.   ]
 [0.    0.    0.    0.    0.    0.    0.    0.    0.    0.442]
 [0.    0.    0.    0.    0.    0.    0.    0.    0.    0.   ]
 [0.    0.    0.    0.    0.    0.    0.    0.    0.    0.   ]
 [0.    0.    0.    0.    0.304 0.    0.    0.    0.    0.94 ]
 [0.    0.    0.    0.    0.    0.    0.542 0.    0.    0.569]
 [0.    0.    0.    0.    0.    0.    0.    0.    0.    0.   ]]
{'fdr': 0.4, 'tpr': 0.6666666666666666, 'fpr': 0.1111111111111111, 'f1': 0.631578947368421, 'shd': 5, 'npred': 10, 'ntrue': 9}
[0.01  0.012 0.007 0.034 0.021 0.134 0.036 0.041 0.074 0.589 0.182 0.046
 0.091 0.099 0.073 0.131 0.091 0.111 0.518 0.046 0.023 0.108 0.033 0.391
 0.056 0.016 0.093 0.68  0.125 0.255 0.099 0.053 0.319 0.038 0.135 0.136
 0.155 0.069 0.042 0.059 0.07  0.067 0.021 0.052 0.442 0.203 0.041 0.129
 0.059 0.053 0.055 0.026 0.02  0.046 0.047 0.058 0.015 0.02  0.09  0.096
 0.027 0.01  0.03  0.107 0.034 0.129 0.09  0.304 0.145 0.118 0.078 0.94
 0.122 0.056 0.222 0.029 0.098 0.154 0.542 0.069 0.569 0.065 0.053 0.065
 0.034 0.01  0.14  0.149 0.005 0.005]
[[0. 0. 1. 0. 0. 0. 0. 0. 0. 0.]
 [1. 0. 0. 0. 0. 0. 0. 0. 0. 0.]
 [0. 0. 0. 0. 0. 0. 1. 0. 0. 0.]
 [1. 0. 0. 0. 1. 0. 0. 0. 0. 0.]
 [0. 0. 0. 0. 0. 0. 0. 0. 0. 0.]
 [0. 0. 0. 0. 0. 0. 0. 0. 0. 0.]
 [0. 0. 0. 0. 0. 0. 0. 0. 0. 0.]
 [0. 0. 0. 0. 0. 0. 0. 0. 0. 1.]
 [0. 0. 0. 0. 0. 0. 1. 0. 0. 1.]
 [0. 0. 0. 0. 1. 0. 0. 0. 0. 0.]]
[0. 1. 0. 0. 0. 0. 0. 0. 0. 1. 0. 0. 0. 0. 0. 0. 0. 0. 0. 0. 0. 0. 0. 1.
 0. 0. 0. 1. 0. 0. 1. 0. 0. 0. 0. 0. 0. 0. 0. 0. 0. 0. 0. 0. 0. 0. 0. 0.
 0. 0. 0. 0. 0. 0. 0. 0. 0. 0. 0. 0. 0. 0. 0. 0. 0. 0. 0. 0. 0. 0. 0. 1.
 0. 0. 0. 0. 0. 0. 1. 0. 1. 0. 0. 0. 0. 1. 0. 0. 0. 0.]
aucroc, aucpr (0.7530864197530864, 0.6854043620031993)
Iterations 2500
Achieves (13.610683049707138, 1e-05)-DP
