samples  5000  graph  30 90 ER mlp  minibatch size  100  noise  0.6  minibatches per NN training  63 quantile adaptive clipping
cuda
cuda
iteration 1 in inner loop,alpha 0.0 rho 1.0 h 2.115034010050131
iteration 1 in outer loop, alpha = 2.115034010050131, rho = 1.0, h = 2.115034010050131
cuda
iteration 1 in inner loop,alpha 2.115034010050131 rho 1.0 h 1.3374026753201562
iteration 2 in inner loop,alpha 2.115034010050131 rho 10.0 h 0.5764720350935555
iteration 3 in inner loop,alpha 2.115034010050131 rho 100.0 h 0.17913910773663844
iteration 2 in outer loop, alpha = 20.028944783713975, rho = 100.0, h = 0.17913910773663844
cuda
iteration 1 in inner loop,alpha 20.028944783713975 rho 100.0 h 0.0949224621470961
iteration 2 in inner loop,alpha 20.028944783713975 rho 1000.0 h 0.03329814416775889
iteration 3 in outer loop, alpha = 53.32708895147287, rho = 1000.0, h = 0.03329814416775889
cuda
iteration 1 in inner loop,alpha 53.32708895147287 rho 1000.0 h 0.01724082413716488
iteration 2 in inner loop,alpha 53.32708895147287 rho 10000.0 h 0.005465084446097279
iteration 4 in outer loop, alpha = 107.97793341244565, rho = 10000.0, h = 0.005465084446097279
cuda
iteration 1 in inner loop,alpha 107.97793341244565 rho 10000.0 h 0.0023544652618880946
iteration 2 in inner loop,alpha 107.97793341244565 rho 100000.0 h 0.0008139486820155639
iteration 5 in outer loop, alpha = 189.37280161400204, rho = 100000.0, h = 0.0008139486820155639
cuda
iteration 1 in inner loop,alpha 189.37280161400204 rho 100000.0 h 0.00035944244753949306
iteration 6 in outer loop, alpha = 548.8152491534951, rho = 1000000.0, h = 0.00035944244753949306
Threshold 0.3
[[0.006 0.001 0.001 2.206 0.001 0.001 0.    0.001 0.001 0.    0.    0.001
  0.    0.    0.    0.209 0.    0.    1.161 0.297 0.    0.    1.7   0.
  0.    0.    0.083 0.    0.107 0.   ]
 [1.067 0.003 0.37  0.421 0.001 0.124 0.001 0.431 0.001 0.    0.    1.071
  0.    0.    0.004 1.609 0.001 0.001 1.051 0.393 0.001 0.001 0.108 0.003
  0.    0.001 0.73  0.    0.203 0.001]
 [0.378 0.001 0.003 0.331 0.001 0.118 0.    0.258 0.    0.    0.    0.291
  0.    0.    0.    0.228 0.    0.001 0.165 0.219 0.    0.    0.139 0.
  0.    0.    0.35  0.    0.207 0.   ]
 [0.    0.    0.    0.006 0.    0.    0.001 0.    0.    0.    0.    0.
  0.    0.    0.    1.727 0.    0.    1.077 1.246 0.    0.    0.22  0.
  0.    0.    0.054 0.    0.14  0.   ]
 [0.205 0.174 0.232 0.188 0.002 0.131 0.008 0.142 0.001 0.    0.    0.253
  0.    0.001 0.002 0.245 0.    0.    0.138 0.262 0.    0.    0.091 0.
  0.    0.    0.133 0.    0.196 0.   ]
 [0.413 0.    0.001 0.165 0.001 0.002 0.001 0.001 0.    0.    0.    0.001
  0.    0.    0.    0.145 0.    0.    1.026 1.24  0.    0.    0.095 0.
  0.    0.    0.058 0.    1.206 0.   ]
 [0.077 0.223 0.152 0.152 0.052 0.123 0.001 0.078 0.604 0.004 0.03  0.096
  0.    0.005 0.    0.154 0.    0.001 0.862 0.119 0.028 0.064 0.088 0.003
  0.    0.001 0.131 0.    0.055 0.001]
 [1.048 0.    0.003 0.573 0.001 2.048 0.002 0.002 0.    0.    0.    0.002
  0.    0.    0.    0.209 0.    0.    0.159 1.238 0.    0.001 0.098 0.
  0.    0.    0.041 0.    0.208 0.   ]
 [0.162 0.251 0.116 0.203 0.134 0.086 0.001 0.17  0.001 0.004 0.092 0.117
  0.    0.015 0.    0.253 0.    0.001 0.145 1.164 0.1   0.166 0.131 0.012
  0.001 0.003 0.566 0.    0.105 0.002]
 [0.15  0.136 0.161 1.708 0.056 0.328 0.023 2.604 0.016 0.004 0.428 0.571
  0.002 3.404 0.018 0.34  0.003 0.476 0.112 0.211 0.294 0.101 0.388 0.109
  0.001 0.452 0.229 0.002 0.278 0.284]
 [1.068 0.105 0.121 2.135 0.149 0.167 0.033 0.228 0.004 0.001 0.001 0.251
  0.006 0.086 0.001 1.151 0.002 0.079 0.209 0.138 2.857 1.145 1.505 0.078
  0.001 0.28  0.14  0.002 0.098 0.081]
 [0.228 0.    0.002 0.322 0.001 0.116 0.002 0.283 0.001 0.    0.    0.003
  0.    0.    0.    0.198 0.    0.    0.215 0.347 0.    0.    1.458 0.002
  0.    0.    0.018 0.    0.14  0.   ]
 [1.123 0.912 0.067 0.18  0.006 1.876 0.652 0.11  0.174 0.028 0.059 0.259
  0.001 0.001 0.002 0.109 0.008 0.164 0.744 0.08  0.02  0.026 0.181 0.048
  0.003 3.178 0.158 0.004 1.06  0.462]
 [0.984 2.188 1.881 0.611 0.03  0.28  0.012 1.889 0.003 0.    0.005 1.914
  0.005 0.001 0.003 0.301 0.003 0.206 0.365 0.866 0.121 0.014 0.247 0.004
  0.    0.022 0.177 0.    0.273 0.071]
 [0.152 0.082 1.634 0.179 0.091 0.144 0.425 0.088 0.002 0.001 0.003 0.079
  0.008 0.038 0.    1.431 0.016 0.065 0.113 0.83  0.025 0.017 0.145 0.012
  0.005 0.084 0.023 0.028 0.049 0.06 ]
 [0.    0.    0.    0.001 0.    0.    0.    0.    0.    0.    0.    0.
  0.    0.    0.    0.003 0.    0.    0.033 0.275 0.    0.    0.004 0.
  0.    0.    0.002 0.    0.068 0.   ]
 [0.166 0.049 1.445 0.165 0.021 0.107 0.701 0.132 0.042 0.023 0.004 0.161
  0.006 0.002 0.002 0.106 0.001 0.041 0.105 0.841 0.056 0.022 0.078 0.028
  0.013 0.016 0.541 0.005 0.184 1.991]
 [0.153 0.136 0.164 1.687 1.376 0.093 0.193 0.297 0.155 0.    0.001 0.32
  0.    0.    0.003 1.18  0.    0.001 0.138 0.251 0.022 0.003 0.198 0.001
  0.    0.    0.145 0.    1.005 0.   ]
 [0.001 0.    0.    0.003 0.001 0.    0.001 0.    0.    0.    0.    0.001
  0.    0.    0.    0.052 0.    0.    0.007 0.006 0.    0.    0.006 0.
  0.    0.    0.008 0.    0.003 0.   ]
 [0.    0.    0.    0.001 0.    0.    0.    0.    0.    0.    0.    0.
  0.    0.    0.    0.001 0.    0.    0.061 0.003 0.    0.    0.003 0.
  0.    0.    0.001 0.    1.218 0.   ]
 [0.929 1.293 1.844 0.287 2.142 0.103 0.006 0.119 0.001 0.    0.    1.317
  0.001 0.002 0.003 0.641 0.001 0.01  0.165 1.046 0.002 0.001 0.207 0.003
  0.    0.004 0.294 0.003 0.136 0.004]
 [0.813 0.243 0.194 0.237 0.125 0.032 0.01  0.146 0.001 0.    0.    0.256
  0.004 0.027 0.003 0.319 0.003 0.05  0.158 0.141 0.46  0.001 0.089 0.035
  0.    0.108 0.093 0.001 0.102 0.023]
 [0.    0.    0.    0.003 0.001 0.    0.001 0.    0.    0.    0.    0.001
  0.    0.    0.    0.153 0.    0.    0.151 0.117 0.    0.    0.005 0.
  0.    0.    0.003 0.    0.234 0.   ]
 [1.232 0.075 0.085 0.143 0.108 0.034 0.071 0.289 0.004 0.002 0.003 0.111
  0.    0.04  0.003 0.091 0.005 0.196 0.108 0.107 0.081 0.002 0.095 0.001
  0.    0.001 0.023 0.    0.174 0.095]
 [0.057 0.248 0.02  0.295 0.106 0.174 0.08  0.435 0.001 4.12  1.093 0.23
  0.012 0.321 0.002 0.035 0.01  0.177 0.083 0.089 0.104 0.017 0.214 0.002
  0.001 1.693 0.039 0.003 0.748 0.154]
 [0.505 0.406 0.203 0.294 0.096 1.985 0.088 0.145 0.051 0.001 0.    0.066
  0.    0.015 0.002 0.159 0.002 0.392 0.19  0.207 0.116 0.003 0.077 0.257
  0.001 0.001 0.747 0.014 1.24  1.935]
 [0.003 0.002 0.    0.022 0.002 0.008 0.001 0.002 0.    0.    0.    0.061
  0.    0.    0.    0.266 0.    0.002 0.43  0.215 0.    0.001 1.66  0.002
  0.    0.    0.005 0.    1.198 0.   ]
 [0.227 0.026 0.014 0.137 2.215 0.183 0.034 1.754 0.023 0.003 0.013 2.067
  0.003 0.039 0.003 0.144 0.022 1.045 0.113 0.326 0.007 0.039 0.086 1.506
  0.006 0.002 0.051 0.001 0.134 0.078]
 [0.    0.    0.    0.    0.    0.    0.    0.    0.    0.    0.    0.
  0.    0.    0.    0.001 0.    0.    0.148 0.    0.    0.    0.002 0.
  0.    0.    0.002 0.    0.003 0.   ]
 [0.226 0.082 1.826 0.24  0.114 0.098 0.059 0.09  0.056 0.    0.    0.118
  0.    0.002 0.003 0.173 0.    1.133 0.151 0.198 0.032 0.002 0.114 0.003
  0.    0.    0.87  0.003 0.39  0.001]]
[[0.    0.    0.    2.206 0.    0.    0.    0.    0.    0.    0.    0.
  0.    0.    0.    0.    0.    0.    1.161 0.    0.    0.    1.7   0.
  0.    0.    0.    0.    0.    0.   ]
 [1.067 0.    0.37  0.421 0.    0.    0.    0.431 0.    0.    0.    1.071
  0.    0.    0.    1.609 0.    0.    1.051 0.393 0.    0.    0.    0.
  0.    0.    0.73  0.    0.    0.   ]
 [0.378 0.    0.    0.331 0.    0.    0.    0.    0.    0.    0.    0.
  0.    0.    0.    0.    0.    0.    0.    0.    0.    0.    0.    0.
  0.    0.    0.35  0.    0.    0.   ]
 [0.    0.    0.    0.    0.    0.    0.    0.    0.    0.    0.    0.
  0.    0.    0.    1.727 0.    0.    1.077 1.246 0.    0.    0.    0.
  0.    0.    0.    0.    0.    0.   ]
 [0.    0.    0.    0.    0.    0.    0.    0.    0.    0.    0.    0.
  0.    0.    0.    0.    0.    0.    0.    0.    0.    0.    0.    0.
  0.    0.    0.    0.    0.    0.   ]
 [0.413 0.    0.    0.    0.    0.    0.    0.    0.    0.    0.    0.
  0.    0.    0.    0.    0.    0.    1.026 1.24  0.    0.    0.    0.
  0.    0.    0.    0.    1.206 0.   ]
 [0.    0.    0.    0.    0.    0.    0.    0.    0.604 0.    0.    0.
  0.    0.    0.    0.    0.    0.    0.862 0.    0.    0.    0.    0.
  0.    0.    0.    0.    0.    0.   ]
 [1.048 0.    0.    0.573 0.    2.048 0.    0.    0.    0.    0.    0.
  0.    0.    0.    0.    0.    0.    0.    1.238 0.    0.    0.    0.
  0.    0.    0.    0.    0.    0.   ]
 [0.    0.    0.    0.    0.    0.    0.    0.    0.    0.    0.    0.
  0.    0.    0.    0.    0.    0.    0.    1.164 0.    0.    0.    0.
  0.    0.    0.566 0.    0.    0.   ]
 [0.    0.    0.    1.708 0.    0.328 0.    2.604 0.    0.    0.428 0.571
  0.    3.404 0.    0.34  0.    0.476 0.    0.    0.    0.    0.388 0.
  0.    0.452 0.    0.    0.    0.   ]
 [1.068 0.    0.    2.135 0.    0.    0.    0.    0.    0.    0.    0.
  0.    0.    0.    1.151 0.    0.    0.    0.    2.857 1.145 1.505 0.
  0.    0.    0.    0.    0.    0.   ]
 [0.    0.    0.    0.322 0.    0.    0.    0.    0.    0.    0.    0.
  0.    0.    0.    0.    0.    0.    0.    0.347 0.    0.    1.458 0.
  0.    0.    0.    0.    0.    0.   ]
 [1.123 0.912 0.    0.    0.    1.876 0.652 0.    0.    0.    0.    0.
  0.    0.    0.    0.    0.    0.    0.744 0.    0.    0.    0.    0.
  0.    3.178 0.    0.    1.06  0.462]
 [0.984 2.188 1.881 0.611 0.    0.    0.    1.889 0.    0.    0.    1.914
  0.    0.    0.    0.301 0.    0.    0.365 0.866 0.    0.    0.    0.
  0.    0.    0.    0.    0.    0.   ]
 [0.    0.    1.634 0.    0.    0.    0.425 0.    0.    0.    0.    0.
  0.    0.    0.    1.431 0.    0.    0.    0.83  0.    0.    0.    0.
  0.    0.    0.    0.    0.    0.   ]
 [0.    0.    0.    0.    0.    0.    0.    0.    0.    0.    0.    0.
  0.    0.    0.    0.    0.    0.    0.    0.    0.    0.    0.    0.
  0.    0.    0.    0.    0.    0.   ]
 [0.    0.    1.445 0.    0.    0.    0.701 0.    0.    0.    0.    0.
  0.    0.    0.    0.    0.    0.    0.    0.841 0.    0.    0.    0.
  0.    0.    0.541 0.    0.    1.991]
 [0.    0.    0.    1.687 1.376 0.    0.    0.    0.    0.    0.    0.32
  0.    0.    0.    1.18  0.    0.    0.    0.    0.    0.    0.    0.
  0.    0.    0.    0.    1.005 0.   ]
 [0.    0.    0.    0.    0.    0.    0.    0.    0.    0.    0.    0.
  0.    0.    0.    0.    0.    0.    0.    0.    0.    0.    0.    0.
  0.    0.    0.    0.    0.    0.   ]
 [0.    0.    0.    0.    0.    0.    0.    0.    0.    0.    0.    0.
  0.    0.    0.    0.    0.    0.    0.    0.    0.    0.    0.    0.
  0.    0.    0.    0.    1.218 0.   ]
 [0.929 1.293 1.844 0.    2.142 0.    0.    0.    0.    0.    0.    1.317
  0.    0.    0.    0.641 0.    0.    0.    1.046 0.    0.    0.    0.
  0.    0.    0.    0.    0.    0.   ]
 [0.813 0.    0.    0.    0.    0.    0.    0.    0.    0.    0.    0.
  0.    0.    0.    0.319 0.    0.    0.    0.    0.46  0.    0.    0.
  0.    0.    0.    0.    0.    0.   ]
 [0.    0.    0.    0.    0.    0.    0.    0.    0.    0.    0.    0.
  0.    0.    0.    0.    0.    0.    0.    0.    0.    0.    0.    0.
  0.    0.    0.    0.    0.    0.   ]
 [1.232 0.    0.    0.    0.    0.    0.    0.    0.    0.    0.    0.
  0.    0.    0.    0.    0.    0.    0.    0.    0.    0.    0.    0.
  0.    0.    0.    0.    0.    0.   ]
 [0.    0.    0.    0.    0.    0.    0.    0.435 0.    4.12  1.093 0.
  0.    0.321 0.    0.    0.    0.    0.    0.    0.    0.    0.    0.
  0.    1.693 0.    0.    0.748 0.   ]
 [0.505 0.406 0.    0.    0.    1.985 0.    0.    0.    0.    0.    0.
  0.    0.    0.    0.    0.    0.392 0.    0.    0.    0.    0.    0.
  0.    0.    0.747 0.    1.24  1.935]
 [0.    0.    0.    0.    0.    0.    0.    0.    0.    0.    0.    0.
  0.    0.    0.    0.    0.    0.    0.43  0.    0.    0.    1.66  0.
  0.    0.    0.    0.    1.198 0.   ]
 [0.    0.    0.    0.    2.215 0.    0.    1.754 0.    0.    0.    2.067
  0.    0.    0.    0.    0.    1.045 0.    0.326 0.    0.    0.    1.506
  0.    0.    0.    0.    0.    0.   ]
 [0.    0.    0.    0.    0.    0.    0.    0.    0.    0.    0.    0.
  0.    0.    0.    0.    0.    0.    0.    0.    0.    0.    0.    0.
  0.    0.    0.    0.    0.    0.   ]
 [0.    0.    1.826 0.    0.    0.    0.    0.    0.    0.    0.    0.
  0.    0.    0.    0.    0.    1.133 0.    0.    0.    0.    0.    0.
  0.    0.    0.87  0.    0.39  0.   ]]
{'fdr': 0.2966101694915254, 'tpr': 0.9222222222222223, 'fpr': 0.10144927536231885, 'f1': 0.798076923076923, 'shd': 41, 'npred': 118, 'ntrue': 90}
[8.952e-04 7.124e-04 2.206e+00 1.406e-03 6.969e-04 4.412e-04 5.875e-04
 5.578e-04 2.933e-05 3.698e-05 1.104e-03 5.364e-05 1.698e-05 5.753e-05
 2.092e-01 8.638e-05 2.726e-04 1.161e+00 2.968e-01 4.589e-04 1.245e-04
 1.700e+00 3.162e-05 1.808e-05 3.177e-05 8.347e-02 1.821e-05 1.065e-01
 8.608e-05 1.067e+00 3.701e-01 4.214e-01 6.757e-04 1.241e-01 9.032e-04
 4.308e-01 9.538e-04 4.756e-05 2.142e-05 1.071e+00 3.053e-04 1.752e-05
 3.516e-03 1.609e+00 1.025e-03 9.575e-04 1.051e+00 3.930e-01 6.858e-04
 6.985e-04 1.077e-01 2.949e-03 1.001e-06 6.325e-04 7.298e-01 2.615e-04
 2.034e-01 5.212e-04 3.779e-01 1.211e-03 3.306e-01 1.220e-03 1.182e-01
 4.111e-04 2.580e-01 2.600e-04 1.612e-04 1.215e-05 2.913e-01 5.584e-06
 2.255e-04 1.635e-05 2.281e-01 9.246e-05 7.087e-04 1.651e-01 2.192e-01
 2.752e-04 1.473e-04 1.394e-01 3.812e-04 5.216e-05 1.348e-05 3.497e-01
 5.830e-05 2.071e-01 1.150e-04 1.036e-04 9.196e-05 1.019e-04 1.857e-04
 1.332e-04 1.224e-03 5.903e-05 2.544e-04 3.586e-05 9.565e-05 3.654e-04
 9.183e-06 1.706e-05 8.347e-06 1.727e+00 8.600e-06 8.923e-05 1.077e+00
 1.246e+00 4.948e-05 2.036e-05 2.196e-01 3.408e-05 2.874e-06 2.747e-05
 5.376e-02 4.963e-06 1.396e-01 3.102e-05 2.051e-01 1.739e-01 2.319e-01
 1.880e-01 1.309e-01 7.545e-03 1.421e-01 8.802e-04 1.120e-04 1.378e-05
 2.530e-01 8.676e-06 9.922e-04 2.471e-03 2.447e-01 7.534e-06 2.618e-04
 1.376e-01 2.621e-01 4.598e-04 2.395e-04 9.137e-02 4.983e-04 1.668e-05
 1.213e-04 1.328e-01 6.316e-06 1.963e-01 1.433e-04 4.129e-01 4.373e-04
 1.007e-03 1.646e-01 1.118e-03 1.491e-03 5.672e-04 8.677e-05 7.925e-06
 2.631e-05 9.079e-04 2.634e-05 6.538e-05 6.495e-05 1.449e-01 8.031e-05
 1.970e-04 1.026e+00 1.240e+00 2.382e-05 4.197e-04 9.500e-02 7.852e-05
 1.248e-05 8.996e-05 5.840e-02 4.181e-05 1.206e+00 1.718e-04 7.718e-02
 2.229e-01 1.521e-01 1.518e-01 5.173e-02 1.229e-01 7.818e-02 6.045e-01
 4.251e-03 3.035e-02 9.605e-02 4.780e-04 4.507e-03 2.285e-04 1.541e-01
 4.395e-04 7.337e-04 8.621e-01 1.193e-01 2.827e-02 6.372e-02 8.822e-02
 2.556e-03 1.861e-04 1.448e-03 1.310e-01 3.018e-04 5.483e-02 8.848e-04
 1.048e+00 4.540e-04 2.908e-03 5.726e-01 1.020e-03 2.048e+00 2.121e-03
 3.997e-04 8.464e-06 2.544e-05 2.328e-03 3.158e-04 1.175e-04 1.484e-04
 2.090e-01 4.634e-05 2.322e-04 1.586e-01 1.238e+00 4.018e-05 5.840e-04
 9.814e-02 2.099e-04 6.220e-06 2.161e-04 4.063e-02 7.595e-05 2.083e-01
 4.892e-04 1.619e-01 2.515e-01 1.163e-01 2.031e-01 1.339e-01 8.612e-02
 7.645e-04 1.702e-01 4.321e-03 9.216e-02 1.168e-01 2.979e-04 1.495e-02
 2.179e-04 2.532e-01 4.018e-04 1.257e-03 1.445e-01 1.164e+00 9.978e-02
 1.656e-01 1.312e-01 1.181e-02 7.552e-04 3.278e-03 5.658e-01 4.933e-04
 1.045e-01 1.825e-03 1.495e-01 1.359e-01 1.613e-01 1.708e+00 5.558e-02
 3.284e-01 2.319e-02 2.604e+00 1.643e-02 4.282e-01 5.713e-01 2.363e-03
 3.404e+00 1.757e-02 3.399e-01 2.660e-03 4.758e-01 1.117e-01 2.114e-01
 2.935e-01 1.009e-01 3.877e-01 1.093e-01 5.245e-04 4.525e-01 2.287e-01
 1.523e-03 2.780e-01 2.840e-01 1.068e+00 1.053e-01 1.210e-01 2.135e+00
 1.490e-01 1.672e-01 3.325e-02 2.278e-01 4.225e-03 1.105e-03 2.512e-01
 5.981e-03 8.599e-02 1.378e-03 1.151e+00 1.807e-03 7.857e-02 2.090e-01
 1.384e-01 2.857e+00 1.145e+00 1.505e+00 7.764e-02 1.153e-03 2.804e-01
 1.404e-01 2.446e-03 9.833e-02 8.068e-02 2.283e-01 1.849e-04 2.180e-03
 3.221e-01 5.313e-04 1.164e-01 1.616e-03 2.834e-01 5.904e-04 3.036e-05
 2.494e-05 2.275e-05 6.590e-05 1.712e-04 1.984e-01 2.539e-05 2.130e-04
 2.150e-01 3.472e-01 2.772e-04 5.792e-05 1.458e+00 1.506e-03 2.159e-05
 1.951e-04 1.846e-02 1.713e-04 1.400e-01 1.022e-04 1.123e+00 9.121e-01
 6.713e-02 1.797e-01 6.121e-03 1.876e+00 6.520e-01 1.097e-01 1.737e-01
 2.772e-02 5.887e-02 2.585e-01 1.411e-03 2.143e-03 1.092e-01 7.876e-03
 1.642e-01 7.439e-01 7.950e-02 1.952e-02 2.553e-02 1.812e-01 4.816e-02
 2.884e-03 3.178e+00 1.576e-01 3.685e-03 1.060e+00 4.622e-01 9.843e-01
 2.188e+00 1.881e+00 6.114e-01 2.973e-02 2.802e-01 1.222e-02 1.889e+00
 2.767e-03 3.140e-04 5.279e-03 1.914e+00 4.798e-03 2.718e-03 3.011e-01
 3.161e-03 2.058e-01 3.653e-01 8.663e-01 1.212e-01 1.367e-02 2.470e-01
 3.932e-03 7.349e-05 2.222e-02 1.775e-01 4.509e-04 2.727e-01 7.065e-02
 1.521e-01 8.184e-02 1.634e+00 1.787e-01 9.130e-02 1.442e-01 4.245e-01
 8.788e-02 2.216e-03 1.303e-03 3.313e-03 7.863e-02 8.122e-03 3.815e-02
 1.431e+00 1.633e-02 6.451e-02 1.126e-01 8.301e-01 2.468e-02 1.676e-02
 1.451e-01 1.194e-02 5.020e-03 8.384e-02 2.321e-02 2.834e-02 4.861e-02
 6.033e-02 1.395e-05 1.009e-04 8.263e-05 5.830e-04 1.223e-04 5.329e-05
 2.356e-04 4.357e-05 1.806e-05 1.868e-05 2.665e-05 2.324e-04 2.573e-05
 3.220e-05 1.512e-05 3.716e-06 3.401e-05 3.314e-02 2.752e-01 2.784e-05
 4.359e-05 4.044e-03 1.337e-05 1.449e-05 1.735e-05 2.401e-03 2.804e-06
 6.762e-02 3.303e-05 1.664e-01 4.883e-02 1.445e+00 1.654e-01 2.123e-02
 1.071e-01 7.010e-01 1.325e-01 4.193e-02 2.293e-02 3.532e-03 1.610e-01
 5.854e-03 2.232e-03 1.912e-03 1.060e-01 4.068e-02 1.048e-01 8.407e-01
 5.576e-02 2.224e-02 7.790e-02 2.835e-02 1.264e-02 1.556e-02 5.413e-01
 5.190e-03 1.837e-01 1.991e+00 1.535e-01 1.361e-01 1.637e-01 1.687e+00
 1.376e+00 9.322e-02 1.926e-01 2.968e-01 1.554e-01 1.411e-04 1.318e-03
 3.203e-01 2.131e-05 4.533e-04 2.717e-03 1.180e+00 2.926e-05 1.378e-01
 2.509e-01 2.187e-02 3.280e-03 1.975e-01 8.512e-04 1.925e-05 8.919e-05
 1.450e-01 2.755e-06 1.005e+00 1.830e-04 1.030e-03 1.467e-04 1.158e-04
 2.757e-03 5.970e-04 1.237e-04 5.184e-04 1.720e-04 1.883e-04 1.370e-05
 9.124e-05 5.365e-04 3.594e-05 2.140e-05 1.719e-05 5.161e-02 5.105e-05
 7.133e-05 5.957e-03 6.507e-05 8.064e-05 6.003e-03 5.667e-05 8.511e-06
 1.777e-05 7.881e-03 1.007e-05 2.678e-03 5.751e-05 2.723e-05 4.830e-05
 1.181e-04 5.465e-04 7.647e-05 1.377e-04 5.857e-05 1.905e-05 1.890e-05
 5.192e-06 1.941e-05 2.115e-04 1.205e-05 3.493e-05 4.437e-05 7.506e-04
 6.264e-05 1.325e-05 6.054e-02 4.276e-05 1.638e-05 2.553e-03 2.457e-05
 1.350e-05 9.818e-06 1.216e-03 3.354e-06 1.218e+00 1.478e-05 9.293e-01
 1.293e+00 1.844e+00 2.874e-01 2.142e+00 1.035e-01 6.390e-03 1.189e-01
 8.435e-04 1.199e-04 1.647e-05 1.317e+00 1.271e-03 2.363e-03 2.969e-03
 6.410e-01 1.480e-03 1.039e-02 1.651e-01 1.046e+00 6.188e-04 2.067e-01
 2.588e-03 1.657e-05 3.836e-03 2.943e-01 3.391e-03 1.361e-01 3.709e-03
 8.131e-01 2.428e-01 1.943e-01 2.365e-01 1.255e-01 3.221e-02 9.992e-03
 1.456e-01 1.145e-03 4.798e-04 8.475e-05 2.556e-01 3.843e-03 2.736e-02
 2.590e-03 3.191e-01 2.842e-03 4.987e-02 1.583e-01 1.415e-01 4.605e-01
 8.935e-02 3.534e-02 3.051e-04 1.081e-01 9.315e-02 1.281e-03 1.021e-01
 2.268e-02 9.473e-05 4.767e-04 2.626e-04 2.616e-03 7.032e-04 3.216e-04
 6.325e-04 3.633e-05 3.627e-04 1.505e-05 8.203e-05 9.934e-04 5.064e-05
 2.891e-05 5.544e-05 1.527e-01 1.862e-04 1.882e-04 1.514e-01 1.171e-01
 2.591e-04 1.269e-05 3.776e-05 2.850e-05 5.037e-05 2.588e-03 6.466e-05
 2.344e-01 2.354e-04 1.232e+00 7.528e-02 8.502e-02 1.431e-01 1.076e-01
 3.418e-02 7.104e-02 2.887e-01 4.374e-03 2.059e-03 3.082e-03 1.106e-01
 4.406e-05 3.958e-02 2.687e-03 9.092e-02 5.151e-03 1.959e-01 1.077e-01
 1.072e-01 8.082e-02 1.695e-03 9.490e-02 2.792e-05 5.009e-04 2.268e-02
 1.493e-04 1.738e-01 9.468e-02 5.689e-02 2.477e-01 1.989e-02 2.952e-01
 1.055e-01 1.739e-01 7.966e-02 4.345e-01 1.270e-03 4.120e+00 1.093e+00
 2.303e-01 1.175e-02 3.211e-01 2.088e-03 3.512e-02 1.041e-02 1.768e-01
 8.293e-02 8.938e-02 1.038e-01 1.654e-02 2.137e-01 2.411e-03 1.693e+00
 3.857e-02 2.983e-03 7.476e-01 1.545e-01 5.047e-01 4.062e-01 2.035e-01
 2.938e-01 9.607e-02 1.985e+00 8.797e-02 1.450e-01 5.081e-02 1.148e-03
 1.292e-04 6.610e-02 1.028e-05 1.508e-02 2.231e-03 1.587e-01 1.582e-03
 3.917e-01 1.901e-01 2.067e-01 1.164e-01 3.151e-03 7.713e-02 2.569e-01
 5.055e-04 7.468e-01 1.417e-02 1.240e+00 1.935e+00 3.464e-03 2.112e-03
 3.836e-04 2.248e-02 2.326e-03 7.591e-03 1.276e-03 1.773e-03 4.736e-04
 3.114e-05 2.132e-05 6.105e-02 4.916e-05 3.697e-05 9.790e-05 2.658e-01
 1.161e-04 1.584e-03 4.297e-01 2.147e-01 4.507e-04 5.676e-04 1.660e+00
 1.657e-03 2.643e-05 1.429e-04 3.692e-04 1.198e+00 3.949e-04 2.274e-01
 2.582e-02 1.424e-02 1.368e-01 2.215e+00 1.833e-01 3.446e-02 1.754e+00
 2.337e-02 2.732e-03 1.293e-02 2.067e+00 2.686e-03 3.859e-02 2.613e-03
 1.438e-01 2.220e-02 1.045e+00 1.130e-01 3.264e-01 6.675e-03 3.914e-02
 8.614e-02 1.506e+00 5.982e-03 1.840e-03 5.059e-02 1.336e-01 7.755e-02
 7.649e-05 3.928e-04 2.005e-04 7.897e-05 3.015e-04 6.909e-05 4.711e-04
 1.306e-05 7.332e-05 8.076e-06 1.441e-05 2.068e-04 1.167e-05 9.889e-06
 3.742e-06 7.746e-04 6.319e-05 4.846e-05 1.482e-01 1.969e-04 1.294e-04
 3.524e-05 1.536e-03 1.572e-05 2.003e-05 9.012e-05 1.788e-03 9.748e-06
 4.568e-05 2.264e-01 8.168e-02 1.826e+00 2.403e-01 1.136e-01 9.793e-02
 5.902e-02 8.979e-02 5.580e-02 6.898e-05 4.006e-04 1.177e-01 1.290e-05
 1.555e-03 2.894e-03 1.734e-01 9.832e-05 1.133e+00 1.507e-01 1.984e-01
 3.242e-02 1.634e-03 1.144e-01 2.684e-03 5.115e-05 1.215e-04 8.701e-01
 2.915e-03 3.900e-01]
[[0. 0. 0. 1. 0. 0. 0. 0. 0. 0. 0. 0. 0. 0. 0. 0. 0. 0. 1. 0. 0. 0. 1. 0.
  0. 0. 0. 0. 0. 0.]
 [1. 0. 0. 0. 0. 0. 0. 0. 0. 0. 0. 0. 0. 0. 0. 1. 0. 0. 1. 0. 0. 0. 0. 0.
  0. 0. 1. 0. 0. 0.]
 [0. 0. 0. 0. 0. 0. 0. 0. 0. 0. 0. 0. 0. 0. 0. 0. 0. 0. 0. 0. 0. 0. 0. 0.
  0. 0. 0. 0. 0. 0.]
 [0. 0. 0. 0. 0. 0. 0. 0. 0. 0. 0. 0. 0. 0. 0. 1. 0. 0. 1. 1. 0. 0. 0. 0.
  0. 0. 0. 0. 0. 0.]
 [0. 0. 0. 0. 0. 0. 0. 0. 0. 0. 0. 0. 0. 0. 0. 0. 0. 0. 0. 0. 0. 0. 0. 0.
  0. 0. 0. 0. 0. 0.]
 [0. 0. 0. 0. 0. 0. 0. 0. 0. 0. 0. 0. 0. 0. 0. 0. 0. 0. 1. 1. 0. 0. 0. 0.
  0. 0. 0. 0. 1. 0.]
 [0. 0. 0. 0. 0. 0. 0. 0. 0. 0. 0. 0. 0. 0. 0. 0. 0. 0. 1. 0. 0. 0. 0. 0.
  0. 0. 0. 0. 0. 0.]
 [1. 0. 0. 0. 0. 1. 0. 0. 0. 0. 0. 0. 0. 0. 0. 0. 0. 0. 0. 1. 0. 0. 0. 0.
  0. 0. 0. 0. 0. 0.]
 [0. 0. 0. 0. 0. 0. 1. 0. 0. 0. 0. 0. 0. 0. 0. 0. 0. 0. 0. 1. 0. 0. 0. 0.
  0. 0. 1. 0. 0. 0.]
 [0. 0. 0. 1. 0. 0. 0. 1. 0. 0. 0. 0. 0. 1. 0. 0. 0. 0. 0. 0. 0. 0. 0. 0.
  0. 0. 0. 0. 0. 0.]
 [1. 0. 0. 1. 0. 0. 0. 0. 0. 0. 0. 0. 0. 0. 0. 1. 0. 0. 0. 0. 1. 1. 1. 0.
  0. 0. 0. 0. 0. 0.]
 [0. 0. 0. 0. 0. 0. 0. 0. 0. 0. 0. 0. 0. 0. 0. 0. 0. 0. 0. 0. 0. 0. 1. 0.
  0. 0. 0. 0. 0. 0.]
 [1. 1. 0. 0. 0. 1. 1. 0. 0. 0. 0. 0. 0. 0. 0. 0. 0. 0. 1. 0. 0. 0. 0. 0.
  0. 1. 0. 0. 1. 0.]
 [1. 1. 1. 0. 0. 0. 0. 1. 0. 0. 0. 1. 0. 0. 0. 0. 0. 0. 0. 1. 0. 0. 0. 0.
  0. 0. 0. 0. 0. 0.]
 [0. 0. 1. 0. 0. 0. 1. 0. 0. 0. 0. 0. 0. 0. 0. 1. 0. 0. 0. 1. 0. 0. 0. 0.
  0. 0. 0. 0. 0. 0.]
 [0. 0. 0. 0. 0. 0. 0. 0. 0. 0. 0. 0. 0. 0. 0. 0. 0. 0. 0. 0. 0. 0. 0. 0.
  0. 0. 0. 0. 0. 0.]
 [0. 0. 1. 0. 0. 0. 1. 0. 0. 0. 0. 0. 1. 0. 0. 0. 0. 0. 0. 1. 0. 0. 0. 0.
  0. 0. 1. 0. 0. 1.]
 [0. 0. 0. 1. 1. 0. 0. 0. 1. 0. 0. 0. 0. 0. 0. 1. 0. 0. 0. 0. 0. 0. 0. 0.
  0. 0. 0. 0. 1. 0.]
 [0. 0. 0. 0. 0. 0. 0. 0. 0. 0. 0. 0. 0. 0. 0. 0. 0. 0. 0. 0. 0. 0. 0. 0.
  0. 0. 0. 0. 0. 0.]
 [0. 0. 0. 0. 0. 0. 0. 0. 0. 0. 0. 0. 0. 0. 0. 0. 0. 0. 0. 0. 0. 0. 0. 0.
  0. 0. 0. 0. 1. 0.]
 [1. 1. 1. 0. 1. 0. 0. 0. 0. 0. 0. 1. 0. 0. 0. 0. 0. 0. 0. 1. 0. 0. 0. 0.
  0. 0. 0. 0. 0. 0.]
 [1. 0. 0. 0. 0. 0. 0. 0. 0. 0. 0. 0. 0. 0. 0. 0. 0. 0. 0. 0. 0. 0. 0. 0.
  0. 0. 0. 0. 0. 0.]
 [0. 0. 0. 0. 0. 0. 0. 0. 0. 0. 0. 0. 0. 0. 0. 0. 0. 0. 0. 0. 0. 0. 0. 0.
  0. 0. 0. 0. 0. 0.]
 [1. 0. 0. 0. 0. 0. 0. 0. 0. 0. 0. 0. 0. 0. 0. 0. 0. 0. 0. 0. 0. 0. 0. 0.
  0. 0. 0. 0. 0. 0.]
 [0. 0. 0. 0. 0. 1. 0. 0. 0. 1. 1. 0. 0. 0. 0. 0. 0. 1. 0. 0. 0. 0. 1. 0.
  0. 1. 0. 0. 1. 0.]
 [0. 0. 0. 0. 0. 1. 0. 0. 0. 0. 0. 0. 0. 0. 0. 0. 0. 0. 0. 0. 0. 0. 0. 1.
  0. 0. 1. 0. 1. 1.]
 [0. 0. 0. 0. 0. 0. 0. 0. 0. 0. 0. 0. 0. 0. 0. 0. 0. 0. 1. 0. 0. 0. 1. 0.
  0. 0. 0. 0. 1. 0.]
 [0. 0. 0. 0. 1. 0. 0. 1. 0. 0. 0. 1. 0. 0. 0. 0. 0. 1. 0. 0. 0. 0. 0. 1.
  0. 0. 0. 0. 0. 0.]
 [0. 0. 0. 0. 0. 0. 0. 0. 0. 0. 0. 0. 0. 0. 0. 0. 0. 0. 0. 0. 0. 0. 0. 0.
  0. 0. 0. 0. 0. 0.]
 [0. 0. 1. 0. 0. 0. 0. 0. 0. 0. 0. 0. 0. 0. 0. 0. 0. 1. 0. 0. 0. 0. 0. 0.
  0. 0. 1. 0. 0. 0.]]
[0. 0. 1. 0. 0. 0. 0. 0. 0. 0. 0. 0. 0. 0. 0. 0. 0. 1. 0. 0. 0. 1. 0. 0.
 0. 0. 0. 0. 0. 1. 0. 0. 0. 0. 0. 0. 0. 0. 0. 0. 0. 0. 0. 1. 0. 0. 1. 0.
 0. 0. 0. 0. 0. 0. 1. 0. 0. 0. 0. 0. 0. 0. 0. 0. 0. 0. 0. 0. 0. 0. 0. 0.
 0. 0. 0. 0. 0. 0. 0. 0. 0. 0. 0. 0. 0. 0. 0. 0. 0. 0. 0. 0. 0. 0. 0. 0.
 0. 0. 0. 0. 0. 1. 0. 0. 1. 1. 0. 0. 0. 0. 0. 0. 0. 0. 0. 0. 0. 0. 0. 0.
 0. 0. 0. 0. 0. 0. 0. 0. 0. 0. 0. 0. 0. 0. 0. 0. 0. 0. 0. 0. 0. 0. 0. 0.
 0. 0. 0. 0. 0. 0. 0. 0. 0. 0. 0. 0. 0. 0. 0. 0. 0. 0. 1. 1. 0. 0. 0. 0.
 0. 0. 0. 0. 1. 0. 0. 0. 0. 0. 0. 0. 0. 0. 0. 0. 0. 0. 0. 0. 0. 0. 0. 1.
 0. 0. 0. 0. 0. 0. 0. 0. 0. 0. 0. 1. 0. 0. 0. 0. 1. 0. 0. 0. 0. 0. 0. 0.
 0. 0. 0. 0. 0. 1. 0. 0. 0. 0. 0. 0. 0. 0. 0. 0. 0. 0. 0. 0. 0. 0. 1. 0.
 0. 0. 0. 0. 0. 0. 0. 0. 0. 0. 1. 0. 0. 0. 0. 0. 0. 1. 0. 0. 0. 0. 0. 0.
 1. 0. 0. 0. 1. 0. 0. 0. 0. 1. 0. 0. 0. 0. 0. 0. 0. 0. 0. 0. 0. 0. 0. 0.
 0. 0. 1. 0. 0. 1. 0. 0. 0. 0. 0. 0. 0. 0. 0. 0. 1. 0. 0. 0. 0. 1. 1. 1.
 0. 0. 0. 0. 0. 0. 0. 0. 0. 0. 0. 0. 0. 0. 0. 0. 0. 0. 0. 0. 0. 0. 0. 0.
 0. 0. 0. 0. 1. 0. 0. 0. 0. 0. 0. 0. 1. 1. 0. 0. 0. 1. 1. 0. 0. 0. 0. 0.
 0. 0. 0. 0. 0. 1. 0. 0. 0. 0. 0. 0. 1. 0. 0. 1. 0. 1. 1. 1. 0. 0. 0. 0.
 1. 0. 0. 0. 1. 0. 0. 0. 0. 0. 0. 1. 0. 0. 0. 0. 0. 0. 0. 0. 0. 0. 0. 0.
 1. 0. 0. 0. 1. 0. 0. 0. 0. 0. 0. 0. 1. 0. 0. 0. 1. 0. 0. 0. 0. 0. 0. 0.
 0. 0. 0. 0. 0. 0. 0. 0. 0. 0. 0. 0. 0. 0. 0. 0. 0. 0. 0. 0. 0. 0. 0. 0.
 0. 0. 0. 0. 0. 0. 0. 0. 0. 0. 1. 0. 0. 0. 1. 0. 0. 0. 0. 0. 1. 0. 0. 0.
 0. 0. 1. 0. 0. 0. 0. 0. 0. 1. 0. 0. 1. 0. 0. 0. 1. 1. 0. 0. 0. 1. 0. 0.
 0. 0. 0. 0. 1. 0. 0. 0. 0. 0. 0. 0. 0. 0. 0. 0. 1. 0. 0. 0. 0. 0. 0. 0.
 0. 0. 0. 0. 0. 0. 0. 0. 0. 0. 0. 0. 0. 0. 0. 0. 0. 0. 0. 0. 0. 0. 0. 0.
 0. 0. 0. 0. 0. 0. 0. 0. 0. 0. 0. 0. 0. 0. 0. 0. 0. 0. 0. 0. 0. 0. 0. 0.
 0. 0. 1. 0. 1. 1. 1. 0. 1. 0. 0. 0. 0. 0. 0. 1. 0. 0. 0. 0. 0. 0. 0. 1.
 0. 0. 0. 0. 0. 0. 0. 0. 0. 1. 0. 0. 0. 0. 0. 0. 0. 0. 0. 0. 0. 0. 0. 0.
 0. 0. 0. 0. 0. 0. 0. 0. 0. 0. 0. 0. 0. 0. 0. 0. 0. 0. 0. 0. 0. 0. 0. 0.
 0. 0. 0. 0. 0. 0. 0. 0. 0. 0. 0. 0. 0. 0. 0. 0. 0. 0. 0. 1. 0. 0. 0. 0.
 0. 0. 0. 0. 0. 0. 0. 0. 0. 0. 0. 0. 0. 0. 0. 0. 0. 0. 0. 0. 0. 0. 0. 0.
 0. 0. 0. 0. 0. 1. 0. 0. 0. 1. 1. 0. 0. 0. 0. 0. 0. 1. 0. 0. 0. 0. 1. 0.
 1. 0. 0. 1. 0. 0. 0. 0. 0. 0. 1. 0. 0. 0. 0. 0. 0. 0. 0. 0. 0. 0. 0. 0.
 0. 0. 0. 0. 1. 0. 1. 0. 1. 1. 0. 0. 0. 0. 0. 0. 0. 0. 0. 0. 0. 0. 0. 0.
 0. 0. 0. 0. 1. 0. 0. 0. 1. 0. 0. 0. 0. 1. 0. 0. 0. 0. 0. 1. 0. 0. 1. 0.
 0. 0. 1. 0. 0. 0. 0. 0. 1. 0. 0. 0. 0. 0. 1. 0. 0. 0. 0. 0. 0. 0. 0. 0.
 0. 0. 0. 0. 0. 0. 0. 0. 0. 0. 0. 0. 0. 0. 0. 0. 0. 0. 0. 0. 0. 0. 0. 0.
 0. 0. 0. 1. 0. 0. 0. 0. 0. 0. 0. 0. 0. 0. 0. 0. 0. 0. 1. 0. 0. 0. 0. 0.
 0. 0. 0. 1. 0. 0.]
aucroc, aucpr (0.9803988603988604, 0.9443487870853989)
cuda
noise_multiplier  0.6  noise_multiplier_b  5.0  noise_multiplier_delta  0.6010829247756457
cuda
Objective function 982.29 = squared loss an data 726.28 + 0.5*rho*h**2 254.631624 + alpha*h 0.000000 + L2reg 0.55 + L1reg 0.82 ; SHD = 415 ; DAG False
total norm for a microbatch 91.85703173335442 clip 12.00582138917335
total norm for a microbatch 73.58333986665797 clip 35.06061853556806
total norm for a microbatch 74.45259194265607 clip 38.01845405262689
total norm for a microbatch 73.19545188857118 clip 50.467788351620946
total norm for a microbatch 72.10237160478695 clip 60.71297486692057
total norm for a microbatch 55.83599435951855 clip 57.93902503014328
total norm for a microbatch 54.53832466594013 clip 62.32437944089432
cuda
Objective function 150.73 = squared loss an data 145.48 + 0.5*rho*h**2 3.917146 + alpha*h 0.000000 + L2reg 0.81 + L1reg 0.53 ; SHD = 153 ; DAG False
Proportion of microbatches that were clipped  0.9336297237218164
iteration 1 in inner loop, alpha 0.0 rho 1.0 h 2.7989803845825563
iteration 1 in outer loop, alpha = 2.7989803845825563, rho = 1.0, h = 2.7989803845825563
cuda
noise_multiplier  0.6  noise_multiplier_b  5.0  noise_multiplier_delta  0.6010829247756457
cuda
Objective function 158.57 = squared loss an data 145.48 + 0.5*rho*h**2 3.917146 + alpha*h 7.834291 + L2reg 0.81 + L1reg 0.53 ; SHD = 153 ; DAG False
total norm for a microbatch 63.77235056339356 clip 3.4131879900929336
total norm for a microbatch 54.40157130865722 clip 3.4131879900929336
total norm for a microbatch 88.32706465126903 clip 4.820963555372713
total norm for a microbatch 92.4219133166709 clip 29.087445742306315
total norm for a microbatch 104.12751519046822 clip 65.51508875363722
cuda
Objective function 60.65 = squared loss an data 47.83 + 0.5*rho*h**2 3.455282 + alpha*h 7.357946 + L2reg 1.48 + L1reg 0.52 ; SHD = 136 ; DAG False
Proportion of microbatches that were clipped  0.9591108226513062
iteration 1 in inner loop, alpha 2.7989803845825563 rho 1.0 h 2.628795222135139
noise_multiplier  0.6  noise_multiplier_b  5.0  noise_multiplier_delta  0.6010829247756457
cuda
Objective function 91.74 = squared loss an data 47.83 + 0.5*rho*h**2 34.552822 + alpha*h 7.357946 + L2reg 1.48 + L1reg 0.52 ; SHD = 136 ; DAG False
total norm for a microbatch 183.5775537322523 clip 36.79796548227031
total norm for a microbatch 162.53840547195077 clip 83.04117112107555
total norm for a microbatch 163.48060594287927 clip 140.8839268906658
cuda
Objective function 57.22 = squared loss an data 42.78 + 0.5*rho*h**2 8.551434 + alpha*h 3.660449 + L2reg 1.76 + L1reg 0.47 ; SHD = 119 ; DAG False
Proportion of microbatches that were clipped  0.9702353124513012
iteration 2 in inner loop, alpha 2.7989803845825563 rho 10.0 h 1.3077793048214517
noise_multiplier  0.6  noise_multiplier_b  5.0  noise_multiplier_delta  0.6010829247756457
cuda
Objective function 134.18 = squared loss an data 42.78 + 0.5*rho*h**2 85.514336 + alpha*h 3.660449 + L2reg 1.76 + L1reg 0.47 ; SHD = 119 ; DAG False
total norm for a microbatch 207.4510199411368 clip 1.0
total norm for a microbatch 252.77549992245287 clip 1.0
total norm for a microbatch 235.03793096202605 clip 1.5648840600930325
total norm for a microbatch 167.03129501561872 clip 2.926702094052304
total norm for a microbatch 151.82451907741495 clip 4.234580085031198
total norm for a microbatch 153.71602991269026 clip 8.811315503583273
total norm for a microbatch 233.2111536010813 clip 10.387705013295742
total norm for a microbatch 215.33601582122597 clip 11.254737657111313
total norm for a microbatch 267.5048636102045 clip 57.68371436458633
cuda
Objective function 59.83 = squared loss an data 45.22 + 0.5*rho*h**2 11.002054 + alpha*h 1.312961 + L2reg 1.90 + L1reg 0.39 ; SHD = 102 ; DAG True
Proportion of microbatches that were clipped  0.9821400595331349
iteration 3 in inner loop, alpha 2.7989803845825563 rho 100.0 h 0.46908537060068056
iteration 2 in outer loop, alpha = 49.70751744465061, rho = 100.0, h = 0.46908537060068056
cuda
noise_multiplier  0.6  noise_multiplier_b  5.0  noise_multiplier_delta  0.6010829247756457
cuda
Objective function 81.84 = squared loss an data 45.22 + 0.5*rho*h**2 11.002054 + alpha*h 23.317069 + L2reg 1.90 + L1reg 0.39 ; SHD = 102 ; DAG True
total norm for a microbatch 216.33273204246996 clip 1.6939865349067824
total norm for a microbatch 190.25342429654916 clip 3.7441693006401096
total norm for a microbatch 208.26790540505817 clip 9.11322667207144
total norm for a microbatch 296.15302211433857 clip 9.11322667207144
total norm for a microbatch 215.3882136744989 clip 9.979120953609183
total norm for a microbatch 245.79228297403142 clip 12.059476234698849
total norm for a microbatch 323.5922467115892 clip 17.2151696874288
total norm for a microbatch 214.77743800166073 clip 39.08457219985914
total norm for a microbatch 309.6910538359986 clip 127.56612541830002
cuda
Objective function 67.99 = squared loss an data 44.35 + 0.5*rho*h**2 5.194621 + alpha*h 16.021900 + L2reg 2.04 + L1reg 0.38 ; SHD = 108 ; DAG True
Proportion of microbatches that were clipped  0.9819424109321621
iteration 1 in inner loop, alpha 49.70751744465061 rho 100.0 h 0.32232348516339826
noise_multiplier  0.6  noise_multiplier_b  5.0  noise_multiplier_delta  0.6010829247756457
cuda
Objective function 114.74 = squared loss an data 44.35 + 0.5*rho*h**2 51.946215 + alpha*h 16.021900 + L2reg 2.04 + L1reg 0.38 ; SHD = 108 ; DAG True
total norm for a microbatch 222.38104949992425 clip 3.6382018604394717
total norm for a microbatch 298.7562443644033 clip 6.075932641169995
total norm for a microbatch 315.18876393265754 clip 13.339768351385509
total norm for a microbatch 238.6584008536608 clip 16.16904256427811
total norm for a microbatch 242.0280905824561 clip 214.9292307684211
cuda
Objective function 67.33 = squared loss an data 45.92 + 0.5*rho*h**2 11.382024 + alpha*h 7.499750 + L2reg 2.17 + L1reg 0.35 ; SHD = 110 ; DAG True
Proportion of microbatches that were clipped  0.9885741873189572
iteration 2 in inner loop, alpha 49.70751744465061 rho 1000.0 h 0.15087758990985378
noise_multiplier  0.6  noise_multiplier_b  5.0  noise_multiplier_delta  0.6010829247756457
cuda
Objective function 169.76 = squared loss an data 45.92 + 0.5*rho*h**2 113.820236 + alpha*h 7.499750 + L2reg 2.17 + L1reg 0.35 ; SHD = 110 ; DAG True
total norm for a microbatch 268.92730081454675 clip 6.8288313689966476
total norm for a microbatch 246.96245433605628 clip 34.69307974756193
total norm for a microbatch 319.6119329363356 clip 77.9516918096071
total norm for a microbatch 255.268288952789 clip 172.53920073293935
total norm for a microbatch 276.6935280277281 clip 229.7591788668555
cuda
Objective function 65.44 = squared loss an data 45.19 + 0.5*rho*h**2 14.913877 + alpha*h 2.714766 + L2reg 2.30 + L1reg 0.32 ; SHD = 118 ; DAG True
Proportion of microbatches that were clipped  0.9891743415737599
iteration 3 in inner loop, alpha 49.70751744465061 rho 10000.0 h 0.054614790945652913
iteration 3 in outer loop, alpha = 595.8554269011797, rho = 10000.0, h = 0.054614790945652913
cuda
noise_multiplier  0.6  noise_multiplier_b  5.0  noise_multiplier_delta  0.6010829247756457
cuda
Objective function 95.26 = squared loss an data 45.19 + 0.5*rho*h**2 14.913877 + alpha*h 32.542520 + L2reg 2.30 + L1reg 0.32 ; SHD = 118 ; DAG True
total norm for a microbatch 289.51584159758437 clip 7.253741245615108
total norm for a microbatch 327.32958404441064 clip 8.630585512024298
total norm for a microbatch 227.54262391839865 clip 10.284651800574519
cuda
Objective function 72.07 = squared loss an data 43.79 + 0.5*rho*h**2 5.596232 + alpha*h 19.934427 + L2reg 2.42 + L1reg 0.33 ; SHD = 119 ; DAG True
Proportion of microbatches that were clipped  0.9944320712694877
iteration 1 in inner loop, alpha 595.8554269011797 rho 10000.0 h 0.033455139660564015
noise_multiplier  0.6  noise_multiplier_b  5.0  noise_multiplier_delta  0.6010829247756457
cuda
Objective function 122.43 = squared loss an data 43.79 + 0.5*rho*h**2 55.962318 + alpha*h 19.934427 + L2reg 2.42 + L1reg 0.33 ; SHD = 119 ; DAG True
total norm for a microbatch 2684.151850778932 clip 1.1008330059175793
total norm for a microbatch 312.255513603529 clip 4.888243459385719
total norm for a microbatch 292.42858297919435 clip 22.005536755326045
cuda
Objective function 71.32 = squared loss an data 43.69 + 0.5*rho*h**2 14.586425 + alpha*h 10.177247 + L2reg 2.53 + L1reg 0.32 ; SHD = 125 ; DAG True
Proportion of microbatches that were clipped  1.0
iteration 2 in inner loop, alpha 595.8554269011797 rho 100000.0 h 0.01708006124182404
iteration 4 in outer loop, alpha = 17675.916668725222, rho = 1000000.0, h = 0.01708006124182404
Threshold 0.3
[[0.006 0.463 0.359 0.204 0.271 0.228 0.075 0.013 0.26  0.016 0.013 0.156
  0.021 0.096 0.147 0.082 0.048 0.13  0.54  0.058 0.043 0.209 0.305 0.149
  0.014 0.036 0.04  0.105 0.216 0.078]
 [0.009 0.004 0.113 0.033 0.112 0.068 0.051 0.009 0.083 0.014 0.01  0.02
  0.008 0.034 0.021 0.022 0.018 0.075 0.216 0.023 0.012 0.04  0.057 0.06
  0.004 0.015 0.01  0.019 0.07  0.022]
 [0.015 0.071 0.006 0.055 0.03  0.04  0.019 0.006 0.051 0.005 0.005 0.027
  0.021 0.008 0.023 0.013 0.006 0.038 0.068 0.02  0.008 0.035 0.041 0.013
  0.005 0.007 0.013 0.016 0.016 0.008]
 [0.031 0.213 0.117 0.004 0.163 0.084 0.066 0.02  0.128 0.012 0.006 0.025
  0.032 0.018 0.039 0.019 0.032 0.207 0.587 0.024 0.016 0.04  0.13  0.079
  0.005 0.009 0.02  0.026 0.046 0.033]
 [0.018 0.052 0.134 0.037 0.007 0.028 0.041 0.017 0.091 0.016 0.011 0.042
  0.014 0.046 0.028 0.04  0.014 0.018 0.07  0.014 0.004 0.072 0.043 0.076
  0.008 0.015 0.014 0.008 0.027 0.013]
 [0.022 0.079 0.12  0.094 0.141 0.007 0.054 0.003 0.075 0.025 0.013 0.058
  0.012 0.029 0.052 0.062 0.054 0.155 0.16  0.071 0.052 0.069 0.04  0.076
  0.007 0.008 0.015 0.033 0.059 0.061]
 [0.077 0.095 0.249 0.094 0.149 0.099 0.003 0.019 0.203 0.02  0.014 0.041
  0.059 0.079 0.106 0.065 0.028 0.06  0.308 0.048 0.011 0.056 0.039 0.153
  0.017 0.011 0.027 0.024 0.049 0.047]
 [0.501 0.511 0.67  0.322 0.321 1.534 0.263 0.006 0.543 0.148 0.045 0.327
  0.19  0.691 0.432 0.469 0.06  0.448 0.342 0.243 0.16  0.427 0.373 0.517
  0.025 0.057 0.064 0.1   0.283 0.186]
 [0.029 0.047 0.082 0.04  0.055 0.075 0.017 0.008 0.006 0.026 0.01  0.036
  0.014 0.051 0.051 0.051 0.039 0.098 0.029 0.079 0.014 0.12  0.083 0.067
  0.008 0.019 0.013 0.023 0.087 0.043]
 [0.247 0.301 0.72  0.616 0.294 0.144 0.248 0.05  0.223 0.005 0.004 0.31
  0.041 1.143 0.094 0.531 0.089 0.153 0.203 0.408 0.122 0.239 0.275 0.208
  0.004 0.015 0.037 0.147 0.077 0.074]
 [0.375 0.36  0.531 0.84  0.345 0.342 0.321 0.14  0.432 0.793 0.007 0.305
  0.103 0.488 0.361 0.317 0.146 0.551 0.55  0.412 0.09  0.552 0.897 0.418
  0.009 0.064 0.092 0.14  0.422 0.15 ]
 [0.044 0.266 0.163 0.179 0.152 0.1   0.188 0.014 0.132 0.01  0.015 0.007
  0.037 0.02  0.069 0.099 0.031 0.13  0.134 0.1   0.041 0.125 0.713 0.134
  0.009 0.02  0.028 0.015 0.032 0.069]
 [0.164 0.704 0.308 0.191 0.393 0.454 0.094 0.043 0.297 0.086 0.063 0.138
  0.007 0.135 0.145 0.187 0.131 0.207 0.83  0.101 0.054 0.338 0.287 0.163
  0.012 0.075 0.035 0.141 0.109 0.087]
 [0.063 0.142 0.949 0.205 0.134 0.143 0.074 0.008 0.117 0.005 0.01  0.312
  0.036 0.006 0.136 0.135 0.023 0.115 0.159 0.142 0.047 0.077 0.141 0.085
  0.006 0.005 0.017 0.029 0.04  0.066]
 [0.031 0.298 0.303 0.145 0.208 0.128 0.087 0.012 0.12  0.039 0.016 0.071
  0.049 0.031 0.006 0.083 0.036 0.084 0.33  0.088 0.039 0.176 0.177 0.078
  0.01  0.05  0.035 0.031 0.073 0.025]
 [0.073 0.274 0.31  0.363 0.142 0.106 0.089 0.01  0.097 0.01  0.01  0.053
  0.031 0.043 0.078 0.005 0.046 0.171 0.218 0.072 0.021 0.057 0.14  0.059
  0.006 0.01  0.018 0.04  0.029 0.042]
 [0.177 0.285 0.713 0.172 0.321 0.086 0.17  0.07  0.113 0.091 0.048 0.159
  0.039 0.193 0.11  0.108 0.006 0.141 0.194 0.314 0.049 0.191 0.275 0.198
  0.028 0.04  0.068 0.039 0.064 0.173]
 [0.035 0.038 0.179 0.027 0.382 0.059 0.077 0.01  0.078 0.032 0.013 0.02
  0.019 0.043 0.07  0.042 0.036 0.006 0.104 0.07  0.013 0.058 0.061 0.042
  0.01  0.011 0.014 0.024 0.053 0.027]
 [0.007 0.046 0.07  0.01  0.068 0.04  0.014 0.01  0.144 0.017 0.009 0.05
  0.009 0.037 0.018 0.029 0.024 0.078 0.005 0.025 0.012 0.028 0.061 0.029
  0.007 0.012 0.017 0.018 0.018 0.008]
 [0.095 0.183 0.268 0.185 0.341 0.094 0.091 0.027 0.1   0.007 0.014 0.068
  0.068 0.051 0.044 0.074 0.014 0.075 0.204 0.005 0.035 0.145 0.101 0.101
  0.008 0.02  0.025 0.045 0.051 0.103]
 [0.144 0.525 0.693 0.238 1.227 0.099 0.402 0.038 0.452 0.047 0.074 0.184
  0.084 0.129 0.193 0.286 0.114 0.392 0.319 0.148 0.008 0.152 0.244 0.248
  0.013 0.024 0.018 0.105 0.194 0.134]
 [0.035 0.183 0.184 0.101 0.075 0.093 0.078 0.01  0.047 0.017 0.01  0.046
  0.026 0.082 0.026 0.119 0.037 0.07  0.214 0.04  0.034 0.005 0.058 0.121
  0.01  0.028 0.01  0.015 0.036 0.031]
 [0.019 0.132 0.134 0.044 0.133 0.112 0.171 0.014 0.087 0.011 0.006 0.01
  0.018 0.031 0.047 0.042 0.017 0.114 0.07  0.065 0.019 0.112 0.006 0.025
  0.007 0.022 0.005 0.011 0.05  0.048]
 [0.035 0.118 0.407 0.065 0.094 0.087 0.047 0.014 0.141 0.031 0.014 0.057
  0.034 0.101 0.094 0.084 0.031 0.101 0.214 0.039 0.018 0.067 0.178 0.005
  0.012 0.012 0.023 0.038 0.072 0.041]
 [0.338 0.553 0.389 0.711 0.504 0.55  0.265 0.249 0.335 1.347 0.723 0.431
  0.416 0.292 0.519 0.696 0.193 0.384 0.45  0.586 0.178 0.416 0.544 0.404
  0.007 0.603 0.208 0.248 0.485 0.209]
 [0.175 0.405 0.473 0.277 0.282 0.705 0.259 0.078 0.296 0.401 0.132 0.258
  0.085 0.305 0.133 0.409 0.152 0.599 0.505 0.211 0.29  0.172 0.199 0.291
  0.009 0.006 0.058 0.109 0.446 0.187]
 [0.15  0.47  0.21  0.268 0.151 0.264 0.221 0.075 0.359 0.147 0.048 0.232
  0.175 0.19  0.213 0.218 0.061 0.301 0.224 0.242 0.291 0.499 1.373 0.234
  0.026 0.085 0.006 0.092 0.435 0.182]
 [0.092 0.234 0.374 0.235 0.543 0.215 0.231 0.047 0.222 0.039 0.049 0.433
  0.048 0.156 0.22  0.136 0.145 0.248 0.221 0.145 0.048 0.324 0.431 0.209
  0.026 0.058 0.058 0.006 0.144 0.187]
 [0.022 0.059 0.316 0.169 0.16  0.115 0.101 0.015 0.064 0.046 0.015 0.145
  0.07  0.135 0.101 0.17  0.075 0.162 0.273 0.136 0.021 0.13  0.101 0.123
  0.008 0.017 0.011 0.053 0.005 0.096]
 [0.065 0.169 0.734 0.142 0.328 0.132 0.125 0.036 0.098 0.074 0.024 0.07
  0.05  0.066 0.157 0.147 0.035 0.207 0.332 0.06  0.056 0.22  0.126 0.175
  0.024 0.037 0.027 0.027 0.098 0.004]]
[[0.    0.463 0.359 0.    0.    0.    0.    0.    0.    0.    0.    0.
  0.    0.    0.    0.    0.    0.    0.54  0.    0.    0.    0.305 0.
  0.    0.    0.    0.    0.    0.   ]
 [0.    0.    0.    0.    0.    0.    0.    0.    0.    0.    0.    0.
  0.    0.    0.    0.    0.    0.    0.    0.    0.    0.    0.    0.
  0.    0.    0.    0.    0.    0.   ]
 [0.    0.    0.    0.    0.    0.    0.    0.    0.    0.    0.    0.
  0.    0.    0.    0.    0.    0.    0.    0.    0.    0.    0.    0.
  0.    0.    0.    0.    0.    0.   ]
 [0.    0.    0.    0.    0.    0.    0.    0.    0.    0.    0.    0.
  0.    0.    0.    0.    0.    0.    0.587 0.    0.    0.    0.    0.
  0.    0.    0.    0.    0.    0.   ]
 [0.    0.    0.    0.    0.    0.    0.    0.    0.    0.    0.    0.
  0.    0.    0.    0.    0.    0.    0.    0.    0.    0.    0.    0.
  0.    0.    0.    0.    0.    0.   ]
 [0.    0.    0.    0.    0.    0.    0.    0.    0.    0.    0.    0.
  0.    0.    0.    0.    0.    0.    0.    0.    0.    0.    0.    0.
  0.    0.    0.    0.    0.    0.   ]
 [0.    0.    0.    0.    0.    0.    0.    0.    0.    0.    0.    0.
  0.    0.    0.    0.    0.    0.    0.308 0.    0.    0.    0.    0.
  0.    0.    0.    0.    0.    0.   ]
 [0.501 0.511 0.67  0.322 0.321 1.534 0.    0.    0.543 0.    0.    0.327
  0.    0.691 0.432 0.469 0.    0.448 0.342 0.    0.    0.427 0.373 0.517
  0.    0.    0.    0.    0.    0.   ]
 [0.    0.    0.    0.    0.    0.    0.    0.    0.    0.    0.    0.
  0.    0.    0.    0.    0.    0.    0.    0.    0.    0.    0.    0.
  0.    0.    0.    0.    0.    0.   ]
 [0.    0.301 0.72  0.616 0.    0.    0.    0.    0.    0.    0.    0.31
  0.    1.143 0.    0.531 0.    0.    0.    0.408 0.    0.    0.    0.
  0.    0.    0.    0.    0.    0.   ]
 [0.375 0.36  0.531 0.84  0.345 0.342 0.321 0.    0.432 0.793 0.    0.305
  0.    0.488 0.361 0.317 0.    0.551 0.55  0.412 0.    0.552 0.897 0.418
  0.    0.    0.    0.    0.422 0.   ]
 [0.    0.    0.    0.    0.    0.    0.    0.    0.    0.    0.    0.
  0.    0.    0.    0.    0.    0.    0.    0.    0.    0.    0.713 0.
  0.    0.    0.    0.    0.    0.   ]
 [0.    0.704 0.308 0.    0.393 0.454 0.    0.    0.    0.    0.    0.
  0.    0.    0.    0.    0.    0.    0.83  0.    0.    0.338 0.    0.
  0.    0.    0.    0.    0.    0.   ]
 [0.    0.    0.949 0.    0.    0.    0.    0.    0.    0.    0.    0.312
  0.    0.    0.    0.    0.    0.    0.    0.    0.    0.    0.    0.
  0.    0.    0.    0.    0.    0.   ]
 [0.    0.    0.303 0.    0.    0.    0.    0.    0.    0.    0.    0.
  0.    0.    0.    0.    0.    0.    0.33  0.    0.    0.    0.    0.
  0.    0.    0.    0.    0.    0.   ]
 [0.    0.    0.31  0.363 0.    0.    0.    0.    0.    0.    0.    0.
  0.    0.    0.    0.    0.    0.    0.    0.    0.    0.    0.    0.
  0.    0.    0.    0.    0.    0.   ]
 [0.    0.    0.713 0.    0.321 0.    0.    0.    0.    0.    0.    0.
  0.    0.    0.    0.    0.    0.    0.    0.314 0.    0.    0.    0.
  0.    0.    0.    0.    0.    0.   ]
 [0.    0.    0.    0.    0.382 0.    0.    0.    0.    0.    0.    0.
  0.    0.    0.    0.    0.    0.    0.    0.    0.    0.    0.    0.
  0.    0.    0.    0.    0.    0.   ]
 [0.    0.    0.    0.    0.    0.    0.    0.    0.    0.    0.    0.
  0.    0.    0.    0.    0.    0.    0.    0.    0.    0.    0.    0.
  0.    0.    0.    0.    0.    0.   ]
 [0.    0.    0.    0.    0.341 0.    0.    0.    0.    0.    0.    0.
  0.    0.    0.    0.    0.    0.    0.    0.    0.    0.    0.    0.
  0.    0.    0.    0.    0.    0.   ]
 [0.    0.525 0.693 0.    1.227 0.    0.402 0.    0.452 0.    0.    0.
  0.    0.    0.    0.    0.    0.392 0.319 0.    0.    0.    0.    0.
  0.    0.    0.    0.    0.    0.   ]
 [0.    0.    0.    0.    0.    0.    0.    0.    0.    0.    0.    0.
  0.    0.    0.    0.    0.    0.    0.    0.    0.    0.    0.    0.
  0.    0.    0.    0.    0.    0.   ]
 [0.    0.    0.    0.    0.    0.    0.    0.    0.    0.    0.    0.
  0.    0.    0.    0.    0.    0.    0.    0.    0.    0.    0.    0.
  0.    0.    0.    0.    0.    0.   ]
 [0.    0.    0.407 0.    0.    0.    0.    0.    0.    0.    0.    0.
  0.    0.    0.    0.    0.    0.    0.    0.    0.    0.    0.    0.
  0.    0.    0.    0.    0.    0.   ]
 [0.338 0.553 0.389 0.711 0.504 0.55  0.    0.    0.335 1.347 0.723 0.431
  0.416 0.    0.519 0.696 0.    0.384 0.45  0.586 0.    0.416 0.544 0.404
  0.    0.603 0.    0.    0.485 0.   ]
 [0.    0.405 0.473 0.    0.    0.705 0.    0.    0.    0.401 0.    0.
  0.    0.305 0.    0.409 0.    0.599 0.505 0.    0.    0.    0.    0.
  0.    0.    0.    0.    0.446 0.   ]
 [0.    0.47  0.    0.    0.    0.    0.    0.    0.359 0.    0.    0.
  0.    0.    0.    0.    0.    0.301 0.    0.    0.    0.499 1.373 0.
  0.    0.    0.    0.    0.435 0.   ]
 [0.    0.    0.374 0.    0.543 0.    0.    0.    0.    0.    0.    0.433
  0.    0.    0.    0.    0.    0.    0.    0.    0.    0.324 0.431 0.
  0.    0.    0.    0.    0.    0.   ]
 [0.    0.    0.316 0.    0.    0.    0.    0.    0.    0.    0.    0.
  0.    0.    0.    0.    0.    0.    0.    0.    0.    0.    0.    0.
  0.    0.    0.    0.    0.    0.   ]
 [0.    0.    0.734 0.    0.328 0.    0.    0.    0.    0.    0.    0.
  0.    0.    0.    0.    0.    0.    0.332 0.    0.    0.    0.    0.
  0.    0.    0.    0.    0.    0.   ]]
{'fdr': 0.6666666666666666, 'tpr': 0.4444444444444444, 'fpr': 0.2318840579710145, 'f1': 0.380952380952381, 'shd': 125, 'npred': 120, 'ntrue': 90}
[0.463 0.359 0.204 0.271 0.228 0.075 0.013 0.26  0.016 0.013 0.156 0.021
 0.096 0.147 0.082 0.048 0.13  0.54  0.058 0.043 0.209 0.305 0.149 0.014
 0.036 0.04  0.105 0.216 0.078 0.009 0.113 0.033 0.112 0.068 0.051 0.009
 0.083 0.014 0.01  0.02  0.008 0.034 0.021 0.022 0.018 0.075 0.216 0.023
 0.012 0.04  0.057 0.06  0.004 0.015 0.01  0.019 0.07  0.022 0.015 0.071
 0.055 0.03  0.04  0.019 0.006 0.051 0.005 0.005 0.027 0.021 0.008 0.023
 0.013 0.006 0.038 0.068 0.02  0.008 0.035 0.041 0.013 0.005 0.007 0.013
 0.016 0.016 0.008 0.031 0.213 0.117 0.163 0.084 0.066 0.02  0.128 0.012
 0.006 0.025 0.032 0.018 0.039 0.019 0.032 0.207 0.587 0.024 0.016 0.04
 0.13  0.079 0.005 0.009 0.02  0.026 0.046 0.033 0.018 0.052 0.134 0.037
 0.028 0.041 0.017 0.091 0.016 0.011 0.042 0.014 0.046 0.028 0.04  0.014
 0.018 0.07  0.014 0.004 0.072 0.043 0.076 0.008 0.015 0.014 0.008 0.027
 0.013 0.022 0.079 0.12  0.094 0.141 0.054 0.003 0.075 0.025 0.013 0.058
 0.012 0.029 0.052 0.062 0.054 0.155 0.16  0.071 0.052 0.069 0.04  0.076
 0.007 0.008 0.015 0.033 0.059 0.061 0.077 0.095 0.249 0.094 0.149 0.099
 0.019 0.203 0.02  0.014 0.041 0.059 0.079 0.106 0.065 0.028 0.06  0.308
 0.048 0.011 0.056 0.039 0.153 0.017 0.011 0.027 0.024 0.049 0.047 0.501
 0.511 0.67  0.322 0.321 1.534 0.263 0.543 0.148 0.045 0.327 0.19  0.691
 0.432 0.469 0.06  0.448 0.342 0.243 0.16  0.427 0.373 0.517 0.025 0.057
 0.064 0.1   0.283 0.186 0.029 0.047 0.082 0.04  0.055 0.075 0.017 0.008
 0.026 0.01  0.036 0.014 0.051 0.051 0.051 0.039 0.098 0.029 0.079 0.014
 0.12  0.083 0.067 0.008 0.019 0.013 0.023 0.087 0.043 0.247 0.301 0.72
 0.616 0.294 0.144 0.248 0.05  0.223 0.004 0.31  0.041 1.143 0.094 0.531
 0.089 0.153 0.203 0.408 0.122 0.239 0.275 0.208 0.004 0.015 0.037 0.147
 0.077 0.074 0.375 0.36  0.531 0.84  0.345 0.342 0.321 0.14  0.432 0.793
 0.305 0.103 0.488 0.361 0.317 0.146 0.551 0.55  0.412 0.09  0.552 0.897
 0.418 0.009 0.064 0.092 0.14  0.422 0.15  0.044 0.266 0.163 0.179 0.152
 0.1   0.188 0.014 0.132 0.01  0.015 0.037 0.02  0.069 0.099 0.031 0.13
 0.134 0.1   0.041 0.125 0.713 0.134 0.009 0.02  0.028 0.015 0.032 0.069
 0.164 0.704 0.308 0.191 0.393 0.454 0.094 0.043 0.297 0.086 0.063 0.138
 0.135 0.145 0.187 0.131 0.207 0.83  0.101 0.054 0.338 0.287 0.163 0.012
 0.075 0.035 0.141 0.109 0.087 0.063 0.142 0.949 0.205 0.134 0.143 0.074
 0.008 0.117 0.005 0.01  0.312 0.036 0.136 0.135 0.023 0.115 0.159 0.142
 0.047 0.077 0.141 0.085 0.006 0.005 0.017 0.029 0.04  0.066 0.031 0.298
 0.303 0.145 0.208 0.128 0.087 0.012 0.12  0.039 0.016 0.071 0.049 0.031
 0.083 0.036 0.084 0.33  0.088 0.039 0.176 0.177 0.078 0.01  0.05  0.035
 0.031 0.073 0.025 0.073 0.274 0.31  0.363 0.142 0.106 0.089 0.01  0.097
 0.01  0.01  0.053 0.031 0.043 0.078 0.046 0.171 0.218 0.072 0.021 0.057
 0.14  0.059 0.006 0.01  0.018 0.04  0.029 0.042 0.177 0.285 0.713 0.172
 0.321 0.086 0.17  0.07  0.113 0.091 0.048 0.159 0.039 0.193 0.11  0.108
 0.141 0.194 0.314 0.049 0.191 0.275 0.198 0.028 0.04  0.068 0.039 0.064
 0.173 0.035 0.038 0.179 0.027 0.382 0.059 0.077 0.01  0.078 0.032 0.013
 0.02  0.019 0.043 0.07  0.042 0.036 0.104 0.07  0.013 0.058 0.061 0.042
 0.01  0.011 0.014 0.024 0.053 0.027 0.007 0.046 0.07  0.01  0.068 0.04
 0.014 0.01  0.144 0.017 0.009 0.05  0.009 0.037 0.018 0.029 0.024 0.078
 0.025 0.012 0.028 0.061 0.029 0.007 0.012 0.017 0.018 0.018 0.008 0.095
 0.183 0.268 0.185 0.341 0.094 0.091 0.027 0.1   0.007 0.014 0.068 0.068
 0.051 0.044 0.074 0.014 0.075 0.204 0.035 0.145 0.101 0.101 0.008 0.02
 0.025 0.045 0.051 0.103 0.144 0.525 0.693 0.238 1.227 0.099 0.402 0.038
 0.452 0.047 0.074 0.184 0.084 0.129 0.193 0.286 0.114 0.392 0.319 0.148
 0.152 0.244 0.248 0.013 0.024 0.018 0.105 0.194 0.134 0.035 0.183 0.184
 0.101 0.075 0.093 0.078 0.01  0.047 0.017 0.01  0.046 0.026 0.082 0.026
 0.119 0.037 0.07  0.214 0.04  0.034 0.058 0.121 0.01  0.028 0.01  0.015
 0.036 0.031 0.019 0.132 0.134 0.044 0.133 0.112 0.171 0.014 0.087 0.011
 0.006 0.01  0.018 0.031 0.047 0.042 0.017 0.114 0.07  0.065 0.019 0.112
 0.025 0.007 0.022 0.005 0.011 0.05  0.048 0.035 0.118 0.407 0.065 0.094
 0.087 0.047 0.014 0.141 0.031 0.014 0.057 0.034 0.101 0.094 0.084 0.031
 0.101 0.214 0.039 0.018 0.067 0.178 0.012 0.012 0.023 0.038 0.072 0.041
 0.338 0.553 0.389 0.711 0.504 0.55  0.265 0.249 0.335 1.347 0.723 0.431
 0.416 0.292 0.519 0.696 0.193 0.384 0.45  0.586 0.178 0.416 0.544 0.404
 0.603 0.208 0.248 0.485 0.209 0.175 0.405 0.473 0.277 0.282 0.705 0.259
 0.078 0.296 0.401 0.132 0.258 0.085 0.305 0.133 0.409 0.152 0.599 0.505
 0.211 0.29  0.172 0.199 0.291 0.009 0.058 0.109 0.446 0.187 0.15  0.47
 0.21  0.268 0.151 0.264 0.221 0.075 0.359 0.147 0.048 0.232 0.175 0.19
 0.213 0.218 0.061 0.301 0.224 0.242 0.291 0.499 1.373 0.234 0.026 0.085
 0.092 0.435 0.182 0.092 0.234 0.374 0.235 0.543 0.215 0.231 0.047 0.222
 0.039 0.049 0.433 0.048 0.156 0.22  0.136 0.145 0.248 0.221 0.145 0.048
 0.324 0.431 0.209 0.026 0.058 0.058 0.144 0.187 0.022 0.059 0.316 0.169
 0.16  0.115 0.101 0.015 0.064 0.046 0.015 0.145 0.07  0.135 0.101 0.17
 0.075 0.162 0.273 0.136 0.021 0.13  0.101 0.123 0.008 0.017 0.011 0.053
 0.096 0.065 0.169 0.734 0.142 0.328 0.132 0.125 0.036 0.098 0.074 0.024
 0.07  0.05  0.066 0.157 0.147 0.035 0.207 0.332 0.06  0.056 0.22  0.126
 0.175 0.024 0.037 0.027 0.027 0.098]
[[0. 0. 0. 1. 0. 0. 0. 0. 0. 0. 0. 0. 0. 0. 0. 0. 0. 0. 1. 0. 0. 0. 1. 0.
  0. 0. 0. 0. 0. 0.]
 [1. 0. 0. 0. 0. 0. 0. 0. 0. 0. 0. 0. 0. 0. 0. 1. 0. 0. 1. 0. 0. 0. 0. 0.
  0. 0. 1. 0. 0. 0.]
 [0. 0. 0. 0. 0. 0. 0. 0. 0. 0. 0. 0. 0. 0. 0. 0. 0. 0. 0. 0. 0. 0. 0. 0.
  0. 0. 0. 0. 0. 0.]
 [0. 0. 0. 0. 0. 0. 0. 0. 0. 0. 0. 0. 0. 0. 0. 1. 0. 0. 1. 1. 0. 0. 0. 0.
  0. 0. 0. 0. 0. 0.]
 [0. 0. 0. 0. 0. 0. 0. 0. 0. 0. 0. 0. 0. 0. 0. 0. 0. 0. 0. 0. 0. 0. 0. 0.
  0. 0. 0. 0. 0. 0.]
 [0. 0. 0. 0. 0. 0. 0. 0. 0. 0. 0. 0. 0. 0. 0. 0. 0. 0. 1. 1. 0. 0. 0. 0.
  0. 0. 0. 0. 1. 0.]
 [0. 0. 0. 0. 0. 0. 0. 0. 0. 0. 0. 0. 0. 0. 0. 0. 0. 0. 1. 0. 0. 0. 0. 0.
  0. 0. 0. 0. 0. 0.]
 [1. 0. 0. 0. 0. 1. 0. 0. 0. 0. 0. 0. 0. 0. 0. 0. 0. 0. 0. 1. 0. 0. 0. 0.
  0. 0. 0. 0. 0. 0.]
 [0. 0. 0. 0. 0. 0. 1. 0. 0. 0. 0. 0. 0. 0. 0. 0. 0. 0. 0. 1. 0. 0. 0. 0.
  0. 0. 1. 0. 0. 0.]
 [0. 0. 0. 1. 0. 0. 0. 1. 0. 0. 0. 0. 0. 1. 0. 0. 0. 0. 0. 0. 0. 0. 0. 0.
  0. 0. 0. 0. 0. 0.]
 [1. 0. 0. 1. 0. 0. 0. 0. 0. 0. 0. 0. 0. 0. 0. 1. 0. 0. 0. 0. 1. 1. 1. 0.
  0. 0. 0. 0. 0. 0.]
 [0. 0. 0. 0. 0. 0. 0. 0. 0. 0. 0. 0. 0. 0. 0. 0. 0. 0. 0. 0. 0. 0. 1. 0.
  0. 0. 0. 0. 0. 0.]
 [1. 1. 0. 0. 0. 1. 1. 0. 0. 0. 0. 0. 0. 0. 0. 0. 0. 0. 1. 0. 0. 0. 0. 0.
  0. 1. 0. 0. 1. 0.]
 [1. 1. 1. 0. 0. 0. 0. 1. 0. 0. 0. 1. 0. 0. 0. 0. 0. 0. 0. 1. 0. 0. 0. 0.
  0. 0. 0. 0. 0. 0.]
 [0. 0. 1. 0. 0. 0. 1. 0. 0. 0. 0. 0. 0. 0. 0. 1. 0. 0. 0. 1. 0. 0. 0. 0.
  0. 0. 0. 0. 0. 0.]
 [0. 0. 0. 0. 0. 0. 0. 0. 0. 0. 0. 0. 0. 0. 0. 0. 0. 0. 0. 0. 0. 0. 0. 0.
  0. 0. 0. 0. 0. 0.]
 [0. 0. 1. 0. 0. 0. 1. 0. 0. 0. 0. 0. 1. 0. 0. 0. 0. 0. 0. 1. 0. 0. 0. 0.
  0. 0. 1. 0. 0. 1.]
 [0. 0. 0. 1. 1. 0. 0. 0. 1. 0. 0. 0. 0. 0. 0. 1. 0. 0. 0. 0. 0. 0. 0. 0.
  0. 0. 0. 0. 1. 0.]
 [0. 0. 0. 0. 0. 0. 0. 0. 0. 0. 0. 0. 0. 0. 0. 0. 0. 0. 0. 0. 0. 0. 0. 0.
  0. 0. 0. 0. 0. 0.]
 [0. 0. 0. 0. 0. 0. 0. 0. 0. 0. 0. 0. 0. 0. 0. 0. 0. 0. 0. 0. 0. 0. 0. 0.
  0. 0. 0. 0. 1. 0.]
 [1. 1. 1. 0. 1. 0. 0. 0. 0. 0. 0. 1. 0. 0. 0. 0. 0. 0. 0. 1. 0. 0. 0. 0.
  0. 0. 0. 0. 0. 0.]
 [1. 0. 0. 0. 0. 0. 0. 0. 0. 0. 0. 0. 0. 0. 0. 0. 0. 0. 0. 0. 0. 0. 0. 0.
  0. 0. 0. 0. 0. 0.]
 [0. 0. 0. 0. 0. 0. 0. 0. 0. 0. 0. 0. 0. 0. 0. 0. 0. 0. 0. 0. 0. 0. 0. 0.
  0. 0. 0. 0. 0. 0.]
 [1. 0. 0. 0. 0. 0. 0. 0. 0. 0. 0. 0. 0. 0. 0. 0. 0. 0. 0. 0. 0. 0. 0. 0.
  0. 0. 0. 0. 0. 0.]
 [0. 0. 0. 0. 0. 1. 0. 0. 0. 1. 1. 0. 0. 0. 0. 0. 0. 1. 0. 0. 0. 0. 1. 0.
  0. 1. 0. 0. 1. 0.]
 [0. 0. 0. 0. 0. 1. 0. 0. 0. 0. 0. 0. 0. 0. 0. 0. 0. 0. 0. 0. 0. 0. 0. 1.
  0. 0. 1. 0. 1. 1.]
 [0. 0. 0. 0. 0. 0. 0. 0. 0. 0. 0. 0. 0. 0. 0. 0. 0. 0. 1. 0. 0. 0. 1. 0.
  0. 0. 0. 0. 1. 0.]
 [0. 0. 0. 0. 1. 0. 0. 1. 0. 0. 0. 1. 0. 0. 0. 0. 0. 1. 0. 0. 0. 0. 0. 1.
  0. 0. 0. 0. 0. 0.]
 [0. 0. 0. 0. 0. 0. 0. 0. 0. 0. 0. 0. 0. 0. 0. 0. 0. 0. 0. 0. 0. 0. 0. 0.
  0. 0. 0. 0. 0. 0.]
 [0. 0. 1. 0. 0. 0. 0. 0. 0. 0. 0. 0. 0. 0. 0. 0. 0. 1. 0. 0. 0. 0. 0. 0.
  0. 0. 1. 0. 0. 0.]]
[0. 0. 1. 0. 0. 0. 0. 0. 0. 0. 0. 0. 0. 0. 0. 0. 0. 1. 0. 0. 0. 1. 0. 0.
 0. 0. 0. 0. 0. 1. 0. 0. 0. 0. 0. 0. 0. 0. 0. 0. 0. 0. 0. 1. 0. 0. 1. 0.
 0. 0. 0. 0. 0. 0. 1. 0. 0. 0. 0. 0. 0. 0. 0. 0. 0. 0. 0. 0. 0. 0. 0. 0.
 0. 0. 0. 0. 0. 0. 0. 0. 0. 0. 0. 0. 0. 0. 0. 0. 0. 0. 0. 0. 0. 0. 0. 0.
 0. 0. 0. 0. 0. 1. 0. 0. 1. 1. 0. 0. 0. 0. 0. 0. 0. 0. 0. 0. 0. 0. 0. 0.
 0. 0. 0. 0. 0. 0. 0. 0. 0. 0. 0. 0. 0. 0. 0. 0. 0. 0. 0. 0. 0. 0. 0. 0.
 0. 0. 0. 0. 0. 0. 0. 0. 0. 0. 0. 0. 0. 0. 0. 0. 0. 0. 1. 1. 0. 0. 0. 0.
 0. 0. 0. 0. 1. 0. 0. 0. 0. 0. 0. 0. 0. 0. 0. 0. 0. 0. 0. 0. 0. 0. 0. 1.
 0. 0. 0. 0. 0. 0. 0. 0. 0. 0. 0. 1. 0. 0. 0. 0. 1. 0. 0. 0. 0. 0. 0. 0.
 0. 0. 0. 0. 0. 1. 0. 0. 0. 0. 0. 0. 0. 0. 0. 0. 0. 0. 0. 0. 0. 0. 1. 0.
 0. 0. 0. 0. 0. 0. 0. 0. 0. 0. 1. 0. 0. 0. 0. 0. 0. 1. 0. 0. 0. 0. 0. 0.
 1. 0. 0. 0. 1. 0. 0. 0. 0. 1. 0. 0. 0. 0. 0. 0. 0. 0. 0. 0. 0. 0. 0. 0.
 0. 0. 1. 0. 0. 1. 0. 0. 0. 0. 0. 0. 0. 0. 0. 0. 1. 0. 0. 0. 0. 1. 1. 1.
 0. 0. 0. 0. 0. 0. 0. 0. 0. 0. 0. 0. 0. 0. 0. 0. 0. 0. 0. 0. 0. 0. 0. 0.
 0. 0. 0. 0. 1. 0. 0. 0. 0. 0. 0. 0. 1. 1. 0. 0. 0. 1. 1. 0. 0. 0. 0. 0.
 0. 0. 0. 0. 0. 1. 0. 0. 0. 0. 0. 0. 1. 0. 0. 1. 0. 1. 1. 1. 0. 0. 0. 0.
 1. 0. 0. 0. 1. 0. 0. 0. 0. 0. 0. 1. 0. 0. 0. 0. 0. 0. 0. 0. 0. 0. 0. 0.
 1. 0. 0. 0. 1. 0. 0. 0. 0. 0. 0. 0. 1. 0. 0. 0. 1. 0. 0. 0. 0. 0. 0. 0.
 0. 0. 0. 0. 0. 0. 0. 0. 0. 0. 0. 0. 0. 0. 0. 0. 0. 0. 0. 0. 0. 0. 0. 0.
 0. 0. 0. 0. 0. 0. 0. 0. 0. 0. 1. 0. 0. 0. 1. 0. 0. 0. 0. 0. 1. 0. 0. 0.
 0. 0. 1. 0. 0. 0. 0. 0. 0. 1. 0. 0. 1. 0. 0. 0. 1. 1. 0. 0. 0. 1. 0. 0.
 0. 0. 0. 0. 1. 0. 0. 0. 0. 0. 0. 0. 0. 0. 0. 0. 1. 0. 0. 0. 0. 0. 0. 0.
 0. 0. 0. 0. 0. 0. 0. 0. 0. 0. 0. 0. 0. 0. 0. 0. 0. 0. 0. 0. 0. 0. 0. 0.
 0. 0. 0. 0. 0. 0. 0. 0. 0. 0. 0. 0. 0. 0. 0. 0. 0. 0. 0. 0. 0. 0. 0. 0.
 0. 0. 1. 0. 1. 1. 1. 0. 1. 0. 0. 0. 0. 0. 0. 1. 0. 0. 0. 0. 0. 0. 0. 1.
 0. 0. 0. 0. 0. 0. 0. 0. 0. 1. 0. 0. 0. 0. 0. 0. 0. 0. 0. 0. 0. 0. 0. 0.
 0. 0. 0. 0. 0. 0. 0. 0. 0. 0. 0. 0. 0. 0. 0. 0. 0. 0. 0. 0. 0. 0. 0. 0.
 0. 0. 0. 0. 0. 0. 0. 0. 0. 0. 0. 0. 0. 0. 0. 0. 0. 0. 0. 1. 0. 0. 0. 0.
 0. 0. 0. 0. 0. 0. 0. 0. 0. 0. 0. 0. 0. 0. 0. 0. 0. 0. 0. 0. 0. 0. 0. 0.
 0. 0. 0. 0. 0. 1. 0. 0. 0. 1. 1. 0. 0. 0. 0. 0. 0. 1. 0. 0. 0. 0. 1. 0.
 1. 0. 0. 1. 0. 0. 0. 0. 0. 0. 1. 0. 0. 0. 0. 0. 0. 0. 0. 0. 0. 0. 0. 0.
 0. 0. 0. 0. 1. 0. 1. 0. 1. 1. 0. 0. 0. 0. 0. 0. 0. 0. 0. 0. 0. 0. 0. 0.
 0. 0. 0. 0. 1. 0. 0. 0. 1. 0. 0. 0. 0. 1. 0. 0. 0. 0. 0. 1. 0. 0. 1. 0.
 0. 0. 1. 0. 0. 0. 0. 0. 1. 0. 0. 0. 0. 0. 1. 0. 0. 0. 0. 0. 0. 0. 0. 0.
 0. 0. 0. 0. 0. 0. 0. 0. 0. 0. 0. 0. 0. 0. 0. 0. 0. 0. 0. 0. 0. 0. 0. 0.
 0. 0. 0. 1. 0. 0. 0. 0. 0. 0. 0. 0. 0. 0. 0. 0. 0. 0. 1. 0. 0. 0. 0. 0.
 0. 0. 0. 1. 0. 0.]
aucroc, aucpr (0.7227777777777777, 0.4036422376616937)
Iterations 567
Achieves (13.598573656938171, 1e-05)-DP
