samples  5000  graph  30 90 ER mlp  minibatch size  100  noise  1.0  minibatches per NN training  63 quantile adaptive clipping
cuda
cuda
iteration 1 in inner loop,alpha 0.0 rho 1.0 h 2.115034010050131
iteration 1 in outer loop, alpha = 2.115034010050131, rho = 1.0, h = 2.115034010050131
cuda
iteration 1 in inner loop,alpha 2.115034010050131 rho 1.0 h 1.3374026753201562
iteration 2 in inner loop,alpha 2.115034010050131 rho 10.0 h 0.5764720350935555
iteration 3 in inner loop,alpha 2.115034010050131 rho 100.0 h 0.17913910773663844
iteration 2 in outer loop, alpha = 20.028944783713975, rho = 100.0, h = 0.17913910773663844
cuda
iteration 1 in inner loop,alpha 20.028944783713975 rho 100.0 h 0.09527302396207205
iteration 2 in inner loop,alpha 20.028944783713975 rho 1000.0 h 0.03353337960312075
iteration 3 in outer loop, alpha = 53.562324386834725, rho = 1000.0, h = 0.03353337960312075
cuda
iteration 1 in inner loop,alpha 53.562324386834725 rho 1000.0 h 0.017592909973625837
iteration 2 in inner loop,alpha 53.562324386834725 rho 10000.0 h 0.005655838643100708
iteration 4 in outer loop, alpha = 110.1207108178418, rho = 10000.0, h = 0.005655838643100708
cuda
iteration 1 in inner loop,alpha 110.1207108178418 rho 10000.0 h 0.002958305061380173
iteration 2 in inner loop,alpha 110.1207108178418 rho 100000.0 h 0.0009249047012644951
iteration 5 in outer loop, alpha = 202.6111809442913, rho = 100000.0, h = 0.0009249047012644951
cuda
iteration 1 in inner loop,alpha 202.6111809442913 rho 100000.0 h 0.000499167165987302
iteration 6 in outer loop, alpha = 701.7783469315933, rho = 1000000.0, h = 0.000499167165987302
Threshold 0.3
[[0.006 0.001 0.001 1.917 0.    0.001 0.    0.    0.001 0.    0.    0.002
  0.    0.    0.001 0.184 0.001 0.    0.917 0.298 0.    0.    1.652 0.
  0.    0.    0.083 0.    0.11  0.   ]
 [1.024 0.002 0.363 0.474 0.    0.138 0.001 0.414 0.001 0.    0.    1.055
  0.    0.    0.001 1.593 0.    0.001 0.942 0.383 0.001 0.    0.102 0.
  0.    0.001 0.467 0.    0.204 0.   ]
 [0.358 0.002 0.003 0.275 0.001 0.11  0.    0.264 0.    0.    0.    0.288
  0.    0.    0.    0.227 0.    0.001 0.142 0.228 0.    0.    0.117 0.
  0.    0.    0.22  0.001 0.202 0.   ]
 [0.    0.    0.    0.007 0.    0.    0.002 0.    0.    0.    0.    0.001
  0.    0.    0.    1.712 0.    0.    0.795 1.195 0.    0.    0.225 0.
  0.    0.    0.052 0.    0.141 0.   ]
 [0.197 0.161 0.232 0.13  0.002 0.128 0.009 0.144 0.001 0.    0.    0.256
  0.    0.    0.    0.253 0.    0.    0.097 0.268 0.    0.    0.079 0.
  0.    0.    0.087 0.    0.194 0.   ]
 [0.414 0.001 0.001 0.226 0.001 0.002 0.001 0.    0.    0.    0.    0.001
  0.    0.    0.    0.146 0.    0.001 0.835 1.235 0.    0.    0.098 0.
  0.    0.    0.026 0.    1.195 0.   ]
 [0.077 0.205 0.152 0.131 0.056 0.135 0.002 0.083 0.581 0.006 0.031 0.096
  0.001 0.005 0.    0.146 0.    0.001 0.608 0.116 0.033 0.063 0.081 0.
  0.    0.002 0.098 0.    0.05  0.001]
 [0.999 0.001 0.003 0.515 0.001 2.013 0.003 0.002 0.    0.    0.    0.003
  0.001 0.    0.    0.209 0.    0.    0.137 1.241 0.    0.001 0.093 0.
  0.    0.    0.031 0.    0.202 0.   ]
 [0.152 0.235 0.11  0.179 0.136 0.084 0.001 0.172 0.001 0.005 0.094 0.115
  0.    0.018 0.    0.253 0.    0.001 0.109 1.136 0.114 0.168 0.122 0.011
  0.    0.004 0.437 0.    0.109 0.001]
 [0.161 0.135 0.166 1.447 0.053 0.313 0.022 2.607 0.016 0.004 0.427 0.576
  0.001 3.387 0.016 0.319 0.002 0.466 0.116 0.218 0.272 0.101 0.378 0.111
  0.001 0.456 0.219 0.    0.273 0.286]
 [1.015 0.116 0.119 1.792 0.146 0.176 0.032 0.203 0.004 0.    0.001 0.243
  0.006 0.085 0.001 1.135 0.    0.078 0.272 0.146 2.803 1.131 1.417 0.076
  0.001 0.282 0.127 0.001 0.096 0.079]
 [0.204 0.    0.002 0.252 0.001 0.106 0.002 0.256 0.001 0.    0.    0.003
  0.    0.    0.    0.197 0.    0.    0.14  0.326 0.    0.    1.408 0.001
  0.    0.    0.007 0.    0.14  0.   ]
 [1.053 0.826 0.069 0.207 0.007 1.78  0.633 0.121 0.171 0.028 0.058 0.245
  0.001 0.001 0.001 0.107 0.009 0.165 0.555 0.076 0.032 0.024 0.179 0.046
  0.003 3.164 0.135 0.004 1.051 0.464]
 [0.968 2.175 1.875 0.661 0.028 0.27  0.011 1.884 0.002 0.    0.005 1.888
  0.004 0.001 0.001 0.296 0.001 0.195 0.337 0.864 0.128 0.012 0.195 0.004
  0.    0.027 0.087 0.    0.264 0.073]
 [0.147 0.072 1.624 0.147 0.09  0.151 0.413 0.096 0.    0.001 0.004 0.075
  0.008 0.04  0.    1.407 0.016 0.064 0.067 0.821 0.028 0.017 0.136 0.012
  0.006 0.082 0.011 0.029 0.049 0.06 ]
 [0.    0.    0.    0.001 0.001 0.    0.    0.    0.    0.    0.    0.
  0.    0.    0.    0.003 0.    0.    0.061 0.291 0.    0.    0.004 0.
  0.    0.    0.001 0.    0.068 0.   ]
 [0.155 0.041 1.422 0.198 0.018 0.085 0.692 0.143 0.041 0.023 0.004 0.154
  0.006 0.001 0.001 0.103 0.001 0.039 0.083 0.832 0.053 0.022 0.079 0.027
  0.012 0.016 0.423 0.006 0.172 1.975]
 [0.139 0.136 0.16  1.478 1.362 0.101 0.189 0.294 0.154 0.    0.001 0.318
  0.    0.    0.001 1.169 0.    0.001 0.149 0.251 0.024 0.003 0.169 0.
  0.    0.    0.108 0.    0.992 0.   ]
 [0.002 0.    0.    0.007 0.001 0.    0.001 0.001 0.    0.    0.    0.001
  0.    0.    0.001 0.029 0.    0.    0.009 0.013 0.    0.    0.012 0.
  0.    0.    0.029 0.    0.008 0.   ]
 [0.    0.    0.    0.001 0.001 0.    0.    0.    0.    0.    0.    0.
  0.    0.    0.    0.    0.    0.    0.035 0.003 0.    0.    0.003 0.
  0.    0.    0.002 0.    1.197 0.   ]
 [0.925 1.234 1.832 0.337 2.123 0.085 0.005 0.117 0.001 0.    0.    1.294
  0.001 0.001 0.001 0.634 0.002 0.011 0.135 1.046 0.002 0.    0.207 0.001
  0.    0.005 0.221 0.    0.129 0.004]
 [0.773 0.248 0.195 0.166 0.129 0.036 0.009 0.147 0.001 0.001 0.    0.259
  0.004 0.029 0.002 0.32  0.001 0.048 0.114 0.146 0.456 0.001 0.077 0.037
  0.    0.11  0.09  0.    0.1   0.024]
 [0.    0.001 0.    0.002 0.001 0.001 0.001 0.    0.001 0.    0.    0.001
  0.    0.    0.    0.155 0.    0.    0.103 0.123 0.    0.    0.005 0.
  0.    0.    0.003 0.    0.238 0.   ]
 [1.193 0.085 0.083 0.198 0.109 0.038 0.071 0.283 0.006 0.002 0.001 0.116
  0.    0.041 0.001 0.09  0.006 0.194 0.104 0.113 0.084 0.002 0.103 0.001
  0.002 0.    0.006 0.    0.175 0.094]
 [0.049 0.257 0.024 0.269 0.106 0.156 0.075 0.446 0.    4.105 1.049 0.224
  0.012 0.332 0.001 0.038 0.013 0.176 0.08  0.089 0.116 0.02  0.194 0.001
  0.001 1.672 0.03  0.    0.737 0.157]
 [0.473 0.382 0.202 0.267 0.093 1.983 0.086 0.131 0.049 0.    0.    0.066
  0.    0.012 0.001 0.153 0.001 0.39  0.22  0.2   0.098 0.003 0.059 0.249
  0.001 0.001 0.614 0.014 1.229 1.91 ]
 [0.005 0.005 0.001 0.019 0.005 0.014 0.002 0.003 0.001 0.    0.    0.077
  0.    0.    0.    0.263 0.    0.003 0.217 0.232 0.002 0.    1.564 0.002
  0.    0.    0.006 0.    1.17  0.001]
 [0.222 0.023 0.014 0.116 2.202 0.197 0.035 1.738 0.022 0.    0.012 2.03
  0.002 0.038 0.001 0.141 0.022 1.034 0.132 0.331 0.006 0.039 0.093 1.494
  0.006 0.001 0.044 0.001 0.119 0.077]
 [0.    0.001 0.    0.    0.    0.    0.001 0.    0.    0.    0.    0.
  0.    0.    0.001 0.001 0.    0.    0.081 0.    0.    0.001 0.002 0.001
  0.    0.    0.002 0.    0.003 0.   ]
 [0.214 0.076 1.814 0.2   0.111 0.092 0.06  0.09  0.054 0.001 0.    0.119
  0.    0.001 0.001 0.176 0.    1.119 0.116 0.195 0.031 0.002 0.125 0.002
  0.    0.    0.635 0.    0.378 0.001]]
[[0.    0.    0.    1.917 0.    0.    0.    0.    0.    0.    0.    0.
  0.    0.    0.    0.    0.    0.    0.917 0.    0.    0.    1.652 0.
  0.    0.    0.    0.    0.    0.   ]
 [1.024 0.    0.363 0.474 0.    0.    0.    0.414 0.    0.    0.    1.055
  0.    0.    0.    1.593 0.    0.    0.942 0.383 0.    0.    0.    0.
  0.    0.    0.467 0.    0.    0.   ]
 [0.358 0.    0.    0.    0.    0.    0.    0.    0.    0.    0.    0.
  0.    0.    0.    0.    0.    0.    0.    0.    0.    0.    0.    0.
  0.    0.    0.    0.    0.    0.   ]
 [0.    0.    0.    0.    0.    0.    0.    0.    0.    0.    0.    0.
  0.    0.    0.    1.712 0.    0.    0.795 1.195 0.    0.    0.    0.
  0.    0.    0.    0.    0.    0.   ]
 [0.    0.    0.    0.    0.    0.    0.    0.    0.    0.    0.    0.
  0.    0.    0.    0.    0.    0.    0.    0.    0.    0.    0.    0.
  0.    0.    0.    0.    0.    0.   ]
 [0.414 0.    0.    0.    0.    0.    0.    0.    0.    0.    0.    0.
  0.    0.    0.    0.    0.    0.    0.835 1.235 0.    0.    0.    0.
  0.    0.    0.    0.    1.195 0.   ]
 [0.    0.    0.    0.    0.    0.    0.    0.    0.581 0.    0.    0.
  0.    0.    0.    0.    0.    0.    0.608 0.    0.    0.    0.    0.
  0.    0.    0.    0.    0.    0.   ]
 [0.999 0.    0.    0.515 0.    2.013 0.    0.    0.    0.    0.    0.
  0.    0.    0.    0.    0.    0.    0.    1.241 0.    0.    0.    0.
  0.    0.    0.    0.    0.    0.   ]
 [0.    0.    0.    0.    0.    0.    0.    0.    0.    0.    0.    0.
  0.    0.    0.    0.    0.    0.    0.    1.136 0.    0.    0.    0.
  0.    0.    0.437 0.    0.    0.   ]
 [0.    0.    0.    1.447 0.    0.313 0.    2.607 0.    0.    0.427 0.576
  0.    3.387 0.    0.319 0.    0.466 0.    0.    0.    0.    0.378 0.
  0.    0.456 0.    0.    0.    0.   ]
 [1.015 0.    0.    1.792 0.    0.    0.    0.    0.    0.    0.    0.
  0.    0.    0.    1.135 0.    0.    0.    0.    2.803 1.131 1.417 0.
  0.    0.    0.    0.    0.    0.   ]
 [0.    0.    0.    0.    0.    0.    0.    0.    0.    0.    0.    0.
  0.    0.    0.    0.    0.    0.    0.    0.326 0.    0.    1.408 0.
  0.    0.    0.    0.    0.    0.   ]
 [1.053 0.826 0.    0.    0.    1.78  0.633 0.    0.    0.    0.    0.
  0.    0.    0.    0.    0.    0.    0.555 0.    0.    0.    0.    0.
  0.    3.164 0.    0.    1.051 0.464]
 [0.968 2.175 1.875 0.661 0.    0.    0.    1.884 0.    0.    0.    1.888
  0.    0.    0.    0.    0.    0.    0.337 0.864 0.    0.    0.    0.
  0.    0.    0.    0.    0.    0.   ]
 [0.    0.    1.624 0.    0.    0.    0.413 0.    0.    0.    0.    0.
  0.    0.    0.    1.407 0.    0.    0.    0.821 0.    0.    0.    0.
  0.    0.    0.    0.    0.    0.   ]
 [0.    0.    0.    0.    0.    0.    0.    0.    0.    0.    0.    0.
  0.    0.    0.    0.    0.    0.    0.    0.    0.    0.    0.    0.
  0.    0.    0.    0.    0.    0.   ]
 [0.    0.    1.422 0.    0.    0.    0.692 0.    0.    0.    0.    0.
  0.    0.    0.    0.    0.    0.    0.    0.832 0.    0.    0.    0.
  0.    0.    0.423 0.    0.    1.975]
 [0.    0.    0.    1.478 1.362 0.    0.    0.    0.    0.    0.    0.318
  0.    0.    0.    1.169 0.    0.    0.    0.    0.    0.    0.    0.
  0.    0.    0.    0.    0.992 0.   ]
 [0.    0.    0.    0.    0.    0.    0.    0.    0.    0.    0.    0.
  0.    0.    0.    0.    0.    0.    0.    0.    0.    0.    0.    0.
  0.    0.    0.    0.    0.    0.   ]
 [0.    0.    0.    0.    0.    0.    0.    0.    0.    0.    0.    0.
  0.    0.    0.    0.    0.    0.    0.    0.    0.    0.    0.    0.
  0.    0.    0.    0.    1.197 0.   ]
 [0.925 1.234 1.832 0.337 2.123 0.    0.    0.    0.    0.    0.    1.294
  0.    0.    0.    0.634 0.    0.    0.    1.046 0.    0.    0.    0.
  0.    0.    0.    0.    0.    0.   ]
 [0.773 0.    0.    0.    0.    0.    0.    0.    0.    0.    0.    0.
  0.    0.    0.    0.32  0.    0.    0.    0.    0.456 0.    0.    0.
  0.    0.    0.    0.    0.    0.   ]
 [0.    0.    0.    0.    0.    0.    0.    0.    0.    0.    0.    0.
  0.    0.    0.    0.    0.    0.    0.    0.    0.    0.    0.    0.
  0.    0.    0.    0.    0.    0.   ]
 [1.193 0.    0.    0.    0.    0.    0.    0.    0.    0.    0.    0.
  0.    0.    0.    0.    0.    0.    0.    0.    0.    0.    0.    0.
  0.    0.    0.    0.    0.    0.   ]
 [0.    0.    0.    0.    0.    0.    0.    0.446 0.    4.105 1.049 0.
  0.    0.332 0.    0.    0.    0.    0.    0.    0.    0.    0.    0.
  0.    1.672 0.    0.    0.737 0.   ]
 [0.473 0.382 0.    0.    0.    1.983 0.    0.    0.    0.    0.    0.
  0.    0.    0.    0.    0.    0.39  0.    0.    0.    0.    0.    0.
  0.    0.    0.614 0.    1.229 1.91 ]
 [0.    0.    0.    0.    0.    0.    0.    0.    0.    0.    0.    0.
  0.    0.    0.    0.    0.    0.    0.    0.    0.    0.    1.564 0.
  0.    0.    0.    0.    1.17  0.   ]
 [0.    0.    0.    0.    2.202 0.    0.    1.738 0.    0.    0.    2.03
  0.    0.    0.    0.    0.    1.034 0.    0.331 0.    0.    0.    1.494
  0.    0.    0.    0.    0.    0.   ]
 [0.    0.    0.    0.    0.    0.    0.    0.    0.    0.    0.    0.
  0.    0.    0.    0.    0.    0.    0.    0.    0.    0.    0.    0.
  0.    0.    0.    0.    0.    0.   ]
 [0.    0.    1.814 0.    0.    0.    0.    0.    0.    0.    0.    0.
  0.    0.    0.    0.    0.    1.119 0.    0.    0.    0.    0.    0.
  0.    0.    0.635 0.    0.378 0.   ]]
{'fdr': 0.2807017543859649, 'tpr': 0.9111111111111111, 'fpr': 0.0927536231884058, 'f1': 0.803921568627451, 'shd': 39, 'npred': 114, 'ntrue': 90}
[7.804e-04 7.848e-04 1.917e+00 4.199e-04 5.824e-04 4.376e-04 4.961e-04
 5.582e-04 2.394e-05 1.921e-05 1.752e-03 5.546e-05 2.011e-05 9.092e-04
 1.842e-01 6.724e-04 3.082e-04 9.169e-01 2.976e-01 4.206e-04 1.694e-04
 1.652e+00 8.681e-05 1.874e-05 2.574e-05 8.339e-02 1.840e-05 1.098e-01
 1.160e-04 1.024e+00 3.633e-01 4.744e-01 3.746e-04 1.381e-01 1.426e-03
 4.142e-01 9.982e-04 9.089e-06 2.773e-05 1.055e+00 3.098e-04 1.586e-04
 6.111e-04 1.593e+00 6.114e-05 1.028e-03 9.419e-01 3.831e-01 6.348e-04
 2.984e-04 1.016e-01 4.804e-04 8.845e-07 6.138e-04 4.667e-01 1.570e-04
 2.041e-01 4.832e-04 3.576e-01 1.686e-03 2.750e-01 7.088e-04 1.103e-01
 3.050e-04 2.639e-01 2.993e-04 1.056e-04 2.178e-05 2.879e-01 7.369e-05
 2.007e-04 1.245e-05 2.269e-01 3.145e-04 1.045e-03 1.423e-01 2.280e-01
 2.778e-04 6.272e-05 1.167e-01 3.023e-04 4.980e-05 2.915e-05 2.197e-01
 1.008e-03 2.015e-01 9.623e-05 7.654e-05 2.994e-04 4.528e-04 2.705e-04
 3.115e-04 1.863e-03 8.084e-05 1.520e-04 4.697e-05 1.325e-04 6.557e-04
 1.003e-05 2.251e-05 2.860e-04 1.712e+00 2.407e-05 1.216e-04 7.950e-01
 1.195e+00 1.001e-04 7.693e-05 2.253e-01 4.260e-05 1.533e-06 4.475e-05
 5.201e-02 2.159e-05 1.410e-01 6.476e-05 1.967e-01 1.612e-01 2.323e-01
 1.298e-01 1.284e-01 8.869e-03 1.439e-01 7.179e-04 2.372e-04 2.184e-05
 2.560e-01 2.194e-05 3.542e-04 3.633e-04 2.533e-01 1.306e-04 2.658e-04
 9.691e-02 2.684e-01 4.753e-04 3.108e-04 7.876e-02 2.786e-04 1.483e-05
 6.949e-05 8.687e-02 2.651e-05 1.943e-01 1.543e-04 4.135e-01 7.121e-04
 8.991e-04 2.260e-01 9.550e-04 1.249e-03 4.053e-04 1.749e-04 7.863e-06
 2.940e-05 1.042e-03 2.004e-05 5.327e-05 3.994e-04 1.456e-01 1.293e-04
 1.101e-03 8.351e-01 1.235e+00 1.952e-05 3.892e-04 9.811e-02 1.165e-04
 8.567e-06 9.376e-05 2.644e-02 5.101e-05 1.195e+00 1.706e-04 7.675e-02
 2.048e-01 1.520e-01 1.305e-01 5.591e-02 1.353e-01 8.253e-02 5.812e-01
 5.857e-03 3.065e-02 9.564e-02 5.546e-04 4.772e-03 2.652e-04 1.460e-01
 4.126e-04 5.301e-04 6.077e-01 1.164e-01 3.339e-02 6.343e-02 8.130e-02
 3.959e-04 3.383e-04 1.701e-03 9.824e-02 1.102e-04 4.976e-02 6.713e-04
 9.993e-01 7.831e-04 3.126e-03 5.149e-01 9.384e-04 2.013e+00 2.574e-03
 4.091e-04 6.946e-06 6.124e-05 3.053e-03 5.288e-04 1.238e-04 1.827e-04
 2.095e-01 9.951e-05 2.342e-04 1.366e-01 1.241e+00 2.059e-04 6.117e-04
 9.263e-02 1.391e-04 5.102e-05 1.641e-04 3.066e-02 6.864e-05 2.019e-01
 4.536e-04 1.524e-01 2.351e-01 1.099e-01 1.789e-01 1.365e-01 8.389e-02
 8.895e-04 1.721e-01 4.870e-03 9.398e-02 1.151e-01 1.764e-04 1.804e-02
 1.624e-04 2.529e-01 1.443e-04 1.095e-03 1.094e-01 1.136e+00 1.141e-01
 1.684e-01 1.223e-01 1.111e-02 1.791e-04 4.125e-03 4.370e-01 2.530e-04
 1.090e-01 7.329e-04 1.607e-01 1.345e-01 1.655e-01 1.447e+00 5.323e-02
 3.128e-01 2.205e-02 2.607e+00 1.634e-02 4.273e-01 5.756e-01 7.267e-04
 3.387e+00 1.580e-02 3.189e-01 1.610e-03 4.662e-01 1.164e-01 2.177e-01
 2.720e-01 1.012e-01 3.783e-01 1.106e-01 5.602e-04 4.557e-01 2.190e-01
 2.278e-04 2.732e-01 2.861e-01 1.015e+00 1.159e-01 1.187e-01 1.792e+00
 1.461e-01 1.759e-01 3.245e-02 2.033e-01 4.315e-03 4.192e-04 2.434e-01
 6.157e-03 8.464e-02 7.103e-04 1.135e+00 4.379e-04 7.834e-02 2.724e-01
 1.457e-01 2.803e+00 1.131e+00 1.417e+00 7.635e-02 1.103e-03 2.818e-01
 1.274e-01 5.480e-04 9.602e-02 7.902e-02 2.042e-01 1.571e-04 2.049e-03
 2.520e-01 5.136e-04 1.062e-01 1.819e-03 2.560e-01 5.372e-04 3.013e-05
 2.527e-05 7.730e-05 4.677e-05 2.414e-04 1.969e-01 4.168e-04 1.599e-04
 1.397e-01 3.258e-01 2.427e-04 4.402e-05 1.408e+00 1.265e-03 2.093e-05
 3.662e-04 6.974e-03 1.286e-04 1.397e-01 4.228e-04 1.053e+00 8.255e-01
 6.921e-02 2.065e-01 7.264e-03 1.780e+00 6.326e-01 1.207e-01 1.708e-01
 2.799e-02 5.812e-02 2.447e-01 5.345e-04 8.473e-04 1.068e-01 9.290e-03
 1.648e-01 5.553e-01 7.603e-02 3.215e-02 2.434e-02 1.792e-01 4.568e-02
 2.579e-03 3.164e+00 1.353e-01 3.578e-03 1.051e+00 4.638e-01 9.677e-01
 2.175e+00 1.875e+00 6.610e-01 2.780e-02 2.696e-01 1.109e-02 1.884e+00
 1.719e-03 2.507e-04 4.985e-03 1.888e+00 4.292e-03 6.701e-04 2.965e-01
 5.822e-04 1.953e-01 3.374e-01 8.639e-01 1.277e-01 1.187e-02 1.946e-01
 3.501e-03 6.941e-05 2.735e-02 8.712e-02 3.412e-04 2.641e-01 7.343e-02
 1.472e-01 7.160e-02 1.624e+00 1.472e-01 8.962e-02 1.515e-01 4.130e-01
 9.635e-02 3.150e-04 6.708e-04 3.899e-03 7.531e-02 8.266e-03 3.962e-02
 1.407e+00 1.633e-02 6.388e-02 6.704e-02 8.207e-01 2.758e-02 1.652e-02
 1.361e-01 1.195e-02 5.857e-03 8.193e-02 1.063e-02 2.906e-02 4.850e-02
 6.016e-02 2.781e-05 1.046e-04 3.541e-04 8.177e-04 7.459e-04 2.174e-04
 2.700e-04 7.722e-05 1.120e-05 2.063e-05 1.563e-04 3.076e-04 1.361e-05
 1.241e-05 1.554e-05 1.215e-05 4.392e-05 6.076e-02 2.911e-01 2.916e-05
 3.660e-05 3.807e-03 4.594e-05 1.274e-05 2.524e-05 1.072e-03 3.768e-06
 6.783e-02 5.251e-05 1.553e-01 4.126e-02 1.422e+00 1.982e-01 1.822e-02
 8.529e-02 6.924e-01 1.434e-01 4.091e-02 2.297e-02 3.557e-03 1.536e-01
 5.722e-03 5.465e-04 6.060e-04 1.034e-01 3.927e-02 8.276e-02 8.320e-01
 5.344e-02 2.201e-02 7.941e-02 2.748e-02 1.233e-02 1.555e-02 4.230e-01
 5.520e-03 1.715e-01 1.975e+00 1.386e-01 1.358e-01 1.602e-01 1.478e+00
 1.362e+00 1.010e-01 1.893e-01 2.937e-01 1.539e-01 4.215e-04 1.366e-03
 3.175e-01 3.484e-05 2.442e-04 5.483e-04 1.169e+00 1.895e-05 1.487e-01
 2.510e-01 2.373e-02 2.996e-03 1.686e-01 1.332e-04 2.688e-05 9.346e-05
 1.084e-01 2.924e-05 9.919e-01 1.497e-04 2.387e-03 3.653e-04 4.043e-04
 6.828e-03 1.073e-03 2.686e-04 1.174e-03 5.164e-04 3.774e-04 5.641e-05
 1.774e-04 1.276e-03 6.335e-05 2.030e-05 6.698e-04 2.884e-02 1.031e-04
 3.938e-04 1.276e-02 1.045e-04 1.161e-04 1.222e-02 1.121e-04 1.323e-05
 4.692e-05 2.889e-02 1.718e-05 7.881e-03 1.376e-04 4.656e-05 5.705e-05
 2.829e-04 7.762e-04 8.912e-04 1.466e-04 7.760e-05 1.658e-05 1.892e-05
 5.335e-06 2.422e-05 2.441e-04 1.159e-04 1.292e-05 4.681e-05 3.152e-04
 6.088e-05 1.794e-05 3.481e-02 4.922e-05 3.281e-05 3.029e-03 2.524e-05
 9.010e-05 1.016e-05 1.900e-03 1.823e-05 1.197e+00 3.230e-05 9.249e-01
 1.234e+00 1.832e+00 3.371e-01 2.123e+00 8.512e-02 5.049e-03 1.172e-01
 8.370e-04 3.116e-05 5.711e-05 1.294e+00 6.330e-04 1.206e-03 7.018e-04
 6.343e-01 1.778e-03 1.116e-02 1.351e-01 1.046e+00 1.020e-04 2.069e-01
 8.336e-04 1.052e-05 5.444e-03 2.207e-01 2.233e-04 1.287e-01 3.955e-03
 7.733e-01 2.479e-01 1.946e-01 1.661e-01 1.290e-01 3.571e-02 9.236e-03
 1.467e-01 1.209e-03 5.942e-04 1.040e-04 2.591e-01 3.589e-03 2.901e-02
 2.128e-03 3.200e-01 8.166e-04 4.808e-02 1.142e-01 1.465e-01 4.561e-01
 7.676e-02 3.680e-02 2.204e-04 1.098e-01 8.957e-02 3.798e-04 1.005e-01
 2.359e-02 1.547e-04 6.337e-04 4.142e-04 2.038e-03 5.776e-04 6.468e-04
 8.987e-04 5.502e-05 6.230e-04 1.845e-05 5.221e-05 9.521e-04 8.201e-05
 1.133e-05 2.780e-04 1.545e-01 2.917e-04 3.413e-04 1.031e-01 1.232e-01
 2.554e-04 5.275e-05 5.574e-05 3.112e-05 5.517e-05 3.128e-03 8.842e-06
 2.383e-01 3.948e-04 1.193e+00 8.498e-02 8.303e-02 1.983e-01 1.086e-01
 3.835e-02 7.137e-02 2.829e-01 5.963e-03 1.703e-03 1.108e-03 1.159e-01
 7.509e-05 4.124e-02 6.999e-04 9.042e-02 5.727e-03 1.943e-01 1.038e-01
 1.130e-01 8.437e-02 1.650e-03 1.029e-01 1.572e-03 4.839e-04 5.918e-03
 1.390e-04 1.748e-01 9.443e-02 4.854e-02 2.566e-01 2.362e-02 2.687e-01
 1.056e-01 1.557e-01 7.459e-02 4.460e-01 1.488e-04 4.105e+00 1.049e+00
 2.242e-01 1.195e-02 3.316e-01 6.066e-04 3.828e-02 1.256e-02 1.756e-01
 8.030e-02 8.921e-02 1.161e-01 1.967e-02 1.944e-01 6.875e-04 1.672e+00
 3.027e-02 4.081e-04 7.366e-01 1.571e-01 4.734e-01 3.824e-01 2.018e-01
 2.668e-01 9.335e-02 1.983e+00 8.600e-02 1.312e-01 4.903e-02 2.883e-04
 1.147e-04 6.573e-02 6.886e-06 1.217e-02 7.594e-04 1.532e-01 5.461e-04
 3.902e-01 2.196e-01 2.003e-01 9.769e-02 3.024e-03 5.949e-02 2.493e-01
 5.230e-04 6.144e-01 1.419e-02 1.229e+00 1.910e+00 4.929e-03 4.657e-03
 9.009e-04 1.901e-02 5.076e-03 1.360e-02 2.403e-03 2.644e-03 7.322e-04
 1.674e-04 1.252e-04 7.738e-02 9.927e-05 3.576e-04 6.442e-05 2.634e-01
 2.172e-04 3.017e-03 2.168e-01 2.320e-01 1.839e-03 3.937e-04 1.564e+00
 1.579e-03 6.521e-06 2.999e-04 5.711e-05 1.170e+00 8.078e-04 2.219e-01
 2.347e-02 1.380e-02 1.160e-01 2.202e+00 1.972e-01 3.453e-02 1.738e+00
 2.234e-02 4.481e-04 1.250e-02 2.030e+00 2.138e-03 3.831e-02 1.321e-03
 1.406e-01 2.189e-02 1.034e+00 1.319e-01 3.311e-01 6.397e-03 3.876e-02
 9.309e-02 1.494e+00 5.952e-03 6.515e-04 4.435e-02 1.188e-01 7.733e-02
 1.074e-04 8.451e-04 3.600e-04 1.815e-04 3.885e-04 6.768e-05 6.026e-04
 1.467e-05 1.060e-04 6.145e-06 1.634e-05 1.718e-04 1.947e-05 8.077e-06
 7.890e-04 5.305e-04 6.866e-05 4.546e-05 8.060e-02 1.711e-04 1.104e-04
 5.839e-04 1.533e-03 5.697e-04 2.137e-05 9.252e-05 1.757e-03 1.483e-05
 8.009e-05 2.144e-01 7.578e-02 1.814e+00 2.003e-01 1.105e-01 9.233e-02
 5.997e-02 8.962e-02 5.418e-02 8.832e-04 4.316e-04 1.195e-01 1.285e-05
 9.402e-04 5.281e-04 1.761e-01 8.230e-05 1.119e+00 1.164e-01 1.950e-01
 3.145e-02 1.537e-03 1.248e-01 2.446e-03 5.955e-05 1.120e-04 6.347e-01
 2.363e-04 3.779e-01]
[[0. 0. 0. 1. 0. 0. 0. 0. 0. 0. 0. 0. 0. 0. 0. 0. 0. 0. 1. 0. 0. 0. 1. 0.
  0. 0. 0. 0. 0. 0.]
 [1. 0. 0. 0. 0. 0. 0. 0. 0. 0. 0. 0. 0. 0. 0. 1. 0. 0. 1. 0. 0. 0. 0. 0.
  0. 0. 1. 0. 0. 0.]
 [0. 0. 0. 0. 0. 0. 0. 0. 0. 0. 0. 0. 0. 0. 0. 0. 0. 0. 0. 0. 0. 0. 0. 0.
  0. 0. 0. 0. 0. 0.]
 [0. 0. 0. 0. 0. 0. 0. 0. 0. 0. 0. 0. 0. 0. 0. 1. 0. 0. 1. 1. 0. 0. 0. 0.
  0. 0. 0. 0. 0. 0.]
 [0. 0. 0. 0. 0. 0. 0. 0. 0. 0. 0. 0. 0. 0. 0. 0. 0. 0. 0. 0. 0. 0. 0. 0.
  0. 0. 0. 0. 0. 0.]
 [0. 0. 0. 0. 0. 0. 0. 0. 0. 0. 0. 0. 0. 0. 0. 0. 0. 0. 1. 1. 0. 0. 0. 0.
  0. 0. 0. 0. 1. 0.]
 [0. 0. 0. 0. 0. 0. 0. 0. 0. 0. 0. 0. 0. 0. 0. 0. 0. 0. 1. 0. 0. 0. 0. 0.
  0. 0. 0. 0. 0. 0.]
 [1. 0. 0. 0. 0. 1. 0. 0. 0. 0. 0. 0. 0. 0. 0. 0. 0. 0. 0. 1. 0. 0. 0. 0.
  0. 0. 0. 0. 0. 0.]
 [0. 0. 0. 0. 0. 0. 1. 0. 0. 0. 0. 0. 0. 0. 0. 0. 0. 0. 0. 1. 0. 0. 0. 0.
  0. 0. 1. 0. 0. 0.]
 [0. 0. 0. 1. 0. 0. 0. 1. 0. 0. 0. 0. 0. 1. 0. 0. 0. 0. 0. 0. 0. 0. 0. 0.
  0. 0. 0. 0. 0. 0.]
 [1. 0. 0. 1. 0. 0. 0. 0. 0. 0. 0. 0. 0. 0. 0. 1. 0. 0. 0. 0. 1. 1. 1. 0.
  0. 0. 0. 0. 0. 0.]
 [0. 0. 0. 0. 0. 0. 0. 0. 0. 0. 0. 0. 0. 0. 0. 0. 0. 0. 0. 0. 0. 0. 1. 0.
  0. 0. 0. 0. 0. 0.]
 [1. 1. 0. 0. 0. 1. 1. 0. 0. 0. 0. 0. 0. 0. 0. 0. 0. 0. 1. 0. 0. 0. 0. 0.
  0. 1. 0. 0. 1. 0.]
 [1. 1. 1. 0. 0. 0. 0. 1. 0. 0. 0. 1. 0. 0. 0. 0. 0. 0. 0. 1. 0. 0. 0. 0.
  0. 0. 0. 0. 0. 0.]
 [0. 0. 1. 0. 0. 0. 1. 0. 0. 0. 0. 0. 0. 0. 0. 1. 0. 0. 0. 1. 0. 0. 0. 0.
  0. 0. 0. 0. 0. 0.]
 [0. 0. 0. 0. 0. 0. 0. 0. 0. 0. 0. 0. 0. 0. 0. 0. 0. 0. 0. 0. 0. 0. 0. 0.
  0. 0. 0. 0. 0. 0.]
 [0. 0. 1. 0. 0. 0. 1. 0. 0. 0. 0. 0. 1. 0. 0. 0. 0. 0. 0. 1. 0. 0. 0. 0.
  0. 0. 1. 0. 0. 1.]
 [0. 0. 0. 1. 1. 0. 0. 0. 1. 0. 0. 0. 0. 0. 0. 1. 0. 0. 0. 0. 0. 0. 0. 0.
  0. 0. 0. 0. 1. 0.]
 [0. 0. 0. 0. 0. 0. 0. 0. 0. 0. 0. 0. 0. 0. 0. 0. 0. 0. 0. 0. 0. 0. 0. 0.
  0. 0. 0. 0. 0. 0.]
 [0. 0. 0. 0. 0. 0. 0. 0. 0. 0. 0. 0. 0. 0. 0. 0. 0. 0. 0. 0. 0. 0. 0. 0.
  0. 0. 0. 0. 1. 0.]
 [1. 1. 1. 0. 1. 0. 0. 0. 0. 0. 0. 1. 0. 0. 0. 0. 0. 0. 0. 1. 0. 0. 0. 0.
  0. 0. 0. 0. 0. 0.]
 [1. 0. 0. 0. 0. 0. 0. 0. 0. 0. 0. 0. 0. 0. 0. 0. 0. 0. 0. 0. 0. 0. 0. 0.
  0. 0. 0. 0. 0. 0.]
 [0. 0. 0. 0. 0. 0. 0. 0. 0. 0. 0. 0. 0. 0. 0. 0. 0. 0. 0. 0. 0. 0. 0. 0.
  0. 0. 0. 0. 0. 0.]
 [1. 0. 0. 0. 0. 0. 0. 0. 0. 0. 0. 0. 0. 0. 0. 0. 0. 0. 0. 0. 0. 0. 0. 0.
  0. 0. 0. 0. 0. 0.]
 [0. 0. 0. 0. 0. 1. 0. 0. 0. 1. 1. 0. 0. 0. 0. 0. 0. 1. 0. 0. 0. 0. 1. 0.
  0. 1. 0. 0. 1. 0.]
 [0. 0. 0. 0. 0. 1. 0. 0. 0. 0. 0. 0. 0. 0. 0. 0. 0. 0. 0. 0. 0. 0. 0. 1.
  0. 0. 1. 0. 1. 1.]
 [0. 0. 0. 0. 0. 0. 0. 0. 0. 0. 0. 0. 0. 0. 0. 0. 0. 0. 1. 0. 0. 0. 1. 0.
  0. 0. 0. 0. 1. 0.]
 [0. 0. 0. 0. 1. 0. 0. 1. 0. 0. 0. 1. 0. 0. 0. 0. 0. 1. 0. 0. 0. 0. 0. 1.
  0. 0. 0. 0. 0. 0.]
 [0. 0. 0. 0. 0. 0. 0. 0. 0. 0. 0. 0. 0. 0. 0. 0. 0. 0. 0. 0. 0. 0. 0. 0.
  0. 0. 0. 0. 0. 0.]
 [0. 0. 1. 0. 0. 0. 0. 0. 0. 0. 0. 0. 0. 0. 0. 0. 0. 1. 0. 0. 0. 0. 0. 0.
  0. 0. 1. 0. 0. 0.]]
[0. 0. 1. 0. 0. 0. 0. 0. 0. 0. 0. 0. 0. 0. 0. 0. 0. 1. 0. 0. 0. 1. 0. 0.
 0. 0. 0. 0. 0. 1. 0. 0. 0. 0. 0. 0. 0. 0. 0. 0. 0. 0. 0. 1. 0. 0. 1. 0.
 0. 0. 0. 0. 0. 0. 1. 0. 0. 0. 0. 0. 0. 0. 0. 0. 0. 0. 0. 0. 0. 0. 0. 0.
 0. 0. 0. 0. 0. 0. 0. 0. 0. 0. 0. 0. 0. 0. 0. 0. 0. 0. 0. 0. 0. 0. 0. 0.
 0. 0. 0. 0. 0. 1. 0. 0. 1. 1. 0. 0. 0. 0. 0. 0. 0. 0. 0. 0. 0. 0. 0. 0.
 0. 0. 0. 0. 0. 0. 0. 0. 0. 0. 0. 0. 0. 0. 0. 0. 0. 0. 0. 0. 0. 0. 0. 0.
 0. 0. 0. 0. 0. 0. 0. 0. 0. 0. 0. 0. 0. 0. 0. 0. 0. 0. 1. 1. 0. 0. 0. 0.
 0. 0. 0. 0. 1. 0. 0. 0. 0. 0. 0. 0. 0. 0. 0. 0. 0. 0. 0. 0. 0. 0. 0. 1.
 0. 0. 0. 0. 0. 0. 0. 0. 0. 0. 0. 1. 0. 0. 0. 0. 1. 0. 0. 0. 0. 0. 0. 0.
 0. 0. 0. 0. 0. 1. 0. 0. 0. 0. 0. 0. 0. 0. 0. 0. 0. 0. 0. 0. 0. 0. 1. 0.
 0. 0. 0. 0. 0. 0. 0. 0. 0. 0. 1. 0. 0. 0. 0. 0. 0. 1. 0. 0. 0. 0. 0. 0.
 1. 0. 0. 0. 1. 0. 0. 0. 0. 1. 0. 0. 0. 0. 0. 0. 0. 0. 0. 0. 0. 0. 0. 0.
 0. 0. 1. 0. 0. 1. 0. 0. 0. 0. 0. 0. 0. 0. 0. 0. 1. 0. 0. 0. 0. 1. 1. 1.
 0. 0. 0. 0. 0. 0. 0. 0. 0. 0. 0. 0. 0. 0. 0. 0. 0. 0. 0. 0. 0. 0. 0. 0.
 0. 0. 0. 0. 1. 0. 0. 0. 0. 0. 0. 0. 1. 1. 0. 0. 0. 1. 1. 0. 0. 0. 0. 0.
 0. 0. 0. 0. 0. 1. 0. 0. 0. 0. 0. 0. 1. 0. 0. 1. 0. 1. 1. 1. 0. 0. 0. 0.
 1. 0. 0. 0. 1. 0. 0. 0. 0. 0. 0. 1. 0. 0. 0. 0. 0. 0. 0. 0. 0. 0. 0. 0.
 1. 0. 0. 0. 1. 0. 0. 0. 0. 0. 0. 0. 1. 0. 0. 0. 1. 0. 0. 0. 0. 0. 0. 0.
 0. 0. 0. 0. 0. 0. 0. 0. 0. 0. 0. 0. 0. 0. 0. 0. 0. 0. 0. 0. 0. 0. 0. 0.
 0. 0. 0. 0. 0. 0. 0. 0. 0. 0. 1. 0. 0. 0. 1. 0. 0. 0. 0. 0. 1. 0. 0. 0.
 0. 0. 1. 0. 0. 0. 0. 0. 0. 1. 0. 0. 1. 0. 0. 0. 1. 1. 0. 0. 0. 1. 0. 0.
 0. 0. 0. 0. 1. 0. 0. 0. 0. 0. 0. 0. 0. 0. 0. 0. 1. 0. 0. 0. 0. 0. 0. 0.
 0. 0. 0. 0. 0. 0. 0. 0. 0. 0. 0. 0. 0. 0. 0. 0. 0. 0. 0. 0. 0. 0. 0. 0.
 0. 0. 0. 0. 0. 0. 0. 0. 0. 0. 0. 0. 0. 0. 0. 0. 0. 0. 0. 0. 0. 0. 0. 0.
 0. 0. 1. 0. 1. 1. 1. 0. 1. 0. 0. 0. 0. 0. 0. 1. 0. 0. 0. 0. 0. 0. 0. 1.
 0. 0. 0. 0. 0. 0. 0. 0. 0. 1. 0. 0. 0. 0. 0. 0. 0. 0. 0. 0. 0. 0. 0. 0.
 0. 0. 0. 0. 0. 0. 0. 0. 0. 0. 0. 0. 0. 0. 0. 0. 0. 0. 0. 0. 0. 0. 0. 0.
 0. 0. 0. 0. 0. 0. 0. 0. 0. 0. 0. 0. 0. 0. 0. 0. 0. 0. 0. 1. 0. 0. 0. 0.
 0. 0. 0. 0. 0. 0. 0. 0. 0. 0. 0. 0. 0. 0. 0. 0. 0. 0. 0. 0. 0. 0. 0. 0.
 0. 0. 0. 0. 0. 1. 0. 0. 0. 1. 1. 0. 0. 0. 0. 0. 0. 1. 0. 0. 0. 0. 1. 0.
 1. 0. 0. 1. 0. 0. 0. 0. 0. 0. 1. 0. 0. 0. 0. 0. 0. 0. 0. 0. 0. 0. 0. 0.
 0. 0. 0. 0. 1. 0. 1. 0. 1. 1. 0. 0. 0. 0. 0. 0. 0. 0. 0. 0. 0. 0. 0. 0.
 0. 0. 0. 0. 1. 0. 0. 0. 1. 0. 0. 0. 0. 1. 0. 0. 0. 0. 0. 1. 0. 0. 1. 0.
 0. 0. 1. 0. 0. 0. 0. 0. 1. 0. 0. 0. 0. 0. 1. 0. 0. 0. 0. 0. 0. 0. 0. 0.
 0. 0. 0. 0. 0. 0. 0. 0. 0. 0. 0. 0. 0. 0. 0. 0. 0. 0. 0. 0. 0. 0. 0. 0.
 0. 0. 0. 1. 0. 0. 0. 0. 0. 0. 0. 0. 0. 0. 0. 0. 0. 0. 1. 0. 0. 0. 0. 0.
 0. 0. 0. 1. 0. 0.]
aucroc, aucpr (0.979045584045584, 0.9347689830153446)
cuda
noise_multiplier  1.0  noise_multiplier_b  5.0  noise_multiplier_delta  1.005037815259212
cuda
Objective function 982.29 = squared loss an data 726.28 + 0.5*rho*h**2 254.631624 + alpha*h 0.000000 + L2reg 0.55 + L1reg 0.82 ; SHD = 415 ; DAG False
total norm for a microbatch 92.84152321305653 clip 12.00582138917335
total norm for a microbatch 79.25788650684603 clip 35.06061853556806
total norm for a microbatch 71.7002358853397 clip 38.01845405262689
total norm for a microbatch 75.75408888836698 clip 50.467788351620946
total norm for a microbatch 89.36267231114822 clip 61.20062667227048
total norm for a microbatch 52.75381499395709 clip 57.477361944445406
total norm for a microbatch 49.60100406219614 clip 60.12060767501781
cuda
Objective function 158.31 = squared loss an data 151.41 + 0.5*rho*h**2 5.550509 + alpha*h 0.000000 + L2reg 0.79 + L1reg 0.55 ; SHD = 178 ; DAG False
Proportion of microbatches that were clipped  0.9334709431565577
iteration 1 in inner loop, alpha 0.0 rho 1.0 h 3.33181893793261
iteration 1 in outer loop, alpha = 3.33181893793261, rho = 1.0, h = 3.33181893793261
cuda
noise_multiplier  1.0  noise_multiplier_b  5.0  noise_multiplier_delta  1.005037815259212
cuda
Objective function 169.41 = squared loss an data 151.41 + 0.5*rho*h**2 5.550509 + alpha*h 11.101017 + L2reg 0.79 + L1reg 0.55 ; SHD = 178 ; DAG False
total norm for a microbatch 61.9581203037968 clip 3.4131879900929336
total norm for a microbatch 51.43807477092959 clip 3.4131879900929336
total norm for a microbatch 66.32281281834904 clip 4.820963555372713
total norm for a microbatch 78.3470390200789 clip 29.087445742306315
total norm for a microbatch 101.4917425928743 clip 64.99305894699071
cuda
Objective function 72.50 = squared loss an data 55.22 + 0.5*rho*h**2 4.902812 + alpha*h 10.433235 + L2reg 1.40 + L1reg 0.55 ; SHD = 173 ; DAG False
Proportion of microbatches that were clipped  0.9547298393639462
iteration 1 in inner loop, alpha 3.33181893793261 rho 1.0 h 3.1313931760795413
noise_multiplier  1.0  noise_multiplier_b  5.0  noise_multiplier_delta  1.005037815259212
cuda
Objective function 116.63 = squared loss an data 55.22 + 0.5*rho*h**2 49.028116 + alpha*h 10.433235 + L2reg 1.40 + L1reg 0.55 ; SHD = 173 ; DAG False
total norm for a microbatch 187.76425198642494 clip 36.79796548227031
total norm for a microbatch 144.98194647360262 clip 82.7096698810728
total norm for a microbatch 127.19597213327478 clip 134.28123077565064
cuda
Objective function 69.21 = squared loss an data 49.45 + 0.5*rho*h**2 12.406177 + alpha*h 5.248260 + L2reg 1.62 + L1reg 0.48 ; SHD = 130 ; DAG False
Proportion of microbatches that were clipped  0.9680536076047997
iteration 2 in inner loop, alpha 3.33181893793261 rho 10.0 h 1.5751937621717076
noise_multiplier  1.0  noise_multiplier_b  5.0  noise_multiplier_delta  1.005037815259212
cuda
Objective function 180.87 = squared loss an data 49.45 + 0.5*rho*h**2 124.061769 + alpha*h 5.248260 + L2reg 1.62 + L1reg 0.48 ; SHD = 130 ; DAG False
total norm for a microbatch 258.7635448140581 clip 1.0
total norm for a microbatch 336.64819322643643 clip 1.0
total norm for a microbatch 214.91624990889667 clip 1.5648840600930325
total norm for a microbatch 177.45282843485546 clip 2.926702094052304
total norm for a microbatch 119.31381414515579 clip 4.234580085031198
total norm for a microbatch 178.8801980161853 clip 8.811315503583273
total norm for a microbatch 168.39724925059116 clip 10.387705013295742
total norm for a microbatch 175.84430756155362 clip 11.254737657111313
total norm for a microbatch 295.29097384979934 clip 57.68371436458633
cuda
Objective function 73.86 = squared loss an data 51.79 + 0.5*rho*h**2 17.952158 + alpha*h 1.996433 + L2reg 1.72 + L1reg 0.40 ; SHD = 105 ; DAG True
Proportion of microbatches that were clipped  0.980573398088673
iteration 3 in inner loop, alpha 3.33181893793261 rho 100.0 h 0.5992020968303109
iteration 2 in outer loop, alpha = 63.2520286209637, rho = 100.0, h = 0.5992020968303109
cuda
noise_multiplier  1.0  noise_multiplier_b  5.0  noise_multiplier_delta  1.005037815259212
cuda
Objective function 109.76 = squared loss an data 51.79 + 0.5*rho*h**2 17.952158 + alpha*h 37.900748 + L2reg 1.72 + L1reg 0.40 ; SHD = 105 ; DAG True
total norm for a microbatch 184.79002068142205 clip 1.6939865349067824
total norm for a microbatch 191.01117699214865 clip 3.7441693006401096
total norm for a microbatch 182.3481513283393 clip 9.11322667207144
total norm for a microbatch 247.80380541433547 clip 9.11322667207144
total norm for a microbatch 219.74985648049855 clip 9.979120953609183
total norm for a microbatch 218.9569596042885 clip 12.059476234698849
total norm for a microbatch 306.90588352536713 clip 17.2151696874288
total norm for a microbatch 243.94248218581978 clip 39.08457219985914
total norm for a microbatch 317.98113107235093 clip 128.0774118110437
cuda
Objective function 88.19 = squared loss an data 50.20 + 0.5*rho*h**2 8.973395 + alpha*h 26.795869 + L2reg 1.83 + L1reg 0.39 ; SHD = 109 ; DAG True
Proportion of microbatches that were clipped  0.9817797299495689
iteration 1 in inner loop, alpha 63.2520286209637 rho 100.0 h 0.4236365192014091
noise_multiplier  1.0  noise_multiplier_b  5.0  noise_multiplier_delta  1.005037815259212
cuda
Objective function 168.95 = squared loss an data 50.20 + 0.5*rho*h**2 89.733950 + alpha*h 26.795869 + L2reg 1.83 + L1reg 0.39 ; SHD = 109 ; DAG True
total norm for a microbatch 206.87258790417337 clip 3.6382018604394717
total norm for a microbatch 337.9214446591374 clip 6.075932641169995
total norm for a microbatch 323.8465793704466 clip 13.339768351385509
total norm for a microbatch 213.32965289867698 clip 16.16904256427811
total norm for a microbatch 241.72031746241223 clip 219.27108924086295
cuda
Objective function 87.40 = squared loss an data 53.27 + 0.5*rho*h**2 19.390969 + alpha*h 12.456304 + L2reg 1.94 + L1reg 0.35 ; SHD = 110 ; DAG True
Proportion of microbatches that were clipped  0.9900225297714838
iteration 2 in inner loop, alpha 63.2520286209637 rho 1000.0 h 0.19693130398010794
noise_multiplier  1.0  noise_multiplier_b  5.0  noise_multiplier_delta  1.005037815259212
cuda
Objective function 261.92 = squared loss an data 53.27 + 0.5*rho*h**2 193.909692 + alpha*h 12.456304 + L2reg 1.94 + L1reg 0.35 ; SHD = 110 ; DAG True
total norm for a microbatch 285.47277508314266 clip 6.8288313689966476
total norm for a microbatch 282.2637236367152 clip 34.69307974756193
total norm for a microbatch 361.0249914319504 clip 77.9516918096071
total norm for a microbatch 285.93852271312164 clip 172.53920073293935
total norm for a microbatch 278.7579625257662 clip 259.05275079384234
cuda
Objective function 87.88 = squared loss an data 53.43 + 0.5*rho*h**2 27.420155 + alpha*h 4.684081 + L2reg 2.04 + L1reg 0.31 ; SHD = 114 ; DAG True
Proportion of microbatches that were clipped  0.9941832283082889
iteration 3 in inner loop, alpha 63.2520286209637 rho 10000.0 h 0.07405424387559378
iteration 3 in outer loop, alpha = 803.7944673769016, rho = 10000.0, h = 0.07405424387559378
cuda
noise_multiplier  1.0  noise_multiplier_b  5.0  noise_multiplier_delta  1.005037815259212
cuda
Objective function 142.72 = squared loss an data 53.43 + 0.5*rho*h**2 27.420155 + alpha*h 59.524392 + L2reg 2.04 + L1reg 0.31 ; SHD = 114 ; DAG True
total norm for a microbatch 318.1359040608343 clip 7.253741245615108
total norm for a microbatch 395.15032367680635 clip 8.630585512024298
total norm for a microbatch 288.3747253897657 clip 10.284651800574519
cuda
Objective function 105.57 = squared loss an data 52.22 + 0.5*rho*h**2 11.820881 + alpha*h 39.082734 + L2reg 2.14 + L1reg 0.30 ; SHD = 114 ; DAG True
Proportion of microbatches that were clipped  0.999522748965956
iteration 1 in inner loop, alpha 803.7944673769016 rho 10000.0 h 0.048622795886721804
noise_multiplier  1.0  noise_multiplier_b  5.0  noise_multiplier_delta  1.005037815259212
cuda
Objective function 211.96 = squared loss an data 52.22 + 0.5*rho*h**2 118.208814 + alpha*h 39.082734 + L2reg 2.14 + L1reg 0.30 ; SHD = 114 ; DAG True
total norm for a microbatch 2327.2620271645505 clip 1.1008330059175793
total norm for a microbatch 345.1981153840263 clip 4.888243459385719
total norm for a microbatch 380.45567781525074 clip 22.005536755326045
cuda
Objective function 113.65 = squared loss an data 53.26 + 0.5*rho*h**2 36.221318 + alpha*h 21.634264 + L2reg 2.23 + L1reg 0.30 ; SHD = 120 ; DAG True
Proportion of microbatches that were clipped  1.0
iteration 2 in inner loop, alpha 803.7944673769016 rho 100000.0 h 0.02691516953903772
iteration 4 in outer loop, alpha = 27718.964006414622, rho = 1000000.0, h = 0.02691516953903772
Threshold 0.3
[[0.005 0.377 0.33  0.06  0.294 0.228 0.082 0.023 0.232 0.038 0.015 0.173
  0.029 0.168 0.144 0.099 0.058 0.119 0.335 0.05  0.052 0.202 0.245 0.164
  0.038 0.043 0.05  0.125 0.188 0.059]
 [0.011 0.005 0.11  0.035 0.109 0.068 0.055 0.014 0.065 0.019 0.013 0.023
  0.017 0.044 0.025 0.052 0.018 0.108 0.134 0.027 0.013 0.046 0.056 0.07
  0.012 0.015 0.024 0.037 0.044 0.022]
 [0.024 0.094 0.007 0.064 0.047 0.054 0.034 0.011 0.054 0.011 0.006 0.045
  0.024 0.012 0.041 0.025 0.007 0.072 0.073 0.022 0.012 0.036 0.052 0.021
  0.011 0.015 0.027 0.017 0.021 0.015]
 [0.099 0.252 0.133 0.006 0.193 0.113 0.095 0.022 0.134 0.017 0.009 0.055
  0.057 0.03  0.044 0.099 0.051 0.27  0.484 0.037 0.08  0.072 0.154 0.144
  0.018 0.045 0.05  0.044 0.069 0.048]
 [0.02  0.073 0.148 0.038 0.008 0.046 0.084 0.019 0.104 0.02  0.016 0.082
  0.024 0.06  0.038 0.141 0.025 0.115 0.095 0.018 0.008 0.084 0.061 0.081
  0.018 0.023 0.032 0.019 0.028 0.026]
 [0.024 0.08  0.12  0.089 0.106 0.01  0.062 0.006 0.068 0.061 0.014 0.075
  0.022 0.048 0.061 0.079 0.068 0.182 0.149 0.059 0.052 0.082 0.058 0.122
  0.023 0.013 0.037 0.05  0.07  0.055]
 [0.085 0.1   0.243 0.079 0.118 0.108 0.005 0.021 0.147 0.039 0.019 0.048
  0.072 0.113 0.125 0.085 0.042 0.088 0.252 0.045 0.017 0.069 0.071 0.19
  0.05  0.027 0.031 0.045 0.058 0.064]
 [0.359 0.459 0.595 0.289 0.239 1.18  0.273 0.005 0.479 0.177 0.048 0.284
  0.19  0.555 0.374 0.481 0.062 0.416 0.295 0.212 0.153 0.369 0.309 0.524
  0.056 0.058 0.062 0.111 0.199 0.111]
 [0.028 0.095 0.085 0.06  0.063 0.114 0.052 0.011 0.008 0.057 0.019 0.078
  0.02  0.065 0.064 0.094 0.042 0.139 0.039 0.092 0.029 0.148 0.106 0.117
  0.024 0.034 0.023 0.059 0.096 0.083]
 [0.21  0.329 0.584 0.356 0.266 0.06  0.176 0.056 0.151 0.007 0.008 0.308
  0.04  0.884 0.092 0.458 0.09  0.139 0.131 0.261 0.143 0.176 0.256 0.249
  0.013 0.017 0.04  0.172 0.084 0.029]
 [0.494 0.388 0.573 0.65  0.302 0.405 0.337 0.154 0.413 1.079 0.008 0.4
  0.14  0.551 0.392 0.352 0.185 0.57  0.517 0.393 0.139 0.538 0.781 0.518
  0.122 0.15  0.094 0.163 0.546 0.206]
 [0.049 0.289 0.162 0.106 0.101 0.103 0.187 0.022 0.109 0.026 0.011 0.01
  0.033 0.037 0.074 0.142 0.044 0.143 0.139 0.085 0.061 0.102 0.632 0.189
  0.02  0.031 0.052 0.036 0.035 0.062]
 [0.158 0.599 0.285 0.125 0.299 0.383 0.097 0.051 0.273 0.106 0.057 0.131
  0.007 0.147 0.147 0.249 0.133 0.22  0.564 0.069 0.071 0.301 0.269 0.191
  0.03  0.123 0.05  0.169 0.062 0.089]
 [0.04  0.165 0.813 0.195 0.122 0.131 0.069 0.011 0.121 0.007 0.01  0.271
  0.045 0.006 0.153 0.09  0.025 0.136 0.121 0.062 0.055 0.073 0.121 0.086
  0.02  0.021 0.027 0.039 0.041 0.047]
 [0.04  0.313 0.187 0.12  0.201 0.129 0.093 0.025 0.098 0.053 0.023 0.085
  0.058 0.043 0.005 0.088 0.038 0.186 0.266 0.073 0.043 0.131 0.176 0.107
  0.021 0.069 0.023 0.036 0.067 0.03 ]
 [0.065 0.125 0.241 0.066 0.043 0.098 0.093 0.009 0.084 0.017 0.011 0.044
  0.03  0.092 0.076 0.008 0.04  0.152 0.072 0.034 0.023 0.056 0.148 0.065
  0.01  0.014 0.033 0.041 0.024 0.031]
 [0.186 0.276 0.45  0.142 0.25  0.085 0.173 0.084 0.097 0.113 0.048 0.166
  0.046 0.199 0.12  0.161 0.009 0.17  0.156 0.224 0.055 0.196 0.281 0.215
  0.084 0.071 0.086 0.063 0.071 0.112]
 [0.039 0.039 0.121 0.033 0.089 0.049 0.072 0.01  0.046 0.048 0.014 0.021
  0.023 0.045 0.045 0.053 0.038 0.008 0.048 0.061 0.013 0.05  0.05  0.043
  0.025 0.01  0.022 0.036 0.058 0.03 ]
 [0.021 0.067 0.083 0.014 0.067 0.044 0.019 0.015 0.153 0.031 0.013 0.061
  0.01  0.037 0.025 0.121 0.045 0.109 0.007 0.036 0.022 0.041 0.073 0.05
  0.014 0.024 0.013 0.042 0.017 0.015]
 [0.137 0.206 0.296 0.122 0.306 0.134 0.127 0.037 0.114 0.035 0.016 0.102
  0.119 0.154 0.065 0.177 0.028 0.098 0.196 0.007 0.051 0.161 0.162 0.113
  0.015 0.039 0.059 0.073 0.049 0.111]
 [0.135 0.431 0.537 0.101 0.666 0.098 0.369 0.064 0.331 0.058 0.06  0.144
  0.083 0.123 0.188 0.313 0.118 0.359 0.286 0.132 0.009 0.113 0.334 0.277
  0.061 0.041 0.039 0.145 0.192 0.108]
 [0.04  0.197 0.187 0.083 0.085 0.099 0.079 0.016 0.049 0.044 0.01  0.061
  0.031 0.115 0.059 0.164 0.039 0.095 0.19  0.047 0.057 0.005 0.076 0.132
  0.025 0.045 0.014 0.032 0.054 0.035]
 [0.024 0.173 0.129 0.051 0.086 0.118 0.162 0.019 0.088 0.022 0.007 0.014
  0.03  0.045 0.051 0.052 0.02  0.143 0.056 0.042 0.02  0.101 0.008 0.041
  0.016 0.036 0.004 0.015 0.042 0.049]
 [0.037 0.107 0.287 0.055 0.065 0.081 0.047 0.016 0.096 0.035 0.013 0.052
  0.039 0.103 0.081 0.097 0.036 0.116 0.152 0.036 0.021 0.074 0.169 0.007
  0.017 0.021 0.039 0.04  0.083 0.045]
 [0.232 0.478 0.272 0.439 0.383 0.356 0.173 0.21  0.202 0.52  0.05  0.307
  0.215 0.229 0.334 0.549 0.079 0.256 0.313 0.375 0.108 0.2   0.438 0.331
  0.009 0.084 0.135 0.153 0.244 0.136]
 [0.182 0.389 0.346 0.156 0.231 0.46  0.207 0.103 0.212 0.417 0.053 0.25
  0.058 0.268 0.122 0.414 0.141 0.487 0.383 0.139 0.256 0.144 0.176 0.253
  0.068 0.008 0.072 0.119 0.219 0.111]
 [0.132 0.302 0.191 0.129 0.096 0.201 0.226 0.078 0.267 0.18  0.055 0.202
  0.169 0.189 0.215 0.18  0.061 0.273 0.171 0.126 0.247 0.444 1.134 0.232
  0.049 0.076 0.008 0.121 0.142 0.134]
 [0.08  0.204 0.325 0.165 0.329 0.205 0.172 0.059 0.107 0.048 0.047 0.158
  0.049 0.156 0.171 0.131 0.133 0.231 0.093 0.116 0.047 0.219 0.33  0.201
  0.05  0.064 0.058 0.006 0.134 0.121]
 [0.035 0.1   0.353 0.158 0.173 0.123 0.113 0.029 0.074 0.06  0.015 0.173
  0.121 0.175 0.126 0.22  0.078 0.174 0.318 0.136 0.022 0.129 0.136 0.136
  0.023 0.026 0.046 0.073 0.005 0.105]
 [0.131 0.202 0.547 0.138 0.255 0.18  0.132 0.054 0.057 0.195 0.024 0.096
  0.059 0.128 0.18  0.226 0.068 0.313 0.322 0.072 0.074 0.231 0.14  0.204
  0.057 0.064 0.046 0.068 0.104 0.006]]
[[0.    0.377 0.33  0.    0.    0.    0.    0.    0.    0.    0.    0.
  0.    0.    0.    0.    0.    0.    0.335 0.    0.    0.    0.    0.
  0.    0.    0.    0.    0.    0.   ]
 [0.    0.    0.    0.    0.    0.    0.    0.    0.    0.    0.    0.
  0.    0.    0.    0.    0.    0.    0.    0.    0.    0.    0.    0.
  0.    0.    0.    0.    0.    0.   ]
 [0.    0.    0.    0.    0.    0.    0.    0.    0.    0.    0.    0.
  0.    0.    0.    0.    0.    0.    0.    0.    0.    0.    0.    0.
  0.    0.    0.    0.    0.    0.   ]
 [0.    0.    0.    0.    0.    0.    0.    0.    0.    0.    0.    0.
  0.    0.    0.    0.    0.    0.    0.484 0.    0.    0.    0.    0.
  0.    0.    0.    0.    0.    0.   ]
 [0.    0.    0.    0.    0.    0.    0.    0.    0.    0.    0.    0.
  0.    0.    0.    0.    0.    0.    0.    0.    0.    0.    0.    0.
  0.    0.    0.    0.    0.    0.   ]
 [0.    0.    0.    0.    0.    0.    0.    0.    0.    0.    0.    0.
  0.    0.    0.    0.    0.    0.    0.    0.    0.    0.    0.    0.
  0.    0.    0.    0.    0.    0.   ]
 [0.    0.    0.    0.    0.    0.    0.    0.    0.    0.    0.    0.
  0.    0.    0.    0.    0.    0.    0.    0.    0.    0.    0.    0.
  0.    0.    0.    0.    0.    0.   ]
 [0.359 0.459 0.595 0.    0.    1.18  0.    0.    0.479 0.    0.    0.
  0.    0.555 0.374 0.481 0.    0.416 0.    0.    0.    0.369 0.309 0.524
  0.    0.    0.    0.    0.    0.   ]
 [0.    0.    0.    0.    0.    0.    0.    0.    0.    0.    0.    0.
  0.    0.    0.    0.    0.    0.    0.    0.    0.    0.    0.    0.
  0.    0.    0.    0.    0.    0.   ]
 [0.    0.329 0.584 0.356 0.    0.    0.    0.    0.    0.    0.    0.308
  0.    0.884 0.    0.458 0.    0.    0.    0.    0.    0.    0.    0.
  0.    0.    0.    0.    0.    0.   ]
 [0.494 0.388 0.573 0.65  0.302 0.405 0.337 0.    0.413 1.079 0.    0.4
  0.    0.551 0.392 0.352 0.    0.57  0.517 0.393 0.    0.538 0.781 0.518
  0.    0.    0.    0.    0.546 0.   ]
 [0.    0.    0.    0.    0.    0.    0.    0.    0.    0.    0.    0.
  0.    0.    0.    0.    0.    0.    0.    0.    0.    0.    0.632 0.
  0.    0.    0.    0.    0.    0.   ]
 [0.    0.599 0.    0.    0.    0.383 0.    0.    0.    0.    0.    0.
  0.    0.    0.    0.    0.    0.    0.564 0.    0.    0.301 0.    0.
  0.    0.    0.    0.    0.    0.   ]
 [0.    0.    0.813 0.    0.    0.    0.    0.    0.    0.    0.    0.
  0.    0.    0.    0.    0.    0.    0.    0.    0.    0.    0.    0.
  0.    0.    0.    0.    0.    0.   ]
 [0.    0.313 0.    0.    0.    0.    0.    0.    0.    0.    0.    0.
  0.    0.    0.    0.    0.    0.    0.    0.    0.    0.    0.    0.
  0.    0.    0.    0.    0.    0.   ]
 [0.    0.    0.    0.    0.    0.    0.    0.    0.    0.    0.    0.
  0.    0.    0.    0.    0.    0.    0.    0.    0.    0.    0.    0.
  0.    0.    0.    0.    0.    0.   ]
 [0.    0.    0.45  0.    0.    0.    0.    0.    0.    0.    0.    0.
  0.    0.    0.    0.    0.    0.    0.    0.    0.    0.    0.    0.
  0.    0.    0.    0.    0.    0.   ]
 [0.    0.    0.    0.    0.    0.    0.    0.    0.    0.    0.    0.
  0.    0.    0.    0.    0.    0.    0.    0.    0.    0.    0.    0.
  0.    0.    0.    0.    0.    0.   ]
 [0.    0.    0.    0.    0.    0.    0.    0.    0.    0.    0.    0.
  0.    0.    0.    0.    0.    0.    0.    0.    0.    0.    0.    0.
  0.    0.    0.    0.    0.    0.   ]
 [0.    0.    0.    0.    0.306 0.    0.    0.    0.    0.    0.    0.
  0.    0.    0.    0.    0.    0.    0.    0.    0.    0.    0.    0.
  0.    0.    0.    0.    0.    0.   ]
 [0.    0.431 0.537 0.    0.666 0.    0.369 0.    0.331 0.    0.    0.
  0.    0.    0.    0.313 0.    0.359 0.    0.    0.    0.    0.334 0.
  0.    0.    0.    0.    0.    0.   ]
 [0.    0.    0.    0.    0.    0.    0.    0.    0.    0.    0.    0.
  0.    0.    0.    0.    0.    0.    0.    0.    0.    0.    0.    0.
  0.    0.    0.    0.    0.    0.   ]
 [0.    0.    0.    0.    0.    0.    0.    0.    0.    0.    0.    0.
  0.    0.    0.    0.    0.    0.    0.    0.    0.    0.    0.    0.
  0.    0.    0.    0.    0.    0.   ]
 [0.    0.    0.    0.    0.    0.    0.    0.    0.    0.    0.    0.
  0.    0.    0.    0.    0.    0.    0.    0.    0.    0.    0.    0.
  0.    0.    0.    0.    0.    0.   ]
 [0.    0.478 0.    0.439 0.383 0.356 0.    0.    0.    0.52  0.    0.307
  0.    0.    0.334 0.549 0.    0.    0.313 0.375 0.    0.    0.438 0.331
  0.    0.    0.    0.    0.    0.   ]
 [0.    0.389 0.346 0.    0.    0.46  0.    0.    0.    0.417 0.    0.
  0.    0.    0.    0.414 0.    0.487 0.383 0.    0.    0.    0.    0.
  0.    0.    0.    0.    0.    0.   ]
 [0.    0.302 0.    0.    0.    0.    0.    0.    0.    0.    0.    0.
  0.    0.    0.    0.    0.    0.    0.    0.    0.    0.444 1.134 0.
  0.    0.    0.    0.    0.    0.   ]
 [0.    0.    0.325 0.    0.329 0.    0.    0.    0.    0.    0.    0.
  0.    0.    0.    0.    0.    0.    0.    0.    0.    0.    0.33  0.
  0.    0.    0.    0.    0.    0.   ]
 [0.    0.    0.353 0.    0.    0.    0.    0.    0.    0.    0.    0.
  0.    0.    0.    0.    0.    0.    0.318 0.    0.    0.    0.    0.
  0.    0.    0.    0.    0.    0.   ]
 [0.    0.    0.547 0.    0.    0.    0.    0.    0.    0.    0.    0.
  0.    0.    0.    0.    0.    0.313 0.322 0.    0.    0.    0.    0.
  0.    0.    0.    0.    0.    0.   ]]
{'fdr': 0.6853932584269663, 'tpr': 0.3111111111111111, 'fpr': 0.17681159420289855, 'f1': 0.3128491620111732, 'shd': 120, 'npred': 89, 'ntrue': 90}
[0.377 0.33  0.06  0.294 0.228 0.082 0.023 0.232 0.038 0.015 0.173 0.029
 0.168 0.144 0.099 0.058 0.119 0.335 0.05  0.052 0.202 0.245 0.164 0.038
 0.043 0.05  0.125 0.188 0.059 0.011 0.11  0.035 0.109 0.068 0.055 0.014
 0.065 0.019 0.013 0.023 0.017 0.044 0.025 0.052 0.018 0.108 0.134 0.027
 0.013 0.046 0.056 0.07  0.012 0.015 0.024 0.037 0.044 0.022 0.024 0.094
 0.064 0.047 0.054 0.034 0.011 0.054 0.011 0.006 0.045 0.024 0.012 0.041
 0.025 0.007 0.072 0.073 0.022 0.012 0.036 0.052 0.021 0.011 0.015 0.027
 0.017 0.021 0.015 0.099 0.252 0.133 0.193 0.113 0.095 0.022 0.134 0.017
 0.009 0.055 0.057 0.03  0.044 0.099 0.051 0.27  0.484 0.037 0.08  0.072
 0.154 0.144 0.018 0.045 0.05  0.044 0.069 0.048 0.02  0.073 0.148 0.038
 0.046 0.084 0.019 0.104 0.02  0.016 0.082 0.024 0.06  0.038 0.141 0.025
 0.115 0.095 0.018 0.008 0.084 0.061 0.081 0.018 0.023 0.032 0.019 0.028
 0.026 0.024 0.08  0.12  0.089 0.106 0.062 0.006 0.068 0.061 0.014 0.075
 0.022 0.048 0.061 0.079 0.068 0.182 0.149 0.059 0.052 0.082 0.058 0.122
 0.023 0.013 0.037 0.05  0.07  0.055 0.085 0.1   0.243 0.079 0.118 0.108
 0.021 0.147 0.039 0.019 0.048 0.072 0.113 0.125 0.085 0.042 0.088 0.252
 0.045 0.017 0.069 0.071 0.19  0.05  0.027 0.031 0.045 0.058 0.064 0.359
 0.459 0.595 0.289 0.239 1.18  0.273 0.479 0.177 0.048 0.284 0.19  0.555
 0.374 0.481 0.062 0.416 0.295 0.212 0.153 0.369 0.309 0.524 0.056 0.058
 0.062 0.111 0.199 0.111 0.028 0.095 0.085 0.06  0.063 0.114 0.052 0.011
 0.057 0.019 0.078 0.02  0.065 0.064 0.094 0.042 0.139 0.039 0.092 0.029
 0.148 0.106 0.117 0.024 0.034 0.023 0.059 0.096 0.083 0.21  0.329 0.584
 0.356 0.266 0.06  0.176 0.056 0.151 0.008 0.308 0.04  0.884 0.092 0.458
 0.09  0.139 0.131 0.261 0.143 0.176 0.256 0.249 0.013 0.017 0.04  0.172
 0.084 0.029 0.494 0.388 0.573 0.65  0.302 0.405 0.337 0.154 0.413 1.079
 0.4   0.14  0.551 0.392 0.352 0.185 0.57  0.517 0.393 0.139 0.538 0.781
 0.518 0.122 0.15  0.094 0.163 0.546 0.206 0.049 0.289 0.162 0.106 0.101
 0.103 0.187 0.022 0.109 0.026 0.011 0.033 0.037 0.074 0.142 0.044 0.143
 0.139 0.085 0.061 0.102 0.632 0.189 0.02  0.031 0.052 0.036 0.035 0.062
 0.158 0.599 0.285 0.125 0.299 0.383 0.097 0.051 0.273 0.106 0.057 0.131
 0.147 0.147 0.249 0.133 0.22  0.564 0.069 0.071 0.301 0.269 0.191 0.03
 0.123 0.05  0.169 0.062 0.089 0.04  0.165 0.813 0.195 0.122 0.131 0.069
 0.011 0.121 0.007 0.01  0.271 0.045 0.153 0.09  0.025 0.136 0.121 0.062
 0.055 0.073 0.121 0.086 0.02  0.021 0.027 0.039 0.041 0.047 0.04  0.313
 0.187 0.12  0.201 0.129 0.093 0.025 0.098 0.053 0.023 0.085 0.058 0.043
 0.088 0.038 0.186 0.266 0.073 0.043 0.131 0.176 0.107 0.021 0.069 0.023
 0.036 0.067 0.03  0.065 0.125 0.241 0.066 0.043 0.098 0.093 0.009 0.084
 0.017 0.011 0.044 0.03  0.092 0.076 0.04  0.152 0.072 0.034 0.023 0.056
 0.148 0.065 0.01  0.014 0.033 0.041 0.024 0.031 0.186 0.276 0.45  0.142
 0.25  0.085 0.173 0.084 0.097 0.113 0.048 0.166 0.046 0.199 0.12  0.161
 0.17  0.156 0.224 0.055 0.196 0.281 0.215 0.084 0.071 0.086 0.063 0.071
 0.112 0.039 0.039 0.121 0.033 0.089 0.049 0.072 0.01  0.046 0.048 0.014
 0.021 0.023 0.045 0.045 0.053 0.038 0.048 0.061 0.013 0.05  0.05  0.043
 0.025 0.01  0.022 0.036 0.058 0.03  0.021 0.067 0.083 0.014 0.067 0.044
 0.019 0.015 0.153 0.031 0.013 0.061 0.01  0.037 0.025 0.121 0.045 0.109
 0.036 0.022 0.041 0.073 0.05  0.014 0.024 0.013 0.042 0.017 0.015 0.137
 0.206 0.296 0.122 0.306 0.134 0.127 0.037 0.114 0.035 0.016 0.102 0.119
 0.154 0.065 0.177 0.028 0.098 0.196 0.051 0.161 0.162 0.113 0.015 0.039
 0.059 0.073 0.049 0.111 0.135 0.431 0.537 0.101 0.666 0.098 0.369 0.064
 0.331 0.058 0.06  0.144 0.083 0.123 0.188 0.313 0.118 0.359 0.286 0.132
 0.113 0.334 0.277 0.061 0.041 0.039 0.145 0.192 0.108 0.04  0.197 0.187
 0.083 0.085 0.099 0.079 0.016 0.049 0.044 0.01  0.061 0.031 0.115 0.059
 0.164 0.039 0.095 0.19  0.047 0.057 0.076 0.132 0.025 0.045 0.014 0.032
 0.054 0.035 0.024 0.173 0.129 0.051 0.086 0.118 0.162 0.019 0.088 0.022
 0.007 0.014 0.03  0.045 0.051 0.052 0.02  0.143 0.056 0.042 0.02  0.101
 0.041 0.016 0.036 0.004 0.015 0.042 0.049 0.037 0.107 0.287 0.055 0.065
 0.081 0.047 0.016 0.096 0.035 0.013 0.052 0.039 0.103 0.081 0.097 0.036
 0.116 0.152 0.036 0.021 0.074 0.169 0.017 0.021 0.039 0.04  0.083 0.045
 0.232 0.478 0.272 0.439 0.383 0.356 0.173 0.21  0.202 0.52  0.05  0.307
 0.215 0.229 0.334 0.549 0.079 0.256 0.313 0.375 0.108 0.2   0.438 0.331
 0.084 0.135 0.153 0.244 0.136 0.182 0.389 0.346 0.156 0.231 0.46  0.207
 0.103 0.212 0.417 0.053 0.25  0.058 0.268 0.122 0.414 0.141 0.487 0.383
 0.139 0.256 0.144 0.176 0.253 0.068 0.072 0.119 0.219 0.111 0.132 0.302
 0.191 0.129 0.096 0.201 0.226 0.078 0.267 0.18  0.055 0.202 0.169 0.189
 0.215 0.18  0.061 0.273 0.171 0.126 0.247 0.444 1.134 0.232 0.049 0.076
 0.121 0.142 0.134 0.08  0.204 0.325 0.165 0.329 0.205 0.172 0.059 0.107
 0.048 0.047 0.158 0.049 0.156 0.171 0.131 0.133 0.231 0.093 0.116 0.047
 0.219 0.33  0.201 0.05  0.064 0.058 0.134 0.121 0.035 0.1   0.353 0.158
 0.173 0.123 0.113 0.029 0.074 0.06  0.015 0.173 0.121 0.175 0.126 0.22
 0.078 0.174 0.318 0.136 0.022 0.129 0.136 0.136 0.023 0.026 0.046 0.073
 0.105 0.131 0.202 0.547 0.138 0.255 0.18  0.132 0.054 0.057 0.195 0.024
 0.096 0.059 0.128 0.18  0.226 0.068 0.313 0.322 0.072 0.074 0.231 0.14
 0.204 0.057 0.064 0.046 0.068 0.104]
[[0. 0. 0. 1. 0. 0. 0. 0. 0. 0. 0. 0. 0. 0. 0. 0. 0. 0. 1. 0. 0. 0. 1. 0.
  0. 0. 0. 0. 0. 0.]
 [1. 0. 0. 0. 0. 0. 0. 0. 0. 0. 0. 0. 0. 0. 0. 1. 0. 0. 1. 0. 0. 0. 0. 0.
  0. 0. 1. 0. 0. 0.]
 [0. 0. 0. 0. 0. 0. 0. 0. 0. 0. 0. 0. 0. 0. 0. 0. 0. 0. 0. 0. 0. 0. 0. 0.
  0. 0. 0. 0. 0. 0.]
 [0. 0. 0. 0. 0. 0. 0. 0. 0. 0. 0. 0. 0. 0. 0. 1. 0. 0. 1. 1. 0. 0. 0. 0.
  0. 0. 0. 0. 0. 0.]
 [0. 0. 0. 0. 0. 0. 0. 0. 0. 0. 0. 0. 0. 0. 0. 0. 0. 0. 0. 0. 0. 0. 0. 0.
  0. 0. 0. 0. 0. 0.]
 [0. 0. 0. 0. 0. 0. 0. 0. 0. 0. 0. 0. 0. 0. 0. 0. 0. 0. 1. 1. 0. 0. 0. 0.
  0. 0. 0. 0. 1. 0.]
 [0. 0. 0. 0. 0. 0. 0. 0. 0. 0. 0. 0. 0. 0. 0. 0. 0. 0. 1. 0. 0. 0. 0. 0.
  0. 0. 0. 0. 0. 0.]
 [1. 0. 0. 0. 0. 1. 0. 0. 0. 0. 0. 0. 0. 0. 0. 0. 0. 0. 0. 1. 0. 0. 0. 0.
  0. 0. 0. 0. 0. 0.]
 [0. 0. 0. 0. 0. 0. 1. 0. 0. 0. 0. 0. 0. 0. 0. 0. 0. 0. 0. 1. 0. 0. 0. 0.
  0. 0. 1. 0. 0. 0.]
 [0. 0. 0. 1. 0. 0. 0. 1. 0. 0. 0. 0. 0. 1. 0. 0. 0. 0. 0. 0. 0. 0. 0. 0.
  0. 0. 0. 0. 0. 0.]
 [1. 0. 0. 1. 0. 0. 0. 0. 0. 0. 0. 0. 0. 0. 0. 1. 0. 0. 0. 0. 1. 1. 1. 0.
  0. 0. 0. 0. 0. 0.]
 [0. 0. 0. 0. 0. 0. 0. 0. 0. 0. 0. 0. 0. 0. 0. 0. 0. 0. 0. 0. 0. 0. 1. 0.
  0. 0. 0. 0. 0. 0.]
 [1. 1. 0. 0. 0. 1. 1. 0. 0. 0. 0. 0. 0. 0. 0. 0. 0. 0. 1. 0. 0. 0. 0. 0.
  0. 1. 0. 0. 1. 0.]
 [1. 1. 1. 0. 0. 0. 0. 1. 0. 0. 0. 1. 0. 0. 0. 0. 0. 0. 0. 1. 0. 0. 0. 0.
  0. 0. 0. 0. 0. 0.]
 [0. 0. 1. 0. 0. 0. 1. 0. 0. 0. 0. 0. 0. 0. 0. 1. 0. 0. 0. 1. 0. 0. 0. 0.
  0. 0. 0. 0. 0. 0.]
 [0. 0. 0. 0. 0. 0. 0. 0. 0. 0. 0. 0. 0. 0. 0. 0. 0. 0. 0. 0. 0. 0. 0. 0.
  0. 0. 0. 0. 0. 0.]
 [0. 0. 1. 0. 0. 0. 1. 0. 0. 0. 0. 0. 1. 0. 0. 0. 0. 0. 0. 1. 0. 0. 0. 0.
  0. 0. 1. 0. 0. 1.]
 [0. 0. 0. 1. 1. 0. 0. 0. 1. 0. 0. 0. 0. 0. 0. 1. 0. 0. 0. 0. 0. 0. 0. 0.
  0. 0. 0. 0. 1. 0.]
 [0. 0. 0. 0. 0. 0. 0. 0. 0. 0. 0. 0. 0. 0. 0. 0. 0. 0. 0. 0. 0. 0. 0. 0.
  0. 0. 0. 0. 0. 0.]
 [0. 0. 0. 0. 0. 0. 0. 0. 0. 0. 0. 0. 0. 0. 0. 0. 0. 0. 0. 0. 0. 0. 0. 0.
  0. 0. 0. 0. 1. 0.]
 [1. 1. 1. 0. 1. 0. 0. 0. 0. 0. 0. 1. 0. 0. 0. 0. 0. 0. 0. 1. 0. 0. 0. 0.
  0. 0. 0. 0. 0. 0.]
 [1. 0. 0. 0. 0. 0. 0. 0. 0. 0. 0. 0. 0. 0. 0. 0. 0. 0. 0. 0. 0. 0. 0. 0.
  0. 0. 0. 0. 0. 0.]
 [0. 0. 0. 0. 0. 0. 0. 0. 0. 0. 0. 0. 0. 0. 0. 0. 0. 0. 0. 0. 0. 0. 0. 0.
  0. 0. 0. 0. 0. 0.]
 [1. 0. 0. 0. 0. 0. 0. 0. 0. 0. 0. 0. 0. 0. 0. 0. 0. 0. 0. 0. 0. 0. 0. 0.
  0. 0. 0. 0. 0. 0.]
 [0. 0. 0. 0. 0. 1. 0. 0. 0. 1. 1. 0. 0. 0. 0. 0. 0. 1. 0. 0. 0. 0. 1. 0.
  0. 1. 0. 0. 1. 0.]
 [0. 0. 0. 0. 0. 1. 0. 0. 0. 0. 0. 0. 0. 0. 0. 0. 0. 0. 0. 0. 0. 0. 0. 1.
  0. 0. 1. 0. 1. 1.]
 [0. 0. 0. 0. 0. 0. 0. 0. 0. 0. 0. 0. 0. 0. 0. 0. 0. 0. 1. 0. 0. 0. 1. 0.
  0. 0. 0. 0. 1. 0.]
 [0. 0. 0. 0. 1. 0. 0. 1. 0. 0. 0. 1. 0. 0. 0. 0. 0. 1. 0. 0. 0. 0. 0. 1.
  0. 0. 0. 0. 0. 0.]
 [0. 0. 0. 0. 0. 0. 0. 0. 0. 0. 0. 0. 0. 0. 0. 0. 0. 0. 0. 0. 0. 0. 0. 0.
  0. 0. 0. 0. 0. 0.]
 [0. 0. 1. 0. 0. 0. 0. 0. 0. 0. 0. 0. 0. 0. 0. 0. 0. 1. 0. 0. 0. 0. 0. 0.
  0. 0. 1. 0. 0. 0.]]
[0. 0. 1. 0. 0. 0. 0. 0. 0. 0. 0. 0. 0. 0. 0. 0. 0. 1. 0. 0. 0. 1. 0. 0.
 0. 0. 0. 0. 0. 1. 0. 0. 0. 0. 0. 0. 0. 0. 0. 0. 0. 0. 0. 1. 0. 0. 1. 0.
 0. 0. 0. 0. 0. 0. 1. 0. 0. 0. 0. 0. 0. 0. 0. 0. 0. 0. 0. 0. 0. 0. 0. 0.
 0. 0. 0. 0. 0. 0. 0. 0. 0. 0. 0. 0. 0. 0. 0. 0. 0. 0. 0. 0. 0. 0. 0. 0.
 0. 0. 0. 0. 0. 1. 0. 0. 1. 1. 0. 0. 0. 0. 0. 0. 0. 0. 0. 0. 0. 0. 0. 0.
 0. 0. 0. 0. 0. 0. 0. 0. 0. 0. 0. 0. 0. 0. 0. 0. 0. 0. 0. 0. 0. 0. 0. 0.
 0. 0. 0. 0. 0. 0. 0. 0. 0. 0. 0. 0. 0. 0. 0. 0. 0. 0. 1. 1. 0. 0. 0. 0.
 0. 0. 0. 0. 1. 0. 0. 0. 0. 0. 0. 0. 0. 0. 0. 0. 0. 0. 0. 0. 0. 0. 0. 1.
 0. 0. 0. 0. 0. 0. 0. 0. 0. 0. 0. 1. 0. 0. 0. 0. 1. 0. 0. 0. 0. 0. 0. 0.
 0. 0. 0. 0. 0. 1. 0. 0. 0. 0. 0. 0. 0. 0. 0. 0. 0. 0. 0. 0. 0. 0. 1. 0.
 0. 0. 0. 0. 0. 0. 0. 0. 0. 0. 1. 0. 0. 0. 0. 0. 0. 1. 0. 0. 0. 0. 0. 0.
 1. 0. 0. 0. 1. 0. 0. 0. 0. 1. 0. 0. 0. 0. 0. 0. 0. 0. 0. 0. 0. 0. 0. 0.
 0. 0. 1. 0. 0. 1. 0. 0. 0. 0. 0. 0. 0. 0. 0. 0. 1. 0. 0. 0. 0. 1. 1. 1.
 0. 0. 0. 0. 0. 0. 0. 0. 0. 0. 0. 0. 0. 0. 0. 0. 0. 0. 0. 0. 0. 0. 0. 0.
 0. 0. 0. 0. 1. 0. 0. 0. 0. 0. 0. 0. 1. 1. 0. 0. 0. 1. 1. 0. 0. 0. 0. 0.
 0. 0. 0. 0. 0. 1. 0. 0. 0. 0. 0. 0. 1. 0. 0. 1. 0. 1. 1. 1. 0. 0. 0. 0.
 1. 0. 0. 0. 1. 0. 0. 0. 0. 0. 0. 1. 0. 0. 0. 0. 0. 0. 0. 0. 0. 0. 0. 0.
 1. 0. 0. 0. 1. 0. 0. 0. 0. 0. 0. 0. 1. 0. 0. 0. 1. 0. 0. 0. 0. 0. 0. 0.
 0. 0. 0. 0. 0. 0. 0. 0. 0. 0. 0. 0. 0. 0. 0. 0. 0. 0. 0. 0. 0. 0. 0. 0.
 0. 0. 0. 0. 0. 0. 0. 0. 0. 0. 1. 0. 0. 0. 1. 0. 0. 0. 0. 0. 1. 0. 0. 0.
 0. 0. 1. 0. 0. 0. 0. 0. 0. 1. 0. 0. 1. 0. 0. 0. 1. 1. 0. 0. 0. 1. 0. 0.
 0. 0. 0. 0. 1. 0. 0. 0. 0. 0. 0. 0. 0. 0. 0. 0. 1. 0. 0. 0. 0. 0. 0. 0.
 0. 0. 0. 0. 0. 0. 0. 0. 0. 0. 0. 0. 0. 0. 0. 0. 0. 0. 0. 0. 0. 0. 0. 0.
 0. 0. 0. 0. 0. 0. 0. 0. 0. 0. 0. 0. 0. 0. 0. 0. 0. 0. 0. 0. 0. 0. 0. 0.
 0. 0. 1. 0. 1. 1. 1. 0. 1. 0. 0. 0. 0. 0. 0. 1. 0. 0. 0. 0. 0. 0. 0. 1.
 0. 0. 0. 0. 0. 0. 0. 0. 0. 1. 0. 0. 0. 0. 0. 0. 0. 0. 0. 0. 0. 0. 0. 0.
 0. 0. 0. 0. 0. 0. 0. 0. 0. 0. 0. 0. 0. 0. 0. 0. 0. 0. 0. 0. 0. 0. 0. 0.
 0. 0. 0. 0. 0. 0. 0. 0. 0. 0. 0. 0. 0. 0. 0. 0. 0. 0. 0. 1. 0. 0. 0. 0.
 0. 0. 0. 0. 0. 0. 0. 0. 0. 0. 0. 0. 0. 0. 0. 0. 0. 0. 0. 0. 0. 0. 0. 0.
 0. 0. 0. 0. 0. 1. 0. 0. 0. 1. 1. 0. 0. 0. 0. 0. 0. 1. 0. 0. 0. 0. 1. 0.
 1. 0. 0. 1. 0. 0. 0. 0. 0. 0. 1. 0. 0. 0. 0. 0. 0. 0. 0. 0. 0. 0. 0. 0.
 0. 0. 0. 0. 1. 0. 1. 0. 1. 1. 0. 0. 0. 0. 0. 0. 0. 0. 0. 0. 0. 0. 0. 0.
 0. 0. 0. 0. 1. 0. 0. 0. 1. 0. 0. 0. 0. 1. 0. 0. 0. 0. 0. 1. 0. 0. 1. 0.
 0. 0. 1. 0. 0. 0. 0. 0. 1. 0. 0. 0. 0. 0. 1. 0. 0. 0. 0. 0. 0. 0. 0. 0.
 0. 0. 0. 0. 0. 0. 0. 0. 0. 0. 0. 0. 0. 0. 0. 0. 0. 0. 0. 0. 0. 0. 0. 0.
 0. 0. 0. 1. 0. 0. 0. 0. 0. 0. 0. 0. 0. 0. 0. 0. 0. 0. 1. 0. 0. 0. 0. 0.
 0. 0. 0. 1. 0. 0.]
aucroc, aucpr (0.68002849002849, 0.3036646599407055)
Iterations 567
Achieves (3.8714582201520527, 1e-05)-DP
