samples  5000  graph  30 90 ER mlp  minibatch size  50  noise  0.6  minibatches per NN training  250 quantile adaptive clipping
cuda
cuda
iteration 1 in inner loop,alpha 0.0 rho 1.0 h 2.115034010050131
iteration 1 in outer loop, alpha = 2.115034010050131, rho = 1.0, h = 2.115034010050131
cuda
iteration 1 in inner loop,alpha 2.115034010050131 rho 1.0 h 1.3374026753201562
iteration 2 in inner loop,alpha 2.115034010050131 rho 10.0 h 0.5813650638715444
iteration 3 in inner loop,alpha 2.115034010050131 rho 100.0 h 0.1791900625547065
iteration 2 in outer loop, alpha = 20.03404026552078, rho = 100.0, h = 0.1791900625547065
cuda
iteration 1 in inner loop,alpha 20.03404026552078 rho 100.0 h 0.09372378727595532
iteration 2 in inner loop,alpha 20.03404026552078 rho 1000.0 h 0.03510287386295374
iteration 3 in outer loop, alpha = 55.13691412847452, rho = 1000.0, h = 0.03510287386295374
cuda
iteration 1 in inner loop,alpha 55.13691412847452 rho 1000.0 h 0.017094820036451353
iteration 2 in inner loop,alpha 55.13691412847452 rho 10000.0 h 0.0058255128368358555
iteration 4 in outer loop, alpha = 113.39204249683308, rho = 10000.0, h = 0.0058255128368358555
cuda
iteration 1 in inner loop,alpha 113.39204249683308 rho 10000.0 h 0.0024858055706644677
iteration 2 in inner loop,alpha 113.39204249683308 rho 100000.0 h 0.0008537048497174737
iteration 5 in outer loop, alpha = 198.76252746858046, rho = 100000.0, h = 0.0008537048497174737
cuda
iteration 1 in inner loop,alpha 198.76252746858046 rho 100000.0 h 0.00041797828676237714
iteration 6 in outer loop, alpha = 616.7408142309575, rho = 1000000.0, h = 0.00041797828676237714
Threshold 0.3
[[0.005 0.001 0.001 2.131 0.002 0.001 0.003 0.001 0.001 0.    0.    0.002
  0.    0.    0.    0.179 0.    0.    1.047 0.304 0.    0.    1.659 0.
  0.    0.    0.064 0.    0.11  0.   ]
 [1.021 0.003 0.363 0.433 0.003 0.132 0.001 0.398 0.001 0.    0.    1.053
  0.    0.    0.005 1.594 0.003 0.001 0.987 0.404 0.001 0.001 0.077 0.004
  0.    0.001 0.457 0.001 0.201 0.003]
 [0.341 0.001 0.003 0.293 0.002 0.131 0.001 0.233 0.001 0.    0.    0.287
  0.    0.    0.    0.22  0.    0.001 0.169 0.243 0.    0.    0.131 0.002
  0.    0.    0.2   0.    0.194 0.   ]
 [0.    0.    0.    0.006 0.    0.    0.002 0.    0.    0.    0.    0.
  0.    0.    0.    1.717 0.    0.    0.948 1.221 0.    0.    0.237 0.
  0.    0.    0.025 0.    0.155 0.   ]
 [0.214 0.167 0.231 0.195 0.002 0.107 0.009 0.139 0.001 0.    0.    0.257
  0.    0.001 0.004 0.255 0.    0.    0.123 0.238 0.    0.    0.102 0.001
  0.    0.    0.05  0.    0.196 0.   ]
 [0.416 0.001 0.001 0.165 0.001 0.002 0.002 0.001 0.    0.    0.    0.001
  0.    0.    0.    0.145 0.    0.    0.936 1.233 0.    0.    0.081 0.
  0.    0.    0.044 0.    1.178 0.   ]
 [0.075 0.207 0.151 0.154 0.059 0.113 0.001 0.07  0.574 0.006 0.031 0.095
  0.    0.005 0.    0.149 0.    0.001 0.731 0.096 0.034 0.06  0.069 0.003
  0.002 0.003 0.07  0.003 0.051 0.003]
 [0.995 0.    0.004 0.523 0.002 1.934 0.003 0.003 0.001 0.    0.    0.003
  0.    0.    0.002 0.199 0.    0.001 0.152 1.219 0.    0.001 0.086 0.002
  0.    0.    0.024 0.    0.198 0.001]
 [0.143 0.235 0.112 0.177 0.139 0.084 0.001 0.165 0.001 0.006 0.096 0.117
  0.    0.018 0.004 0.251 0.003 0.002 0.126 1.159 0.115 0.164 0.091 0.011
  0.002 0.005 0.534 0.002 0.107 0.003]
 [0.164 0.121 0.168 1.628 0.055 0.361 0.022 2.554 0.016 0.004 0.428 0.575
  0.002 3.386 0.017 0.298 0.003 0.462 0.113 0.218 0.285 0.101 0.389 0.112
  0.001 0.458 0.171 0.002 0.268 0.284]
 [1.025 0.109 0.118 2.036 0.144 0.18  0.032 0.218 0.004 0.001 0.001 0.246
  0.006 0.085 0.003 1.131 0.003 0.075 0.22  0.149 2.78  1.121 1.501 0.075
  0.001 0.284 0.12  0.003 0.095 0.077]
 [0.186 0.    0.002 0.29  0.002 0.122 0.002 0.289 0.001 0.    0.    0.003
  0.    0.    0.001 0.2   0.    0.    0.184 0.332 0.    0.    1.39  0.003
  0.    0.    0.012 0.    0.141 0.   ]
 [1.08  0.846 0.069 0.157 0.008 1.74  0.627 0.086 0.172 0.028 0.058 0.242
  0.001 0.003 0.004 0.104 0.01  0.167 0.636 0.111 0.03  0.023 0.177 0.045
  0.003 3.157 0.109 0.005 1.045 0.462]
 [0.951 2.177 1.869 0.591 0.028 0.309 0.01  1.808 0.003 0.    0.006 1.881
  0.005 0.001 0.004 0.308 0.003 0.194 0.344 0.813 0.121 0.013 0.246 0.004
  0.    0.021 0.129 0.001 0.265 0.073]
 [0.146 0.07  1.621 0.162 0.09  0.147 0.41  0.076 0.003 0.002 0.005 0.076
  0.008 0.037 0.    1.403 0.016 0.062 0.089 0.779 0.027 0.017 0.126 0.012
  0.005 0.079 0.013 0.028 0.051 0.06 ]
 [0.    0.    0.    0.001 0.    0.    0.    0.    0.    0.    0.    0.
  0.    0.    0.    0.003 0.    0.    0.07  0.28  0.    0.    0.004 0.
  0.    0.    0.001 0.    0.06  0.   ]
 [0.148 0.044 1.417 0.141 0.018 0.083 0.69  0.122 0.044 0.022 0.005 0.153
  0.006 0.002 0.002 0.098 0.001 0.039 0.097 0.797 0.053 0.021 0.079 0.027
  0.013 0.016 0.46  0.006 0.165 1.97 ]
 [0.143 0.131 0.158 1.601 1.354 0.088 0.189 0.283 0.153 0.    0.001 0.318
  0.    0.003 0.003 1.169 0.    0.001 0.134 0.243 0.025 0.003 0.183 0.003
  0.    0.    0.085 0.    0.978 0.   ]
 [0.001 0.    0.    0.004 0.001 0.    0.001 0.    0.    0.    0.    0.001
  0.    0.    0.    0.025 0.    0.    0.007 0.01  0.    0.    0.007 0.
  0.    0.    0.017 0.    0.004 0.   ]
 [0.    0.    0.    0.001 0.    0.    0.    0.    0.    0.    0.    0.
  0.    0.    0.    0.001 0.    0.    0.038 0.003 0.    0.    0.006 0.
  0.    0.    0.002 0.    1.178 0.   ]
 [0.897 1.246 1.832 0.299 2.114 0.1   0.005 0.113 0.001 0.    0.    1.291
  0.001 0.002 0.004 0.624 0.002 0.01  0.145 1.018 0.002 0.001 0.162 0.003
  0.    0.005 0.147 0.004 0.131 0.003]
 [0.762 0.242 0.192 0.231 0.133 0.04  0.01  0.128 0.001 0.001 0.    0.261
  0.005 0.028 0.003 0.318 0.004 0.051 0.124 0.137 0.464 0.001 0.079 0.037
  0.    0.115 0.065 0.003 0.101 0.023]
 [0.    0.001 0.    0.002 0.001 0.    0.001 0.    0.    0.    0.    0.001
  0.    0.    0.    0.153 0.    0.    0.136 0.103 0.    0.    0.004 0.
  0.    0.    0.003 0.    0.242 0.   ]
 [1.179 0.079 0.084 0.144 0.109 0.044 0.071 0.282 0.006 0.002 0.003 0.118
  0.    0.042 0.003 0.091 0.006 0.192 0.1   0.105 0.085 0.002 0.089 0.001
  0.    0.001 0.014 0.    0.169 0.095]
 [0.058 0.253 0.027 0.293 0.107 0.17  0.074 0.449 0.003 4.103 1.036 0.223
  0.013 0.338 0.003 0.028 0.012 0.177 0.081 0.079 0.114 0.022 0.201 0.003
  0.001 1.657 0.018 0.003 0.726 0.155]
 [0.469 0.375 0.202 0.267 0.091 1.933 0.084 0.147 0.048 0.001 0.002 0.065
  0.    0.016 0.003 0.148 0.002 0.39  0.184 0.21  0.115 0.003 0.051 0.248
  0.001 0.001 0.607 0.014 1.211 1.902]
 [0.012 0.005 0.001 0.035 0.008 0.014 0.002 0.004 0.001 0.    0.    0.081
  0.    0.    0.004 0.254 0.    0.005 0.291 0.187 0.002 0.002 1.603 0.003
  0.    0.    0.005 0.006 1.156 0.001]
 [0.225 0.023 0.012 0.125 2.193 0.188 0.035 1.64  0.023 0.002 0.013 2.026
  0.003 0.038 0.003 0.139 0.022 1.022 0.121 0.321 0.006 0.037 0.1   1.493
  0.006 0.003 0.038 0.001 0.123 0.077]
 [0.    0.001 0.    0.    0.    0.    0.001 0.    0.    0.    0.    0.
  0.    0.    0.    0.001 0.    0.    0.096 0.    0.    0.    0.001 0.
  0.    0.    0.002 0.    0.003 0.   ]
 [0.216 0.079 1.812 0.195 0.109 0.112 0.059 0.092 0.053 0.    0.001 0.12
  0.    0.002 0.004 0.175 0.    1.106 0.127 0.192 0.037 0.001 0.104 0.003
  0.    0.    0.75  0.004 0.375 0.001]]
[[0.    0.    0.    2.131 0.    0.    0.    0.    0.    0.    0.    0.
  0.    0.    0.    0.    0.    0.    1.047 0.304 0.    0.    1.659 0.
  0.    0.    0.    0.    0.    0.   ]
 [1.021 0.    0.363 0.433 0.    0.    0.    0.398 0.    0.    0.    1.053
  0.    0.    0.    1.594 0.    0.    0.987 0.404 0.    0.    0.    0.
  0.    0.    0.457 0.    0.    0.   ]
 [0.341 0.    0.    0.    0.    0.    0.    0.    0.    0.    0.    0.
  0.    0.    0.    0.    0.    0.    0.    0.    0.    0.    0.    0.
  0.    0.    0.    0.    0.    0.   ]
 [0.    0.    0.    0.    0.    0.    0.    0.    0.    0.    0.    0.
  0.    0.    0.    1.717 0.    0.    0.948 1.221 0.    0.    0.    0.
  0.    0.    0.    0.    0.    0.   ]
 [0.    0.    0.    0.    0.    0.    0.    0.    0.    0.    0.    0.
  0.    0.    0.    0.    0.    0.    0.    0.    0.    0.    0.    0.
  0.    0.    0.    0.    0.    0.   ]
 [0.416 0.    0.    0.    0.    0.    0.    0.    0.    0.    0.    0.
  0.    0.    0.    0.    0.    0.    0.936 1.233 0.    0.    0.    0.
  0.    0.    0.    0.    1.178 0.   ]
 [0.    0.    0.    0.    0.    0.    0.    0.    0.574 0.    0.    0.
  0.    0.    0.    0.    0.    0.    0.731 0.    0.    0.    0.    0.
  0.    0.    0.    0.    0.    0.   ]
 [0.995 0.    0.    0.523 0.    1.934 0.    0.    0.    0.    0.    0.
  0.    0.    0.    0.    0.    0.    0.    1.219 0.    0.    0.    0.
  0.    0.    0.    0.    0.    0.   ]
 [0.    0.    0.    0.    0.    0.    0.    0.    0.    0.    0.    0.
  0.    0.    0.    0.    0.    0.    0.    1.159 0.    0.    0.    0.
  0.    0.    0.534 0.    0.    0.   ]
 [0.    0.    0.    1.628 0.    0.361 0.    2.554 0.    0.    0.428 0.575
  0.    3.386 0.    0.    0.    0.462 0.    0.    0.    0.    0.389 0.
  0.    0.458 0.    0.    0.    0.   ]
 [1.025 0.    0.    2.036 0.    0.    0.    0.    0.    0.    0.    0.
  0.    0.    0.    1.131 0.    0.    0.    0.    2.78  1.121 1.501 0.
  0.    0.    0.    0.    0.    0.   ]
 [0.    0.    0.    0.    0.    0.    0.    0.    0.    0.    0.    0.
  0.    0.    0.    0.    0.    0.    0.    0.332 0.    0.    1.39  0.
  0.    0.    0.    0.    0.    0.   ]
 [1.08  0.846 0.    0.    0.    1.74  0.627 0.    0.    0.    0.    0.
  0.    0.    0.    0.    0.    0.    0.636 0.    0.    0.    0.    0.
  0.    3.157 0.    0.    1.045 0.462]
 [0.951 2.177 1.869 0.591 0.    0.309 0.    1.808 0.    0.    0.    1.881
  0.    0.    0.    0.308 0.    0.    0.344 0.813 0.    0.    0.    0.
  0.    0.    0.    0.    0.    0.   ]
 [0.    0.    1.621 0.    0.    0.    0.41  0.    0.    0.    0.    0.
  0.    0.    0.    1.403 0.    0.    0.    0.779 0.    0.    0.    0.
  0.    0.    0.    0.    0.    0.   ]
 [0.    0.    0.    0.    0.    0.    0.    0.    0.    0.    0.    0.
  0.    0.    0.    0.    0.    0.    0.    0.    0.    0.    0.    0.
  0.    0.    0.    0.    0.    0.   ]
 [0.    0.    1.417 0.    0.    0.    0.69  0.    0.    0.    0.    0.
  0.    0.    0.    0.    0.    0.    0.    0.797 0.    0.    0.    0.
  0.    0.    0.46  0.    0.    1.97 ]
 [0.    0.    0.    1.601 1.354 0.    0.    0.    0.    0.    0.    0.318
  0.    0.    0.    1.169 0.    0.    0.    0.    0.    0.    0.    0.
  0.    0.    0.    0.    0.978 0.   ]
 [0.    0.    0.    0.    0.    0.    0.    0.    0.    0.    0.    0.
  0.    0.    0.    0.    0.    0.    0.    0.    0.    0.    0.    0.
  0.    0.    0.    0.    0.    0.   ]
 [0.    0.    0.    0.    0.    0.    0.    0.    0.    0.    0.    0.
  0.    0.    0.    0.    0.    0.    0.    0.    0.    0.    0.    0.
  0.    0.    0.    0.    1.178 0.   ]
 [0.897 1.246 1.832 0.    2.114 0.    0.    0.    0.    0.    0.    1.291
  0.    0.    0.    0.624 0.    0.    0.    1.018 0.    0.    0.    0.
  0.    0.    0.    0.    0.    0.   ]
 [0.762 0.    0.    0.    0.    0.    0.    0.    0.    0.    0.    0.
  0.    0.    0.    0.318 0.    0.    0.    0.    0.464 0.    0.    0.
  0.    0.    0.    0.    0.    0.   ]
 [0.    0.    0.    0.    0.    0.    0.    0.    0.    0.    0.    0.
  0.    0.    0.    0.    0.    0.    0.    0.    0.    0.    0.    0.
  0.    0.    0.    0.    0.    0.   ]
 [1.179 0.    0.    0.    0.    0.    0.    0.    0.    0.    0.    0.
  0.    0.    0.    0.    0.    0.    0.    0.    0.    0.    0.    0.
  0.    0.    0.    0.    0.    0.   ]
 [0.    0.    0.    0.    0.    0.    0.    0.449 0.    4.103 1.036 0.
  0.    0.338 0.    0.    0.    0.    0.    0.    0.    0.    0.    0.
  0.    1.657 0.    0.    0.726 0.   ]
 [0.469 0.375 0.    0.    0.    1.933 0.    0.    0.    0.    0.    0.
  0.    0.    0.    0.    0.    0.39  0.    0.    0.    0.    0.    0.
  0.    0.    0.607 0.    1.211 1.902]
 [0.    0.    0.    0.    0.    0.    0.    0.    0.    0.    0.    0.
  0.    0.    0.    0.    0.    0.    0.    0.    0.    0.    1.603 0.
  0.    0.    0.    0.    1.156 0.   ]
 [0.    0.    0.    0.    2.193 0.    0.    1.64  0.    0.    0.    2.026
  0.    0.    0.    0.    0.    1.022 0.    0.321 0.    0.    0.    1.493
  0.    0.    0.    0.    0.    0.   ]
 [0.    0.    0.    0.    0.    0.    0.    0.    0.    0.    0.    0.
  0.    0.    0.    0.    0.    0.    0.    0.    0.    0.    0.    0.
  0.    0.    0.    0.    0.    0.   ]
 [0.    0.    1.812 0.    0.    0.    0.    0.    0.    0.    0.    0.
  0.    0.    0.    0.    0.    1.106 0.    0.    0.    0.    0.    0.
  0.    0.    0.75  0.    0.375 0.   ]]
{'fdr': 0.28695652173913044, 'tpr': 0.9111111111111111, 'fpr': 0.09565217391304348, 'f1': 0.7999999999999999, 'shd': 40, 'npred': 115, 'ntrue': 90}
[9.244e-04 8.525e-04 2.131e+00 1.835e-03 6.289e-04 3.313e-03 7.450e-04
 7.226e-04 2.551e-05 4.223e-05 1.725e-03 6.339e-05 2.073e-05 1.239e-05
 1.786e-01 1.940e-05 3.829e-04 1.047e+00 3.042e-01 4.737e-04 1.360e-04
 1.659e+00 2.826e-05 2.087e-05 3.184e-05 6.443e-02 2.215e-05 1.097e-01
 1.318e-04 1.021e+00 3.635e-01 4.333e-01 2.637e-03 1.318e-01 1.302e-03
 3.977e-01 1.204e-03 2.092e-05 2.355e-05 1.053e+00 3.500e-04 1.831e-05
 4.974e-03 1.594e+00 3.300e-03 1.284e-03 9.871e-01 4.036e-01 7.457e-04
 6.754e-04 7.676e-02 4.422e-03 2.255e-06 7.430e-04 4.573e-01 1.260e-03
 2.011e-01 3.070e-03 3.410e-01 1.350e-03 2.925e-01 2.265e-03 1.311e-01
 5.437e-04 2.331e-01 6.068e-04 1.133e-04 2.573e-05 2.874e-01 1.253e-05
 2.174e-04 1.607e-05 2.199e-01 9.681e-05 1.191e-03 1.687e-01 2.435e-01
 2.759e-04 1.465e-04 1.314e-01 1.811e-03 5.459e-05 6.355e-06 1.998e-01
 1.274e-04 1.937e-01 1.102e-04 1.146e-04 9.686e-05 1.309e-04 2.646e-04
 1.453e-04 1.503e-03 7.516e-05 4.276e-04 4.259e-05 1.086e-04 3.708e-04
 1.127e-04 2.527e-05 4.155e-05 1.717e+00 1.702e-05 1.040e-04 9.482e-01
 1.221e+00 7.171e-05 1.737e-05 2.368e-01 3.749e-05 4.137e-06 3.253e-05
 2.539e-02 2.832e-05 1.550e-01 3.376e-05 2.136e-01 1.670e-01 2.310e-01
 1.951e-01 1.072e-01 8.779e-03 1.393e-01 9.488e-04 1.300e-04 6.785e-05
 2.572e-01 4.173e-06 1.391e-03 3.892e-03 2.553e-01 8.345e-06 2.834e-04
 1.229e-01 2.384e-01 4.838e-04 2.342e-04 1.017e-01 1.144e-03 2.027e-05
 1.289e-04 5.009e-02 3.595e-06 1.964e-01 1.488e-04 4.164e-01 5.335e-04
 1.214e-03 1.648e-01 1.241e-03 1.704e-03 7.037e-04 2.131e-04 9.078e-06
 3.121e-05 9.095e-04 2.104e-05 7.871e-05 2.436e-04 1.448e-01 1.138e-04
 2.147e-04 9.359e-01 1.233e+00 4.656e-05 4.694e-04 8.114e-02 1.722e-04
 9.341e-06 9.120e-05 4.422e-02 5.566e-05 1.178e+00 2.051e-04 7.492e-02
 2.067e-01 1.513e-01 1.536e-01 5.867e-02 1.129e-01 7.013e-02 5.739e-01
 6.486e-03 3.120e-02 9.452e-02 4.259e-04 5.014e-03 1.853e-04 1.491e-01
 4.432e-04 6.249e-04 7.308e-01 9.554e-02 3.357e-02 5.977e-02 6.900e-02
 2.663e-03 2.283e-03 3.129e-03 7.027e-02 2.760e-03 5.131e-02 2.811e-03
 9.951e-01 4.899e-04 4.006e-03 5.229e-01 1.765e-03 1.934e+00 2.912e-03
 5.156e-04 9.513e-06 3.235e-05 2.836e-03 4.535e-06 1.211e-04 2.145e-03
 1.986e-01 1.425e-05 8.581e-04 1.519e-01 1.219e+00 4.597e-05 7.710e-04
 8.567e-02 1.600e-03 5.996e-06 2.428e-04 2.439e-02 8.581e-05 1.979e-01
 5.349e-04 1.432e-01 2.352e-01 1.122e-01 1.771e-01 1.395e-01 8.425e-02
 8.766e-04 1.645e-01 5.759e-03 9.618e-02 1.170e-01 4.384e-04 1.850e-02
 4.027e-03 2.513e-01 2.503e-03 2.079e-03 1.262e-01 1.159e+00 1.152e-01
 1.641e-01 9.118e-02 1.142e-02 2.022e-03 4.996e-03 5.342e-01 1.929e-03
 1.067e-01 2.992e-03 1.638e-01 1.209e-01 1.679e-01 1.628e+00 5.512e-02
 3.609e-01 2.200e-02 2.554e+00 1.612e-02 4.276e-01 5.745e-01 2.332e-03
 3.386e+00 1.681e-02 2.984e-01 3.138e-03 4.622e-01 1.126e-01 2.180e-01
 2.852e-01 1.010e-01 3.893e-01 1.116e-01 5.023e-04 4.580e-01 1.707e-01
 2.236e-03 2.682e-01 2.836e-01 1.025e+00 1.094e-01 1.178e-01 2.036e+00
 1.436e-01 1.796e-01 3.248e-02 2.180e-01 4.384e-03 1.002e-03 2.460e-01
 6.448e-03 8.464e-02 2.612e-03 1.131e+00 2.806e-03 7.537e-02 2.201e-01
 1.487e-01 2.780e+00 1.121e+00 1.501e+00 7.510e-02 1.173e-03 2.844e-01
 1.200e-01 3.359e-03 9.477e-02 7.726e-02 1.857e-01 1.464e-04 2.185e-03
 2.899e-01 1.532e-03 1.218e-01 1.621e-03 2.894e-01 6.537e-04 2.930e-05
 3.370e-05 2.327e-05 5.606e-05 7.929e-04 2.005e-01 1.978e-05 1.924e-04
 1.843e-01 3.324e-01 2.362e-04 5.824e-05 1.390e+00 2.545e-03 2.191e-05
 2.033e-04 1.227e-02 1.775e-04 1.412e-01 8.783e-05 1.080e+00 8.462e-01
 6.891e-02 1.565e-01 8.281e-03 1.740e+00 6.274e-01 8.603e-02 1.724e-01
 2.831e-02 5.818e-02 2.421e-01 2.979e-03 3.520e-03 1.042e-01 9.746e-03
 1.672e-01 6.363e-01 1.106e-01 3.022e-02 2.300e-02 1.771e-01 4.510e-02
 2.795e-03 3.157e+00 1.091e-01 4.944e-03 1.045e+00 4.618e-01 9.508e-01
 2.177e+00 1.869e+00 5.915e-01 2.760e-02 3.093e-01 1.028e-02 1.808e+00
 3.220e-03 2.457e-04 5.573e-03 1.881e+00 4.579e-03 3.731e-03 3.081e-01
 2.743e-03 1.940e-01 3.444e-01 8.130e-01 1.215e-01 1.307e-02 2.456e-01
 3.546e-03 7.460e-05 2.083e-02 1.292e-01 1.385e-03 2.646e-01 7.325e-02
 1.461e-01 7.035e-02 1.621e+00 1.623e-01 8.953e-02 1.467e-01 4.097e-01
 7.565e-02 3.077e-03 2.253e-03 4.948e-03 7.553e-02 8.192e-03 3.727e-02
 1.403e+00 1.641e-02 6.229e-02 8.944e-02 7.788e-01 2.693e-02 1.669e-02
 1.262e-01 1.194e-02 5.470e-03 7.912e-02 1.347e-02 2.809e-02 5.071e-02
 5.995e-02 1.371e-05 1.094e-04 9.643e-05 6.480e-04 8.318e-05 5.392e-05
 2.602e-04 5.343e-05 4.329e-05 2.028e-05 2.586e-05 2.712e-04 1.130e-05
 1.231e-05 1.538e-05 3.766e-06 3.778e-05 7.023e-02 2.797e-01 3.053e-05
 4.829e-05 4.135e-03 1.485e-05 1.467e-05 2.060e-05 1.441e-03 4.602e-06
 6.029e-02 3.594e-05 1.481e-01 4.387e-02 1.417e+00 1.413e-01 1.827e-02
 8.315e-02 6.898e-01 1.222e-01 4.407e-02 2.190e-02 4.955e-03 1.530e-01
 6.186e-03 2.233e-03 2.156e-03 9.790e-02 3.881e-02 9.727e-02 7.974e-01
 5.348e-02 2.110e-02 7.915e-02 2.690e-02 1.261e-02 1.557e-02 4.601e-01
 5.527e-03 1.652e-01 1.970e+00 1.426e-01 1.310e-01 1.581e-01 1.601e+00
 1.354e+00 8.835e-02 1.887e-01 2.828e-01 1.527e-01 1.280e-04 1.347e-03
 3.179e-01 2.680e-05 2.793e-03 2.939e-03 1.169e+00 2.467e-05 1.336e-01
 2.434e-01 2.478e-02 3.260e-03 1.828e-01 3.432e-03 9.590e-06 9.165e-05
 8.540e-02 1.537e-05 9.778e-01 1.830e-04 1.252e-03 1.784e-04 1.866e-04
 3.758e-03 6.442e-04 1.414e-04 6.416e-04 2.686e-04 3.256e-04 1.673e-05
 1.902e-04 8.645e-04 4.834e-05 2.412e-05 1.316e-05 2.524e-02 7.931e-05
 9.894e-05 1.033e-02 8.120e-05 1.137e-04 7.392e-03 7.544e-05 1.166e-05
 2.337e-05 1.724e-02 1.397e-05 3.825e-03 8.544e-05 2.904e-05 5.627e-05
 1.453e-04 5.856e-04 2.519e-05 1.504e-04 5.437e-05 2.013e-05 2.221e-05
 5.775e-06 2.216e-05 2.586e-04 1.717e-05 1.360e-05 4.356e-05 1.256e-03
 7.268e-05 1.405e-05 3.775e-02 4.945e-05 1.999e-05 5.581e-03 2.710e-05
 1.151e-05 1.119e-05 1.977e-03 4.615e-06 1.178e+00 4.095e-06 8.975e-01
 1.246e+00 1.832e+00 2.990e-01 2.114e+00 1.004e-01 5.089e-03 1.135e-01
 9.546e-04 1.141e-04 1.513e-05 1.291e+00 1.366e-03 2.163e-03 3.592e-03
 6.235e-01 2.210e-03 9.638e-03 1.454e-01 1.018e+00 5.588e-04 1.623e-01
 2.803e-03 1.674e-05 5.008e-03 1.468e-01 3.679e-03 1.308e-01 3.281e-03
 7.618e-01 2.416e-01 1.920e-01 2.310e-01 1.331e-01 3.995e-02 1.028e-02
 1.276e-01 1.248e-03 5.051e-04 7.686e-05 2.607e-01 4.510e-03 2.772e-02
 3.256e-03 3.177e-01 3.796e-03 5.112e-02 1.241e-01 1.373e-01 4.640e-01
 7.904e-02 3.715e-02 3.370e-04 1.146e-01 6.540e-02 2.962e-03 1.013e-01
 2.336e-02 6.941e-05 5.859e-04 3.571e-04 2.171e-03 6.563e-04 3.288e-04
 8.904e-04 4.410e-05 4.943e-04 1.854e-05 1.027e-04 1.057e-03 6.378e-05
 1.158e-05 5.949e-05 1.533e-01 2.710e-04 2.489e-04 1.359e-01 1.028e-01
 3.280e-04 8.691e-06 3.843e-05 3.514e-05 1.289e-04 3.083e-03 7.801e-05
 2.424e-01 3.436e-04 1.179e+00 7.936e-02 8.363e-02 1.441e-01 1.088e-01
 4.397e-02 7.130e-02 2.822e-01 6.345e-03 1.869e-03 3.067e-03 1.183e-01
 7.383e-05 4.249e-02 2.756e-03 9.062e-02 6.256e-03 1.925e-01 1.001e-01
 1.053e-01 8.461e-02 1.624e-03 8.918e-02 3.789e-05 5.041e-04 1.386e-02
 1.515e-04 1.690e-01 9.531e-02 5.773e-02 2.529e-01 2.745e-02 2.932e-01
 1.067e-01 1.699e-01 7.444e-02 4.493e-01 2.680e-03 4.103e+00 1.036e+00
 2.227e-01 1.342e-02 3.379e-01 3.342e-03 2.842e-02 1.209e-02 1.768e-01
 8.078e-02 7.929e-02 1.141e-01 2.191e-02 2.014e-01 2.775e-03 1.657e+00
 1.837e-02 3.276e-03 7.258e-01 1.554e-01 4.694e-01 3.753e-01 2.024e-01
 2.673e-01 9.093e-02 1.933e+00 8.445e-02 1.474e-01 4.819e-02 1.064e-03
 1.657e-03 6.548e-02 3.123e-05 1.576e-02 2.908e-03 1.476e-01 2.286e-03
 3.901e-01 1.836e-01 2.096e-01 1.151e-01 2.932e-03 5.150e-02 2.481e-01
 5.150e-04 6.074e-01 1.382e-02 1.211e+00 1.902e+00 1.186e-02 5.144e-03
 9.532e-04 3.517e-02 8.485e-03 1.365e-02 2.169e-03 3.608e-03 6.113e-04
 7.694e-06 5.348e-05 8.058e-02 8.456e-05 8.245e-05 4.083e-03 2.538e-01
 1.856e-04 5.282e-03 2.910e-01 1.874e-01 1.656e-03 2.345e-03 1.603e+00
 3.021e-03 3.927e-05 2.079e-04 6.447e-03 1.156e+00 5.883e-04 2.254e-01
 2.343e-02 1.231e-02 1.250e-01 2.193e+00 1.883e-01 3.493e-02 1.640e+00
 2.313e-02 2.359e-03 1.291e-02 2.026e+00 3.400e-03 3.814e-02 3.079e-03
 1.394e-01 2.240e-02 1.022e+00 1.207e-01 3.209e-01 6.011e-03 3.691e-02
 1.000e-01 1.493e+00 6.164e-03 3.261e-03 3.778e-02 1.230e-01 7.708e-02
 8.376e-05 5.695e-04 2.823e-04 1.538e-04 4.267e-04 6.377e-05 6.389e-04
 1.753e-05 9.073e-05 8.501e-06 2.013e-05 2.478e-04 1.462e-05 9.026e-06
 7.835e-06 1.337e-03 7.430e-05 4.970e-05 9.580e-02 2.270e-04 1.595e-04
 3.286e-05 1.484e-03 2.496e-05 2.500e-05 1.003e-04 2.168e-03 1.265e-05
 3.244e-05 2.162e-01 7.942e-02 1.812e+00 1.946e-01 1.087e-01 1.121e-01
 5.906e-02 9.183e-02 5.317e-02 3.195e-05 5.358e-04 1.203e-01 1.814e-05
 2.497e-03 3.573e-03 1.754e-01 9.637e-05 1.106e+00 1.274e-01 1.916e-01
 3.652e-02 1.442e-03 1.039e-01 2.712e-03 5.307e-05 1.192e-04 7.503e-01
 3.648e-03 3.751e-01]
[[0. 0. 0. 1. 0. 0. 0. 0. 0. 0. 0. 0. 0. 0. 0. 0. 0. 0. 1. 0. 0. 0. 1. 0.
  0. 0. 0. 0. 0. 0.]
 [1. 0. 0. 0. 0. 0. 0. 0. 0. 0. 0. 0. 0. 0. 0. 1. 0. 0. 1. 0. 0. 0. 0. 0.
  0. 0. 1. 0. 0. 0.]
 [0. 0. 0. 0. 0. 0. 0. 0. 0. 0. 0. 0. 0. 0. 0. 0. 0. 0. 0. 0. 0. 0. 0. 0.
  0. 0. 0. 0. 0. 0.]
 [0. 0. 0. 0. 0. 0. 0. 0. 0. 0. 0. 0. 0. 0. 0. 1. 0. 0. 1. 1. 0. 0. 0. 0.
  0. 0. 0. 0. 0. 0.]
 [0. 0. 0. 0. 0. 0. 0. 0. 0. 0. 0. 0. 0. 0. 0. 0. 0. 0. 0. 0. 0. 0. 0. 0.
  0. 0. 0. 0. 0. 0.]
 [0. 0. 0. 0. 0. 0. 0. 0. 0. 0. 0. 0. 0. 0. 0. 0. 0. 0. 1. 1. 0. 0. 0. 0.
  0. 0. 0. 0. 1. 0.]
 [0. 0. 0. 0. 0. 0. 0. 0. 0. 0. 0. 0. 0. 0. 0. 0. 0. 0. 1. 0. 0. 0. 0. 0.
  0. 0. 0. 0. 0. 0.]
 [1. 0. 0. 0. 0. 1. 0. 0. 0. 0. 0. 0. 0. 0. 0. 0. 0. 0. 0. 1. 0. 0. 0. 0.
  0. 0. 0. 0. 0. 0.]
 [0. 0. 0. 0. 0. 0. 1. 0. 0. 0. 0. 0. 0. 0. 0. 0. 0. 0. 0. 1. 0. 0. 0. 0.
  0. 0. 1. 0. 0. 0.]
 [0. 0. 0. 1. 0. 0. 0. 1. 0. 0. 0. 0. 0. 1. 0. 0. 0. 0. 0. 0. 0. 0. 0. 0.
  0. 0. 0. 0. 0. 0.]
 [1. 0. 0. 1. 0. 0. 0. 0. 0. 0. 0. 0. 0. 0. 0. 1. 0. 0. 0. 0. 1. 1. 1. 0.
  0. 0. 0. 0. 0. 0.]
 [0. 0. 0. 0. 0. 0. 0. 0. 0. 0. 0. 0. 0. 0. 0. 0. 0. 0. 0. 0. 0. 0. 1. 0.
  0. 0. 0. 0. 0. 0.]
 [1. 1. 0. 0. 0. 1. 1. 0. 0. 0. 0. 0. 0. 0. 0. 0. 0. 0. 1. 0. 0. 0. 0. 0.
  0. 1. 0. 0. 1. 0.]
 [1. 1. 1. 0. 0. 0. 0. 1. 0. 0. 0. 1. 0. 0. 0. 0. 0. 0. 0. 1. 0. 0. 0. 0.
  0. 0. 0. 0. 0. 0.]
 [0. 0. 1. 0. 0. 0. 1. 0. 0. 0. 0. 0. 0. 0. 0. 1. 0. 0. 0. 1. 0. 0. 0. 0.
  0. 0. 0. 0. 0. 0.]
 [0. 0. 0. 0. 0. 0. 0. 0. 0. 0. 0. 0. 0. 0. 0. 0. 0. 0. 0. 0. 0. 0. 0. 0.
  0. 0. 0. 0. 0. 0.]
 [0. 0. 1. 0. 0. 0. 1. 0. 0. 0. 0. 0. 1. 0. 0. 0. 0. 0. 0. 1. 0. 0. 0. 0.
  0. 0. 1. 0. 0. 1.]
 [0. 0. 0. 1. 1. 0. 0. 0. 1. 0. 0. 0. 0. 0. 0. 1. 0. 0. 0. 0. 0. 0. 0. 0.
  0. 0. 0. 0. 1. 0.]
 [0. 0. 0. 0. 0. 0. 0. 0. 0. 0. 0. 0. 0. 0. 0. 0. 0. 0. 0. 0. 0. 0. 0. 0.
  0. 0. 0. 0. 0. 0.]
 [0. 0. 0. 0. 0. 0. 0. 0. 0. 0. 0. 0. 0. 0. 0. 0. 0. 0. 0. 0. 0. 0. 0. 0.
  0. 0. 0. 0. 1. 0.]
 [1. 1. 1. 0. 1. 0. 0. 0. 0. 0. 0. 1. 0. 0. 0. 0. 0. 0. 0. 1. 0. 0. 0. 0.
  0. 0. 0. 0. 0. 0.]
 [1. 0. 0. 0. 0. 0. 0. 0. 0. 0. 0. 0. 0. 0. 0. 0. 0. 0. 0. 0. 0. 0. 0. 0.
  0. 0. 0. 0. 0. 0.]
 [0. 0. 0. 0. 0. 0. 0. 0. 0. 0. 0. 0. 0. 0. 0. 0. 0. 0. 0. 0. 0. 0. 0. 0.
  0. 0. 0. 0. 0. 0.]
 [1. 0. 0. 0. 0. 0. 0. 0. 0. 0. 0. 0. 0. 0. 0. 0. 0. 0. 0. 0. 0. 0. 0. 0.
  0. 0. 0. 0. 0. 0.]
 [0. 0. 0. 0. 0. 1. 0. 0. 0. 1. 1. 0. 0. 0. 0. 0. 0. 1. 0. 0. 0. 0. 1. 0.
  0. 1. 0. 0. 1. 0.]
 [0. 0. 0. 0. 0. 1. 0. 0. 0. 0. 0. 0. 0. 0. 0. 0. 0. 0. 0. 0. 0. 0. 0. 1.
  0. 0. 1. 0. 1. 1.]
 [0. 0. 0. 0. 0. 0. 0. 0. 0. 0. 0. 0. 0. 0. 0. 0. 0. 0. 1. 0. 0. 0. 1. 0.
  0. 0. 0. 0. 1. 0.]
 [0. 0. 0. 0. 1. 0. 0. 1. 0. 0. 0. 1. 0. 0. 0. 0. 0. 1. 0. 0. 0. 0. 0. 1.
  0. 0. 0. 0. 0. 0.]
 [0. 0. 0. 0. 0. 0. 0. 0. 0. 0. 0. 0. 0. 0. 0. 0. 0. 0. 0. 0. 0. 0. 0. 0.
  0. 0. 0. 0. 0. 0.]
 [0. 0. 1. 0. 0. 0. 0. 0. 0. 0. 0. 0. 0. 0. 0. 0. 0. 1. 0. 0. 0. 0. 0. 0.
  0. 0. 1. 0. 0. 0.]]
[0. 0. 1. 0. 0. 0. 0. 0. 0. 0. 0. 0. 0. 0. 0. 0. 0. 1. 0. 0. 0. 1. 0. 0.
 0. 0. 0. 0. 0. 1. 0. 0. 0. 0. 0. 0. 0. 0. 0. 0. 0. 0. 0. 1. 0. 0. 1. 0.
 0. 0. 0. 0. 0. 0. 1. 0. 0. 0. 0. 0. 0. 0. 0. 0. 0. 0. 0. 0. 0. 0. 0. 0.
 0. 0. 0. 0. 0. 0. 0. 0. 0. 0. 0. 0. 0. 0. 0. 0. 0. 0. 0. 0. 0. 0. 0. 0.
 0. 0. 0. 0. 0. 1. 0. 0. 1. 1. 0. 0. 0. 0. 0. 0. 0. 0. 0. 0. 0. 0. 0. 0.
 0. 0. 0. 0. 0. 0. 0. 0. 0. 0. 0. 0. 0. 0. 0. 0. 0. 0. 0. 0. 0. 0. 0. 0.
 0. 0. 0. 0. 0. 0. 0. 0. 0. 0. 0. 0. 0. 0. 0. 0. 0. 0. 1. 1. 0. 0. 0. 0.
 0. 0. 0. 0. 1. 0. 0. 0. 0. 0. 0. 0. 0. 0. 0. 0. 0. 0. 0. 0. 0. 0. 0. 1.
 0. 0. 0. 0. 0. 0. 0. 0. 0. 0. 0. 1. 0. 0. 0. 0. 1. 0. 0. 0. 0. 0. 0. 0.
 0. 0. 0. 0. 0. 1. 0. 0. 0. 0. 0. 0. 0. 0. 0. 0. 0. 0. 0. 0. 0. 0. 1. 0.
 0. 0. 0. 0. 0. 0. 0. 0. 0. 0. 1. 0. 0. 0. 0. 0. 0. 1. 0. 0. 0. 0. 0. 0.
 1. 0. 0. 0. 1. 0. 0. 0. 0. 1. 0. 0. 0. 0. 0. 0. 0. 0. 0. 0. 0. 0. 0. 0.
 0. 0. 1. 0. 0. 1. 0. 0. 0. 0. 0. 0. 0. 0. 0. 0. 1. 0. 0. 0. 0. 1. 1. 1.
 0. 0. 0. 0. 0. 0. 0. 0. 0. 0. 0. 0. 0. 0. 0. 0. 0. 0. 0. 0. 0. 0. 0. 0.
 0. 0. 0. 0. 1. 0. 0. 0. 0. 0. 0. 0. 1. 1. 0. 0. 0. 1. 1. 0. 0. 0. 0. 0.
 0. 0. 0. 0. 0. 1. 0. 0. 0. 0. 0. 0. 1. 0. 0. 1. 0. 1. 1. 1. 0. 0. 0. 0.
 1. 0. 0. 0. 1. 0. 0. 0. 0. 0. 0. 1. 0. 0. 0. 0. 0. 0. 0. 0. 0. 0. 0. 0.
 1. 0. 0. 0. 1. 0. 0. 0. 0. 0. 0. 0. 1. 0. 0. 0. 1. 0. 0. 0. 0. 0. 0. 0.
 0. 0. 0. 0. 0. 0. 0. 0. 0. 0. 0. 0. 0. 0. 0. 0. 0. 0. 0. 0. 0. 0. 0. 0.
 0. 0. 0. 0. 0. 0. 0. 0. 0. 0. 1. 0. 0. 0. 1. 0. 0. 0. 0. 0. 1. 0. 0. 0.
 0. 0. 1. 0. 0. 0. 0. 0. 0. 1. 0. 0. 1. 0. 0. 0. 1. 1. 0. 0. 0. 1. 0. 0.
 0. 0. 0. 0. 1. 0. 0. 0. 0. 0. 0. 0. 0. 0. 0. 0. 1. 0. 0. 0. 0. 0. 0. 0.
 0. 0. 0. 0. 0. 0. 0. 0. 0. 0. 0. 0. 0. 0. 0. 0. 0. 0. 0. 0. 0. 0. 0. 0.
 0. 0. 0. 0. 0. 0. 0. 0. 0. 0. 0. 0. 0. 0. 0. 0. 0. 0. 0. 0. 0. 0. 0. 0.
 0. 0. 1. 0. 1. 1. 1. 0. 1. 0. 0. 0. 0. 0. 0. 1. 0. 0. 0. 0. 0. 0. 0. 1.
 0. 0. 0. 0. 0. 0. 0. 0. 0. 1. 0. 0. 0. 0. 0. 0. 0. 0. 0. 0. 0. 0. 0. 0.
 0. 0. 0. 0. 0. 0. 0. 0. 0. 0. 0. 0. 0. 0. 0. 0. 0. 0. 0. 0. 0. 0. 0. 0.
 0. 0. 0. 0. 0. 0. 0. 0. 0. 0. 0. 0. 0. 0. 0. 0. 0. 0. 0. 1. 0. 0. 0. 0.
 0. 0. 0. 0. 0. 0. 0. 0. 0. 0. 0. 0. 0. 0. 0. 0. 0. 0. 0. 0. 0. 0. 0. 0.
 0. 0. 0. 0. 0. 1. 0. 0. 0. 1. 1. 0. 0. 0. 0. 0. 0. 1. 0. 0. 0. 0. 1. 0.
 1. 0. 0. 1. 0. 0. 0. 0. 0. 0. 1. 0. 0. 0. 0. 0. 0. 0. 0. 0. 0. 0. 0. 0.
 0. 0. 0. 0. 1. 0. 1. 0. 1. 1. 0. 0. 0. 0. 0. 0. 0. 0. 0. 0. 0. 0. 0. 0.
 0. 0. 0. 0. 1. 0. 0. 0. 1. 0. 0. 0. 0. 1. 0. 0. 0. 0. 0. 1. 0. 0. 1. 0.
 0. 0. 1. 0. 0. 0. 0. 0. 1. 0. 0. 0. 0. 0. 1. 0. 0. 0. 0. 0. 0. 0. 0. 0.
 0. 0. 0. 0. 0. 0. 0. 0. 0. 0. 0. 0. 0. 0. 0. 0. 0. 0. 0. 0. 0. 0. 0. 0.
 0. 0. 0. 1. 0. 0. 0. 0. 0. 0. 0. 0. 0. 0. 0. 0. 0. 0. 1. 0. 0. 0. 0. 0.
 0. 0. 0. 1. 0. 0.]
aucroc, aucpr (0.9796153846153846, 0.9403555959025843)
cuda
noise_multiplier  0.6  noise_multiplier_b  2.5  noise_multiplier_delta  0.6043672230190352
cuda
Objective function 982.29 = squared loss an data 726.28 + 0.5*rho*h**2 254.631624 + alpha*h 0.000000 + L2reg 0.55 + L1reg 0.82 ; SHD = 415 ; DAG False
total norm for a microbatch 122.25780759071698 clip 1.8511579101054196
total norm for a microbatch 95.00931313775052 clip 58.56418976984998
total norm for a microbatch 86.550961127102 clip 68.13195785986277
total norm for a microbatch 78.96972322465172 clip 71.76109656849206
total norm for a microbatch 85.5160377135139 clip 79.79413181830198
total norm for a microbatch 157.60597516993943 clip 83.58136514442067
total norm for a microbatch 125.31655976969311 clip 80.35352221521491
total norm for a microbatch 61.438251499724544 clip 92.949113550178
total norm for a microbatch 149.81510263003105 clip 97.44582991647829
total norm for a microbatch 104.50047447050075 clip 99.83140993930193
total norm for a microbatch 120.50911023769484 clip 113.81905068471531
total norm for a microbatch 110.0099112466522 clip 111.27433285184189
cuda
Objective function 57.58 = squared loss an data 42.83 + 0.5*rho*h**2 12.440217 + alpha*h 0.000000 + L2reg 1.72 + L1reg 0.59 ; SHD = 231 ; DAG False
Proportion of microbatches that were clipped  0.82068464395285
iteration 1 in inner loop, alpha 0.0 rho 1.0 h 4.988029147832819
iteration 1 in outer loop, alpha = 4.988029147832819, rho = 1.0, h = 4.988029147832819
cuda
noise_multiplier  0.6  noise_multiplier_b  2.5  noise_multiplier_delta  0.6043672230190352
cuda
Objective function 82.46 = squared loss an data 42.83 + 0.5*rho*h**2 12.440217 + alpha*h 24.880435 + L2reg 1.72 + L1reg 0.59 ; SHD = 231 ; DAG False
total norm for a microbatch 85.2652130326045 clip 2.9274048785051345
total norm for a microbatch 137.44773451924544 clip 9.827362307325945
total norm for a microbatch 173.82529468642045 clip 12.751562309647179
total norm for a microbatch 293.93943918585944 clip 135.39167238138492
total norm for a microbatch 146.6310422377743 clip 141.6215839704378
total norm for a microbatch 257.29331731147414 clip 145.38839896144177
total norm for a microbatch 140.4049689678996 clip 141.38073024300775
total norm for a microbatch 154.0531714728685 clip 149.31287565793616
cuda
Objective function 61.08 = squared loss an data 36.81 + 0.5*rho*h**2 5.291318 + alpha*h 16.226540 + L2reg 2.19 + L1reg 0.56 ; SHD = 199 ; DAG False
Proportion of microbatches that were clipped  0.8220014656786907
iteration 1 in inner loop, alpha 4.988029147832819 rho 1.0 h 3.253096494430885
noise_multiplier  0.6  noise_multiplier_b  2.5  noise_multiplier_delta  0.6043672230190352
cuda
Objective function 108.71 = squared loss an data 36.81 + 0.5*rho*h**2 52.913184 + alpha*h 16.226540 + L2reg 2.19 + L1reg 0.56 ; SHD = 199 ; DAG False
total norm for a microbatch 244.0363794784522 clip 3.259756890234208
total norm for a microbatch 270.64289568755265 clip 184.9893325179765
total norm for a microbatch 302.24326144733385 clip 202.0432205611802
total norm for a microbatch 466.0375123495582 clip 179.86365579888684
total norm for a microbatch 254.32443799476215 clip 187.4555094656412
total norm for a microbatch 204.6567736550955 clip 182.03158301105128
total norm for a microbatch 165.37481410108768 clip 183.9779995327055
total norm for a microbatch 152.63838030070931 clip 184.54605469790476
total norm for a microbatch 208.82081365322276 clip 174.92262051622586
total norm for a microbatch 252.6790303408248 clip 185.63434334618856
total norm for a microbatch 329.6703058802811 clip 172.3126147439659
total norm for a microbatch 244.88088991514724 clip 171.61574932361037
total norm for a microbatch 208.939847309412 clip 194.18214007246527
cuda
Objective function 61.50 = squared loss an data 39.42 + 0.5*rho*h**2 11.541702 + alpha*h 7.578424 + L2reg 2.45 + L1reg 0.51 ; SHD = 170 ; DAG True
Proportion of microbatches that were clipped  0.8278662164335102
iteration 2 in inner loop, alpha 4.988029147832819 rho 10.0 h 1.5193223757887857
noise_multiplier  0.6  noise_multiplier_b  2.5  noise_multiplier_delta  0.6043672230190352
cuda
Objective function 165.38 = squared loss an data 39.42 + 0.5*rho*h**2 115.417024 + alpha*h 7.578424 + L2reg 2.45 + L1reg 0.51 ; SHD = 170 ; DAG True
total norm for a microbatch 320.43875203809216 clip 1.0
total norm for a microbatch 257.80689124531096 clip 6.895783329617075
total norm for a microbatch 163.61499246970726 clip 6.895783329617075
total norm for a microbatch 167.234966159198 clip 18.477762008719147
total norm for a microbatch 196.4917923390874 clip 31.29476782379229
total norm for a microbatch 186.18092623463855 clip 131.53104764267604
total norm for a microbatch 243.8548558397863 clip 232.68813667476218
total norm for a microbatch 197.88282268351003 clip 218.13427367695854
total norm for a microbatch 275.62591396622906 clip 217.46521627739452
total norm for a microbatch 156.7198942576716 clip 221.36874418098256
total norm for a microbatch 322.62370250693135 clip 221.5744290795022
total norm for a microbatch 326.9425391708988 clip 221.65217589038124
total norm for a microbatch 264.75598573136034 clip 207.72102289139784
total norm for a microbatch 177.6832032583796 clip 227.35158842218488
total norm for a microbatch 188.6377356252878 clip 213.861109901526
total norm for a microbatch 337.2853060636314 clip 208.1816313483712
total norm for a microbatch 214.87191623886287 clip 208.14650674561932
cuda
Objective function 65.94 = squared loss an data 42.58 + 0.5*rho*h**2 17.294563 + alpha*h 2.933586 + L2reg 2.68 + L1reg 0.45 ; SHD = 158 ; DAG True
Proportion of microbatches that were clipped  0.828580713299212
iteration 3 in inner loop, alpha 4.988029147832819 rho 100.0 h 0.5881252088516753
iteration 2 in outer loop, alpha = 63.80055003300035, rho = 100.0, h = 0.5881252088516753
cuda
noise_multiplier  0.6  noise_multiplier_b  2.5  noise_multiplier_delta  0.6043672230190352
cuda
Objective function 100.53 = squared loss an data 42.58 + 0.5*rho*h**2 17.294563 + alpha*h 37.522712 + L2reg 2.68 + L1reg 0.45 ; SHD = 158 ; DAG True
total norm for a microbatch 297.81445103143795 clip 1.2929899128129856
total norm for a microbatch 365.6376899324786 clip 2.2065959255337204
total norm for a microbatch 328.92169895515264 clip 2.883073826190332
total norm for a microbatch 261.9964504478325 clip 9.253742714706249
total norm for a microbatch 319.2082765756508 clip 46.044480722296804
total norm for a microbatch 282.8744668072769 clip 245.36813921937772
total norm for a microbatch 226.43348627796644 clip 235.2970860457229
total norm for a microbatch 243.38200160636026 clip 238.20729752841433
total norm for a microbatch 202.7007735282956 clip 243.813669597297
total norm for a microbatch 219.54536826289836 clip 246.38673170475016
total norm for a microbatch 220.11865521941493 clip 251.06221487052227
total norm for a microbatch 384.6520769004321 clip 235.08098450505562
total norm for a microbatch 333.2954316023372 clip 227.2793626627977
total norm for a microbatch 298.7558280099387 clip 235.23875486782916
total norm for a microbatch 320.8316106726814 clip 234.71056503451018
cuda
Objective function 75.81 = squared loss an data 42.49 + 0.5*rho*h**2 6.686688 + alpha*h 23.331623 + L2reg 2.86 + L1reg 0.44 ; SHD = 181 ; DAG True
Proportion of microbatches that were clipped  0.826459647420346
iteration 1 in inner loop, alpha 63.80055003300035 rho 100.0 h 0.36569626380128994
noise_multiplier  0.6  noise_multiplier_b  2.5  noise_multiplier_delta  0.6043672230190352
cuda
Objective function 135.99 = squared loss an data 42.49 + 0.5*rho*h**2 66.866879 + alpha*h 23.331623 + L2reg 2.86 + L1reg 0.44 ; SHD = 181 ; DAG True
total norm for a microbatch 243.57336492519937 clip 1.6994152444932447
total norm for a microbatch 287.9436927637067 clip 3.737997185022944
total norm for a microbatch 253.0707519958606 clip 278.92781173062264
total norm for a microbatch 356.4610181191428 clip 278.92781173062264
total norm for a microbatch 400.5235714277637 clip 293.4098901691653
total norm for a microbatch 296.77877626817144 clip 305.0264979780563
total norm for a microbatch 260.9834795265867 clip 289.9411184062077
total norm for a microbatch 206.09793469435272 clip 312.26721549430846
total norm for a microbatch 264.03599645693066 clip 277.77599090516117
total norm for a microbatch 440.3787682396787 clip 256.1876853777623
total norm for a microbatch 279.4066094171219 clip 268.4376457484196
total norm for a microbatch 277.51633460966946 clip 268.4376457484196
total norm for a microbatch 242.67163842614377 clip 267.2633206456096
total norm for a microbatch 300.1634533919659 clip 266.5999320051655
cuda
Objective function 78.14 = squared loss an data 47.25 + 0.5*rho*h**2 15.968989 + alpha*h 11.401924 + L2reg 3.08 + L1reg 0.43 ; SHD = 186 ; DAG True
Proportion of microbatches that were clipped  0.832815611310235
iteration 2 in inner loop, alpha 63.80055003300035 rho 1000.0 h 0.17871199469376364
noise_multiplier  0.6  noise_multiplier_b  2.5  noise_multiplier_delta  0.6043672230190352
cuda
Objective function 221.86 = squared loss an data 47.25 + 0.5*rho*h**2 159.689885 + alpha*h 11.401924 + L2reg 3.08 + L1reg 0.43 ; SHD = 186 ; DAG True
total norm for a microbatch 466.6020153030809 clip 1.3285360296189497
total norm for a microbatch 357.1633282762099 clip 2.342497264749504
total norm for a microbatch 508.46809682970695 clip 87.65018397465717
total norm for a microbatch 478.2216566226878 clip 114.91415144227943
total norm for a microbatch 514.9352856519768 clip 124.55547421293674
total norm for a microbatch 444.61732965211854 clip 382.5991107401168
total norm for a microbatch 323.5960781653639 clip 345.0423956973661
total norm for a microbatch 424.41723426216987 clip 313.87873751092513
total norm for a microbatch 307.6318779884563 clip 300.06523407910794
total norm for a microbatch 361.10743535088625 clip 289.6909160900011
total norm for a microbatch 346.83380442726224 clip 295.0733048060235
total norm for a microbatch 242.2789984251208 clip 295.0733048060235
cuda
Objective function 74.27 = squared loss an data 47.04 + 0.5*rho*h**2 19.555609 + alpha*h 3.990020 + L2reg 3.26 + L1reg 0.43 ; SHD = 189 ; DAG True
Proportion of microbatches that were clipped  0.8333466230763097
iteration 3 in inner loop, alpha 63.80055003300035 rho 10000.0 h 0.06253896193232933
iteration 3 in outer loop, alpha = 689.1901693562937, rho = 10000.0, h = 0.06253896193232933
cuda
noise_multiplier  0.6  noise_multiplier_b  2.5  noise_multiplier_delta  0.6043672230190352
cuda
Objective function 113.38 = squared loss an data 47.04 + 0.5*rho*h**2 19.555609 + alpha*h 43.101238 + L2reg 3.26 + L1reg 0.43 ; SHD = 189 ; DAG True
total norm for a microbatch 463.6144608541661 clip 1.0
total norm for a microbatch 542.6097062282809 clip 64.33751086047766
total norm for a microbatch 543.8341119433492 clip 520.5917042534879
total norm for a microbatch 591.6561319086121 clip 495.1758523348471
total norm for a microbatch 378.65443887052965 clip 350.3221039560788
total norm for a microbatch 385.5413953591145 clip 333.76670321154756
total norm for a microbatch 538.6354986735986 clip 323.21680879663904
total norm for a microbatch 361.6736296737649 clip 343.9963869921242
total norm for a microbatch 356.56771835662124 clip 334.24849232586115
total norm for a microbatch 507.3902912797019 clip 329.43130260717857
total norm for a microbatch 311.0438658335166 clip 337.39832773428594
cuda
Objective function 83.70 = squared loss an data 46.69 + 0.5*rho*h**2 7.099821 + alpha*h 25.970349 + L2reg 3.49 + L1reg 0.45 ; SHD = 201 ; DAG True
Proportion of microbatches that were clipped  0.8330023039644078
iteration 1 in inner loop, alpha 689.1901693562937 rho 10000.0 h 0.0376824136492111
noise_multiplier  0.6  noise_multiplier_b  2.5  noise_multiplier_delta  0.6043672230190352
cuda
Objective function 147.60 = squared loss an data 46.69 + 0.5*rho*h**2 70.998215 + alpha*h 25.970349 + L2reg 3.49 + L1reg 0.45 ; SHD = 201 ; DAG True
total norm for a microbatch 969.4713043569935 clip 35.839554808996
total norm for a microbatch 1132.8294471924105 clip 125.24951506921897
total norm for a microbatch 1935.6633593875163 clip 959.7479506671381
total norm for a microbatch 2290.3482131662145 clip 1058.3237124612149
total norm for a microbatch 2453.8773994631724 clip 1058.3237124612149
total norm for a microbatch 3040.847962007609 clip 2868.9106617340117
total norm for a microbatch 1492.792146551975 clip 1566.2882957522345
total norm for a microbatch 447.9154317782187 clip 320.71797294773864
total norm for a microbatch 396.6627187689058 clip 271.48997614855506
total norm for a microbatch 387.30883104218316 clip 294.2230538233725
total norm for a microbatch 284.561938335992 clip 294.0449359803817
total norm for a microbatch 342.21393332293945 clip 285.3901531756804
total norm for a microbatch 241.01053613080384 clip 291.5957932585183
cuda
Objective function 60.01 = squared loss an data 48.46 + 0.5*rho*h**2 2.507497 + alpha*h 4.880612 + L2reg 3.72 + L1reg 0.44 ; SHD = 193 ; DAG True
Proportion of microbatches that were clipped  0.8317157295259485
iteration 2 in inner loop, alpha 689.1901693562937 rho 100000.0 h 0.007081662549676793
iteration 4 in outer loop, alpha = 1397.356424323973, rho = 100000.0, h = 0.007081662549676793
cuda
noise_multiplier  0.6  noise_multiplier_b  2.5  noise_multiplier_delta  0.6043672230190352
cuda
Objective function 65.02 = squared loss an data 48.46 + 0.5*rho*h**2 2.507497 + alpha*h 9.895607 + L2reg 3.72 + L1reg 0.44 ; SHD = 193 ; DAG True
total norm for a microbatch 4454.421104191593 clip 1.5800104281720568
total norm for a microbatch 2869.4981915926237 clip 2.0639977664832068
total norm for a microbatch 1323.819922774643 clip 3.2480238231413754
total norm for a microbatch 2153.6240602493735 clip 1102.0409157606516
total norm for a microbatch 4425.759202305288 clip 3824.6735800931515
total norm for a microbatch 5571.338727622695 clip 3530.5671492123233
total norm for a microbatch 3645.7066840279 clip 4580.993213769402
total norm for a microbatch 3953.724293816043 clip 3547.0791883220263
total norm for a microbatch 2448.6811589445892 clip 2500.6646912944097
total norm for a microbatch 1799.8839340522902 clip 1776.0102321926156
total norm for a microbatch 1681.8597475530348 clip 1899.3681827439816
total norm for a microbatch 421.92622970511974 clip 395.8128107775646
total norm for a microbatch 334.85294275764466 clip 280.3786335657359
total norm for a microbatch 327.6621012507172 clip 301.2232661964464
cuda
Objective function 64.37 = squared loss an data 52.55 + 0.5*rho*h**2 1.046618 + alpha*h 6.393172 + L2reg 3.93 + L1reg 0.46 ; SHD = 212 ; DAG True
Proportion of microbatches that were clipped  0.8297206165703276
iteration 1 in inner loop, alpha 1397.356424323973 rho 100000.0 h 0.0045751903693513896
iteration 5 in outer loop, alpha = 5972.546793675363, rho = 1000000.0, h = 0.0045751903693513896
Threshold 0.3
[[0.005 0.996 0.689 0.634 1.028 0.387 0.96  0.013 0.971 0.055 0.015 0.21
  0.013 0.305 0.239 0.159 0.046 0.35  0.452 0.222 0.013 0.671 0.27  0.701
  0.369 0.013 0.026 0.018 0.347 0.194]
 [0.002 0.003 0.308 0.016 0.053 0.102 0.074 0.003 0.201 0.007 0.001 0.024
  0.001 0.014 0.007 0.022 0.004 0.046 0.012 0.017 0.002 0.017 0.018 0.027
  0.041 0.004 0.003 0.005 0.022 0.01 ]
 [0.003 0.012 0.002 0.014 0.035 0.02  0.034 0.001 0.022 0.005 0.001 0.003
  0.001 0.002 0.003 0.004 0.004 0.008 0.008 0.015 0.001 0.011 0.01  0.008
  0.009 0.002 0.001 0.002 0.008 0.002]
 [0.007 0.151 0.241 0.004 0.06  0.175 0.161 0.002 0.206 0.012 0.001 0.033
  0.002 0.135 0.016 0.023 0.011 0.055 0.023 0.075 0.005 0.014 0.045 0.029
  0.166 0.004 0.006 0.007 0.034 0.016]
 [0.003 0.065 0.09  0.062 0.003 0.022 0.132 0.003 0.073 0.008 0.001 0.014
  0.001 0.008 0.004 0.012 0.002 0.008 0.02  0.01  0.001 0.032 0.041 0.006
  0.023 0.003 0.003 0.003 0.011 0.011]
 [0.006 0.046 0.113 0.018 0.116 0.002 0.178 0.002 0.201 0.003 0.002 0.016
  0.001 0.064 0.02  0.011 0.005 0.069 0.011 0.017 0.003 0.039 0.032 0.024
  0.161 0.003 0.003 0.007 0.028 0.01 ]
 [0.002 0.051 0.126 0.012 0.038 0.021 0.002 0.002 0.072 0.002 0.001 0.008
  0.002 0.005 0.007 0.007 0.002 0.01  0.04  0.007 0.001 0.008 0.014 0.01
  0.018 0.004 0.002 0.002 0.024 0.006]
 [0.231 0.644 1.084 0.976 0.756 1.187 0.913 0.003 0.568 0.157 0.031 0.7
  0.153 0.711 0.241 0.373 0.187 0.7   0.387 0.348 0.107 0.662 0.777 0.414
  0.879 0.155 0.024 0.25  0.534 0.578]
 [0.003 0.013 0.162 0.012 0.048 0.01  0.036 0.002 0.002 0.002 0.001 0.008
  0.002 0.004 0.006 0.011 0.003 0.02  0.012 0.015 0.002 0.014 0.018 0.01
  0.008 0.003 0.001 0.005 0.007 0.007]
 [0.154 0.369 0.691 0.457 0.417 0.832 0.971 0.027 1.157 0.007 0.006 0.291
  0.009 0.645 0.117 0.344 0.081 0.296 0.179 0.324 0.016 0.239 0.134 0.325
  0.587 0.019 0.012 0.031 0.423 0.093]
 [0.252 0.988 1.327 0.962 0.738 1.208 1.501 0.124 1.208 0.835 0.002 0.735
  0.253 0.548 0.35  0.919 0.393 0.856 1.058 0.51  0.225 0.902 1.148 0.799
  0.845 0.139 0.192 0.396 0.317 0.431]
 [0.018 0.102 0.626 0.144 0.227 0.169 0.304 0.002 0.324 0.015 0.004 0.003
  0.008 0.042 0.039 0.112 0.017 0.062 0.233 0.206 0.008 0.191 0.351 0.224
  0.119 0.01  0.011 0.012 0.12  0.016]
 [0.207 1.365 1.513 0.711 0.891 1.159 0.877 0.026 0.966 0.281 0.014 0.37
  0.003 0.654 0.336 0.503 0.5   0.806 0.87  0.461 0.206 0.711 0.829 0.546
  0.574 0.227 0.061 0.396 0.764 0.418]
 [0.012 0.235 0.962 0.039 0.337 0.044 0.542 0.004 0.53  0.009 0.006 0.131
  0.003 0.004 0.021 0.148 0.01  0.034 0.029 0.134 0.007 0.079 0.132 0.086
  0.209 0.007 0.005 0.008 0.032 0.019]
 [0.016 0.321 0.695 0.158 0.465 0.169 0.414 0.01  0.443 0.028 0.007 0.109
  0.012 0.189 0.003 0.306 0.016 0.236 0.281 0.175 0.006 0.142 0.324 0.329
  0.371 0.011 0.014 0.013 0.053 0.1  ]
 [0.026 0.096 0.545 0.099 0.306 0.274 0.452 0.005 0.235 0.008 0.004 0.027
  0.005 0.018 0.012 0.003 0.011 0.099 0.15  0.292 0.008 0.074 0.129 0.069
  0.161 0.005 0.004 0.008 0.028 0.019]
 [0.112 0.716 0.521 0.381 0.808 0.551 1.222 0.014 0.788 0.039 0.006 0.172
  0.005 0.313 0.173 0.21  0.002 0.348 0.251 0.253 0.016 0.362 0.289 0.647
  0.234 0.068 0.009 0.029 0.264 0.279]
 [0.008 0.098 0.328 0.042 0.269 0.052 0.305 0.003 0.219 0.005 0.003 0.048
  0.002 0.093 0.012 0.043 0.01  0.001 0.018 0.019 0.008 0.055 0.059 0.023
  0.113 0.004 0.004 0.007 0.017 0.017]
 [0.008 0.267 0.367 0.233 0.207 0.266 0.071 0.004 0.338 0.014 0.002 0.016
  0.003 0.108 0.01  0.019 0.011 0.138 0.002 0.116 0.005 0.144 0.066 0.112
  0.155 0.003 0.002 0.014 0.038 0.035]
 [0.009 0.15  0.25  0.047 0.289 0.188 0.338 0.007 0.225 0.01  0.004 0.015
  0.005 0.023 0.017 0.01  0.008 0.171 0.036 0.002 0.002 0.059 0.071 0.02
  0.134 0.004 0.006 0.008 0.019 0.016]
 [0.192 0.737 1.313 0.504 1.685 0.831 1.355 0.028 1.026 0.199 0.012 0.351
  0.012 0.392 0.486 0.364 0.214 0.386 0.469 0.844 0.002 0.728 0.526 0.51
  0.741 0.057 0.018 0.192 0.155 0.532]
 [0.003 0.162 0.255 0.198 0.12  0.084 0.247 0.003 0.247 0.011 0.002 0.019
  0.003 0.052 0.028 0.061 0.011 0.073 0.027 0.059 0.004 0.002 0.2   0.018
  0.117 0.006 0.004 0.009 0.024 0.02 ]
 [0.01  0.189 0.289 0.087 0.074 0.074 0.171 0.005 0.181 0.034 0.002 0.01
  0.003 0.026 0.011 0.025 0.01  0.059 0.079 0.046 0.006 0.014 0.002 0.018
  0.079 0.008 0.001 0.007 0.011 0.023]
 [0.004 0.111 0.289 0.094 0.468 0.158 0.311 0.004 0.288 0.008 0.002 0.017
  0.004 0.036 0.007 0.033 0.002 0.126 0.028 0.16  0.004 0.109 0.166 0.002
  0.152 0.004 0.003 0.007 0.024 0.058]
 [0.007 0.072 0.353 0.019 0.127 0.029 0.171 0.003 0.281 0.004 0.002 0.031
  0.002 0.014 0.009 0.029 0.013 0.033 0.027 0.013 0.003 0.03  0.051 0.02
  0.001 0.006 0.003 0.005 0.017 0.006]
 [0.161 0.743 1.006 0.606 0.575 0.671 0.39  0.016 0.827 0.317 0.023 0.202
  0.01  0.446 0.31  0.503 0.05  0.552 0.887 0.629 0.08  0.513 0.368 0.54
  0.517 0.003 0.03  0.059 0.668 0.242]
 [0.11  1.016 1.45  0.443 0.855 0.6   1.027 0.177 0.986 0.204 0.013 0.382
  0.065 0.343 0.218 0.604 0.273 0.583 0.923 0.426 0.198 0.655 1.556 0.514
  0.821 0.078 0.002 0.089 0.782 0.409]
 [0.136 0.595 1.063 0.276 0.698 0.323 0.872 0.012 0.634 0.104 0.007 0.216
  0.008 0.318 0.245 0.334 0.138 0.325 0.231 0.377 0.014 0.22  0.395 0.36
  0.552 0.048 0.027 0.002 0.252 0.214]
 [0.006 0.166 0.454 0.105 0.452 0.096 0.122 0.004 0.398 0.006 0.006 0.039
  0.003 0.092 0.052 0.107 0.009 0.184 0.086 0.196 0.018 0.161 0.216 0.14
  0.206 0.004 0.004 0.016 0.003 0.024]
 [0.017 0.243 1.003 0.176 0.292 0.292 0.384 0.005 0.405 0.054 0.006 0.189
  0.008 0.128 0.035 0.126 0.016 0.293 0.101 0.19  0.005 0.166 0.182 0.062
  0.477 0.016 0.007 0.016 0.16  0.003]]
[[0.    0.996 0.689 0.634 1.028 0.387 0.96  0.    0.971 0.    0.    0.
  0.    0.305 0.    0.    0.    0.35  0.452 0.    0.    0.671 0.    0.701
  0.369 0.    0.    0.    0.347 0.   ]
 [0.    0.    0.308 0.    0.    0.    0.    0.    0.    0.    0.    0.
  0.    0.    0.    0.    0.    0.    0.    0.    0.    0.    0.    0.
  0.    0.    0.    0.    0.    0.   ]
 [0.    0.    0.    0.    0.    0.    0.    0.    0.    0.    0.    0.
  0.    0.    0.    0.    0.    0.    0.    0.    0.    0.    0.    0.
  0.    0.    0.    0.    0.    0.   ]
 [0.    0.    0.    0.    0.    0.    0.    0.    0.    0.    0.    0.
  0.    0.    0.    0.    0.    0.    0.    0.    0.    0.    0.    0.
  0.    0.    0.    0.    0.    0.   ]
 [0.    0.    0.    0.    0.    0.    0.    0.    0.    0.    0.    0.
  0.    0.    0.    0.    0.    0.    0.    0.    0.    0.    0.    0.
  0.    0.    0.    0.    0.    0.   ]
 [0.    0.    0.    0.    0.    0.    0.    0.    0.    0.    0.    0.
  0.    0.    0.    0.    0.    0.    0.    0.    0.    0.    0.    0.
  0.    0.    0.    0.    0.    0.   ]
 [0.    0.    0.    0.    0.    0.    0.    0.    0.    0.    0.    0.
  0.    0.    0.    0.    0.    0.    0.    0.    0.    0.    0.    0.
  0.    0.    0.    0.    0.    0.   ]
 [0.    0.644 1.084 0.976 0.756 1.187 0.913 0.    0.568 0.    0.    0.7
  0.    0.711 0.    0.373 0.    0.7   0.387 0.348 0.    0.662 0.777 0.414
  0.879 0.    0.    0.    0.534 0.578]
 [0.    0.    0.    0.    0.    0.    0.    0.    0.    0.    0.    0.
  0.    0.    0.    0.    0.    0.    0.    0.    0.    0.    0.    0.
  0.    0.    0.    0.    0.    0.   ]
 [0.    0.369 0.691 0.457 0.417 0.832 0.971 0.    1.157 0.    0.    0.
  0.    0.645 0.    0.344 0.    0.    0.    0.324 0.    0.    0.    0.325
  0.587 0.    0.    0.    0.423 0.   ]
 [0.    0.988 1.327 0.962 0.738 1.208 1.501 0.    1.208 0.835 0.    0.735
  0.    0.548 0.35  0.919 0.393 0.856 1.058 0.51  0.    0.902 1.148 0.799
  0.845 0.    0.    0.396 0.317 0.431]
 [0.    0.    0.626 0.    0.    0.    0.304 0.    0.324 0.    0.    0.
  0.    0.    0.    0.    0.    0.    0.    0.    0.    0.    0.351 0.
  0.    0.    0.    0.    0.    0.   ]
 [0.    1.365 1.513 0.711 0.891 1.159 0.877 0.    0.966 0.    0.    0.37
  0.    0.654 0.336 0.503 0.5   0.806 0.87  0.461 0.    0.711 0.829 0.546
  0.574 0.    0.    0.396 0.764 0.418]
 [0.    0.    0.962 0.    0.337 0.    0.542 0.    0.53  0.    0.    0.
  0.    0.    0.    0.    0.    0.    0.    0.    0.    0.    0.    0.
  0.    0.    0.    0.    0.    0.   ]
 [0.    0.321 0.695 0.    0.465 0.    0.414 0.    0.443 0.    0.    0.
  0.    0.    0.    0.306 0.    0.    0.    0.    0.    0.    0.324 0.329
  0.371 0.    0.    0.    0.    0.   ]
 [0.    0.    0.545 0.    0.306 0.    0.452 0.    0.    0.    0.    0.
  0.    0.    0.    0.    0.    0.    0.    0.    0.    0.    0.    0.
  0.    0.    0.    0.    0.    0.   ]
 [0.    0.716 0.521 0.381 0.808 0.551 1.222 0.    0.788 0.    0.    0.
  0.    0.313 0.    0.    0.    0.348 0.    0.    0.    0.362 0.    0.647
  0.    0.    0.    0.    0.    0.   ]
 [0.    0.    0.328 0.    0.    0.    0.305 0.    0.    0.    0.    0.
  0.    0.    0.    0.    0.    0.    0.    0.    0.    0.    0.    0.
  0.    0.    0.    0.    0.    0.   ]
 [0.    0.    0.367 0.    0.    0.    0.    0.    0.338 0.    0.    0.
  0.    0.    0.    0.    0.    0.    0.    0.    0.    0.    0.    0.
  0.    0.    0.    0.    0.    0.   ]
 [0.    0.    0.    0.    0.    0.    0.338 0.    0.    0.    0.    0.
  0.    0.    0.    0.    0.    0.    0.    0.    0.    0.    0.    0.
  0.    0.    0.    0.    0.    0.   ]
 [0.    0.737 1.313 0.504 1.685 0.831 1.355 0.    1.026 0.    0.    0.351
  0.    0.392 0.486 0.364 0.    0.386 0.469 0.844 0.    0.728 0.526 0.51
  0.741 0.    0.    0.    0.    0.532]
 [0.    0.    0.    0.    0.    0.    0.    0.    0.    0.    0.    0.
  0.    0.    0.    0.    0.    0.    0.    0.    0.    0.    0.    0.
  0.    0.    0.    0.    0.    0.   ]
 [0.    0.    0.    0.    0.    0.    0.    0.    0.    0.    0.    0.
  0.    0.    0.    0.    0.    0.    0.    0.    0.    0.    0.    0.
  0.    0.    0.    0.    0.    0.   ]
 [0.    0.    0.    0.    0.468 0.    0.311 0.    0.    0.    0.    0.
  0.    0.    0.    0.    0.    0.    0.    0.    0.    0.    0.    0.
  0.    0.    0.    0.    0.    0.   ]
 [0.    0.    0.353 0.    0.    0.    0.    0.    0.    0.    0.    0.
  0.    0.    0.    0.    0.    0.    0.    0.    0.    0.    0.    0.
  0.    0.    0.    0.    0.    0.   ]
 [0.    0.743 1.006 0.606 0.575 0.671 0.39  0.    0.827 0.317 0.    0.
  0.    0.446 0.31  0.503 0.    0.552 0.887 0.629 0.    0.513 0.368 0.54
  0.517 0.    0.    0.    0.668 0.   ]
 [0.    1.016 1.45  0.443 0.855 0.6   1.027 0.    0.986 0.    0.    0.382
  0.    0.343 0.    0.604 0.    0.583 0.923 0.426 0.    0.655 1.556 0.514
  0.821 0.    0.    0.    0.782 0.409]
 [0.    0.595 1.063 0.    0.698 0.323 0.872 0.    0.634 0.    0.    0.
  0.    0.318 0.    0.334 0.    0.325 0.    0.377 0.    0.    0.395 0.36
  0.552 0.    0.    0.    0.    0.   ]
 [0.    0.    0.454 0.    0.452 0.    0.    0.    0.398 0.    0.    0.
  0.    0.    0.    0.    0.    0.    0.    0.    0.    0.    0.    0.
  0.    0.    0.    0.    0.    0.   ]
 [0.    0.    1.003 0.    0.    0.    0.384 0.    0.405 0.    0.    0.
  0.    0.    0.    0.    0.    0.    0.    0.    0.    0.    0.    0.
  0.477 0.    0.    0.    0.    0.   ]]
{'fdr': 0.8221153846153846, 'tpr': 0.4111111111111111, 'fpr': 0.4956521739130435, 'f1': 0.24832214765100677, 'shd': 212, 'npred': 208, 'ntrue': 90}
[9.963e-01 6.887e-01 6.343e-01 1.028e+00 3.867e-01 9.600e-01 1.261e-02
 9.712e-01 5.508e-02 1.465e-02 2.099e-01 1.318e-02 3.047e-01 2.390e-01
 1.588e-01 4.637e-02 3.504e-01 4.517e-01 2.217e-01 1.315e-02 6.709e-01
 2.696e-01 7.014e-01 3.685e-01 1.268e-02 2.599e-02 1.849e-02 3.468e-01
 1.941e-01 2.228e-03 3.077e-01 1.636e-02 5.279e-02 1.016e-01 7.391e-02
 3.312e-03 2.010e-01 6.640e-03 1.278e-03 2.373e-02 8.887e-04 1.448e-02
 6.770e-03 2.190e-02 3.763e-03 4.569e-02 1.235e-02 1.711e-02 1.728e-03
 1.685e-02 1.812e-02 2.694e-02 4.087e-02 4.160e-03 2.682e-03 4.990e-03
 2.153e-02 1.023e-02 3.278e-03 1.238e-02 1.366e-02 3.531e-02 1.990e-02
 3.440e-02 1.444e-03 2.153e-02 5.112e-03 9.774e-04 3.443e-03 1.164e-03
 1.888e-03 3.374e-03 4.225e-03 3.594e-03 7.845e-03 8.200e-03 1.543e-02
 1.353e-03 1.067e-02 1.034e-02 8.251e-03 9.276e-03 2.096e-03 7.249e-04
 1.624e-03 8.195e-03 2.246e-03 6.643e-03 1.507e-01 2.411e-01 5.988e-02
 1.745e-01 1.614e-01 1.841e-03 2.057e-01 1.176e-02 1.498e-03 3.264e-02
 2.227e-03 1.354e-01 1.637e-02 2.336e-02 1.082e-02 5.505e-02 2.326e-02
 7.513e-02 4.700e-03 1.387e-02 4.460e-02 2.950e-02 1.659e-01 4.495e-03
 6.364e-03 6.838e-03 3.382e-02 1.595e-02 2.665e-03 6.452e-02 9.010e-02
 6.208e-02 2.219e-02 1.316e-01 2.895e-03 7.346e-02 7.737e-03 1.497e-03
 1.365e-02 1.341e-03 7.800e-03 4.124e-03 1.232e-02 1.977e-03 8.005e-03
 1.995e-02 1.042e-02 1.410e-03 3.152e-02 4.126e-02 5.570e-03 2.322e-02
 3.404e-03 2.543e-03 3.265e-03 1.115e-02 1.061e-02 6.117e-03 4.622e-02
 1.128e-01 1.798e-02 1.156e-01 1.777e-01 1.903e-03 2.015e-01 3.424e-03
 1.729e-03 1.555e-02 1.298e-03 6.411e-02 1.982e-02 1.055e-02 4.853e-03
 6.879e-02 1.086e-02 1.716e-02 3.084e-03 3.891e-02 3.151e-02 2.433e-02
 1.611e-01 3.377e-03 3.386e-03 6.523e-03 2.844e-02 9.646e-03 2.362e-03
 5.079e-02 1.262e-01 1.216e-02 3.751e-02 2.063e-02 1.970e-03 7.212e-02
 2.415e-03 5.502e-04 7.965e-03 2.095e-03 5.079e-03 7.190e-03 7.119e-03
 1.775e-03 1.023e-02 3.972e-02 6.806e-03 1.347e-03 8.422e-03 1.388e-02
 1.012e-02 1.782e-02 3.760e-03 1.908e-03 2.370e-03 2.374e-02 6.065e-03
 2.307e-01 6.442e-01 1.084e+00 9.761e-01 7.557e-01 1.187e+00 9.132e-01
 5.682e-01 1.570e-01 3.122e-02 7.003e-01 1.527e-01 7.109e-01 2.411e-01
 3.734e-01 1.867e-01 6.998e-01 3.867e-01 3.483e-01 1.067e-01 6.615e-01
 7.766e-01 4.141e-01 8.788e-01 1.551e-01 2.393e-02 2.502e-01 5.339e-01
 5.781e-01 2.531e-03 1.313e-02 1.618e-01 1.203e-02 4.804e-02 9.879e-03
 3.584e-02 1.853e-03 2.310e-03 8.694e-04 7.822e-03 2.188e-03 4.378e-03
 5.746e-03 1.149e-02 3.264e-03 1.998e-02 1.197e-02 1.489e-02 2.431e-03
 1.351e-02 1.818e-02 9.912e-03 7.671e-03 2.707e-03 1.315e-03 4.535e-03
 6.613e-03 6.879e-03 1.538e-01 3.694e-01 6.910e-01 4.565e-01 4.167e-01
 8.315e-01 9.707e-01 2.672e-02 1.157e+00 5.756e-03 2.913e-01 8.635e-03
 6.449e-01 1.166e-01 3.436e-01 8.090e-02 2.957e-01 1.793e-01 3.242e-01
 1.589e-02 2.389e-01 1.343e-01 3.252e-01 5.874e-01 1.912e-02 1.173e-02
 3.140e-02 4.235e-01 9.260e-02 2.516e-01 9.877e-01 1.327e+00 9.620e-01
 7.381e-01 1.208e+00 1.501e+00 1.245e-01 1.208e+00 8.355e-01 7.347e-01
 2.534e-01 5.476e-01 3.498e-01 9.192e-01 3.926e-01 8.565e-01 1.058e+00
 5.105e-01 2.245e-01 9.015e-01 1.148e+00 7.987e-01 8.449e-01 1.388e-01
 1.921e-01 3.961e-01 3.171e-01 4.314e-01 1.767e-02 1.017e-01 6.258e-01
 1.443e-01 2.271e-01 1.691e-01 3.043e-01 1.806e-03 3.245e-01 1.515e-02
 3.573e-03 8.231e-03 4.217e-02 3.905e-02 1.122e-01 1.712e-02 6.218e-02
 2.333e-01 2.063e-01 8.453e-03 1.906e-01 3.508e-01 2.239e-01 1.186e-01
 9.878e-03 1.088e-02 1.177e-02 1.195e-01 1.557e-02 2.071e-01 1.365e+00
 1.513e+00 7.106e-01 8.915e-01 1.159e+00 8.766e-01 2.626e-02 9.657e-01
 2.806e-01 1.382e-02 3.701e-01 6.545e-01 3.364e-01 5.032e-01 4.998e-01
 8.056e-01 8.701e-01 4.611e-01 2.059e-01 7.112e-01 8.292e-01 5.463e-01
 5.744e-01 2.265e-01 6.075e-02 3.956e-01 7.639e-01 4.181e-01 1.216e-02
 2.353e-01 9.622e-01 3.866e-02 3.366e-01 4.412e-02 5.421e-01 3.511e-03
 5.297e-01 9.065e-03 5.722e-03 1.308e-01 3.036e-03 2.128e-02 1.476e-01
 9.825e-03 3.388e-02 2.887e-02 1.336e-01 6.925e-03 7.911e-02 1.320e-01
 8.604e-02 2.094e-01 7.327e-03 5.149e-03 7.508e-03 3.187e-02 1.946e-02
 1.597e-02 3.214e-01 6.952e-01 1.579e-01 4.654e-01 1.692e-01 4.135e-01
 9.743e-03 4.428e-01 2.830e-02 6.820e-03 1.094e-01 1.241e-02 1.888e-01
 3.056e-01 1.632e-02 2.356e-01 2.807e-01 1.753e-01 5.748e-03 1.418e-01
 3.241e-01 3.293e-01 3.709e-01 1.103e-02 1.438e-02 1.270e-02 5.334e-02
 9.968e-02 2.625e-02 9.568e-02 5.452e-01 9.904e-02 3.064e-01 2.740e-01
 4.519e-01 4.941e-03 2.345e-01 8.385e-03 3.695e-03 2.698e-02 5.051e-03
 1.780e-02 1.226e-02 1.129e-02 9.913e-02 1.498e-01 2.924e-01 8.209e-03
 7.372e-02 1.295e-01 6.923e-02 1.606e-01 5.269e-03 3.920e-03 7.802e-03
 2.844e-02 1.924e-02 1.122e-01 7.159e-01 5.210e-01 3.805e-01 8.078e-01
 5.507e-01 1.222e+00 1.419e-02 7.878e-01 3.933e-02 5.545e-03 1.720e-01
 4.633e-03 3.133e-01 1.728e-01 2.102e-01 3.483e-01 2.514e-01 2.527e-01
 1.557e-02 3.619e-01 2.891e-01 6.473e-01 2.342e-01 6.757e-02 8.528e-03
 2.854e-02 2.641e-01 2.786e-01 8.042e-03 9.761e-02 3.278e-01 4.239e-02
 2.691e-01 5.199e-02 3.047e-01 3.091e-03 2.186e-01 5.079e-03 3.243e-03
 4.812e-02 2.454e-03 9.296e-02 1.240e-02 4.302e-02 9.810e-03 1.788e-02
 1.922e-02 8.208e-03 5.462e-02 5.878e-02 2.295e-02 1.127e-01 4.497e-03
 3.505e-03 7.167e-03 1.689e-02 1.699e-02 8.221e-03 2.671e-01 3.674e-01
 2.326e-01 2.067e-01 2.655e-01 7.124e-02 4.182e-03 3.380e-01 1.365e-02
 1.826e-03 1.557e-02 2.863e-03 1.077e-01 1.006e-02 1.870e-02 1.121e-02
 1.383e-01 1.157e-01 5.396e-03 1.437e-01 6.604e-02 1.119e-01 1.551e-01
 2.791e-03 2.290e-03 1.394e-02 3.765e-02 3.451e-02 8.800e-03 1.498e-01
 2.497e-01 4.684e-02 2.894e-01 1.881e-01 3.382e-01 6.708e-03 2.252e-01
 9.577e-03 3.936e-03 1.473e-02 5.271e-03 2.307e-02 1.700e-02 9.997e-03
 8.367e-03 1.705e-01 3.608e-02 2.075e-03 5.861e-02 7.109e-02 2.045e-02
 1.340e-01 3.890e-03 5.979e-03 8.398e-03 1.890e-02 1.584e-02 1.915e-01
 7.368e-01 1.313e+00 5.041e-01 1.685e+00 8.312e-01 1.355e+00 2.785e-02
 1.026e+00 1.987e-01 1.190e-02 3.508e-01 1.168e-02 3.924e-01 4.858e-01
 3.637e-01 2.139e-01 3.865e-01 4.690e-01 8.442e-01 7.276e-01 5.261e-01
 5.101e-01 7.407e-01 5.700e-02 1.849e-02 1.920e-01 1.548e-01 5.319e-01
 3.338e-03 1.616e-01 2.550e-01 1.978e-01 1.201e-01 8.420e-02 2.469e-01
 2.930e-03 2.465e-01 1.127e-02 1.803e-03 1.863e-02 3.113e-03 5.168e-02
 2.758e-02 6.066e-02 1.074e-02 7.280e-02 2.654e-02 5.866e-02 3.972e-03
 2.001e-01 1.830e-02 1.174e-01 5.571e-03 3.552e-03 9.111e-03 2.378e-02
 2.013e-02 1.020e-02 1.886e-01 2.885e-01 8.729e-02 7.426e-02 7.408e-02
 1.705e-01 4.761e-03 1.805e-01 3.441e-02 2.418e-03 9.933e-03 2.510e-03
 2.552e-02 1.109e-02 2.485e-02 9.784e-03 5.875e-02 7.938e-02 4.643e-02
 5.602e-03 1.429e-02 1.832e-02 7.913e-02 8.238e-03 1.304e-03 7.009e-03
 1.076e-02 2.337e-02 4.246e-03 1.112e-01 2.892e-01 9.433e-02 4.683e-01
 1.580e-01 3.108e-01 3.567e-03 2.881e-01 8.262e-03 1.939e-03 1.695e-02
 3.510e-03 3.586e-02 7.227e-03 3.283e-02 2.114e-03 1.264e-01 2.825e-02
 1.598e-01 3.862e-03 1.091e-01 1.655e-01 1.521e-01 4.250e-03 3.386e-03
 7.450e-03 2.395e-02 5.819e-02 7.319e-03 7.245e-02 3.535e-01 1.904e-02
 1.269e-01 2.870e-02 1.715e-01 2.974e-03 2.813e-01 4.355e-03 2.314e-03
 3.088e-02 2.343e-03 1.362e-02 8.519e-03 2.928e-02 1.265e-02 3.348e-02
 2.719e-02 1.346e-02 2.623e-03 2.992e-02 5.074e-02 2.033e-02 6.163e-03
 3.125e-03 5.056e-03 1.733e-02 5.945e-03 1.613e-01 7.428e-01 1.006e+00
 6.059e-01 5.751e-01 6.711e-01 3.902e-01 1.581e-02 8.272e-01 3.169e-01
 2.273e-02 2.017e-01 9.697e-03 4.455e-01 3.100e-01 5.026e-01 5.011e-02
 5.523e-01 8.865e-01 6.293e-01 7.955e-02 5.127e-01 3.682e-01 5.402e-01
 5.169e-01 2.974e-02 5.898e-02 6.685e-01 2.421e-01 1.097e-01 1.016e+00
 1.450e+00 4.435e-01 8.548e-01 6.005e-01 1.027e+00 1.774e-01 9.863e-01
 2.042e-01 1.307e-02 3.817e-01 6.478e-02 3.433e-01 2.182e-01 6.039e-01
 2.730e-01 5.830e-01 9.226e-01 4.258e-01 1.979e-01 6.554e-01 1.556e+00
 5.135e-01 8.206e-01 7.750e-02 8.854e-02 7.820e-01 4.093e-01 1.364e-01
 5.952e-01 1.063e+00 2.761e-01 6.978e-01 3.228e-01 8.722e-01 1.175e-02
 6.338e-01 1.041e-01 7.328e-03 2.156e-01 8.447e-03 3.177e-01 2.454e-01
 3.344e-01 1.377e-01 3.246e-01 2.314e-01 3.769e-01 1.372e-02 2.202e-01
 3.950e-01 3.596e-01 5.523e-01 4.754e-02 2.694e-02 2.521e-01 2.138e-01
 5.905e-03 1.658e-01 4.539e-01 1.052e-01 4.519e-01 9.602e-02 1.222e-01
 3.951e-03 3.977e-01 5.733e-03 5.983e-03 3.931e-02 3.037e-03 9.183e-02
 5.163e-02 1.071e-01 9.352e-03 1.840e-01 8.561e-02 1.960e-01 1.835e-02
 1.608e-01 2.157e-01 1.396e-01 2.061e-01 3.582e-03 3.911e-03 1.579e-02
 2.399e-02 1.728e-02 2.431e-01 1.003e+00 1.758e-01 2.916e-01 2.924e-01
 3.839e-01 4.906e-03 4.049e-01 5.417e-02 6.168e-03 1.885e-01 8.002e-03
 1.278e-01 3.526e-02 1.259e-01 1.585e-02 2.927e-01 1.010e-01 1.903e-01
 5.268e-03 1.661e-01 1.825e-01 6.240e-02 4.772e-01 1.552e-02 7.018e-03
 1.567e-02 1.602e-01]
[[0. 0. 0. 1. 0. 0. 0. 0. 0. 0. 0. 0. 0. 0. 0. 0. 0. 0. 1. 0. 0. 0. 1. 0.
  0. 0. 0. 0. 0. 0.]
 [1. 0. 0. 0. 0. 0. 0. 0. 0. 0. 0. 0. 0. 0. 0. 1. 0. 0. 1. 0. 0. 0. 0. 0.
  0. 0. 1. 0. 0. 0.]
 [0. 0. 0. 0. 0. 0. 0. 0. 0. 0. 0. 0. 0. 0. 0. 0. 0. 0. 0. 0. 0. 0. 0. 0.
  0. 0. 0. 0. 0. 0.]
 [0. 0. 0. 0. 0. 0. 0. 0. 0. 0. 0. 0. 0. 0. 0. 1. 0. 0. 1. 1. 0. 0. 0. 0.
  0. 0. 0. 0. 0. 0.]
 [0. 0. 0. 0. 0. 0. 0. 0. 0. 0. 0. 0. 0. 0. 0. 0. 0. 0. 0. 0. 0. 0. 0. 0.
  0. 0. 0. 0. 0. 0.]
 [0. 0. 0. 0. 0. 0. 0. 0. 0. 0. 0. 0. 0. 0. 0. 0. 0. 0. 1. 1. 0. 0. 0. 0.
  0. 0. 0. 0. 1. 0.]
 [0. 0. 0. 0. 0. 0. 0. 0. 0. 0. 0. 0. 0. 0. 0. 0. 0. 0. 1. 0. 0. 0. 0. 0.
  0. 0. 0. 0. 0. 0.]
 [1. 0. 0. 0. 0. 1. 0. 0. 0. 0. 0. 0. 0. 0. 0. 0. 0. 0. 0. 1. 0. 0. 0. 0.
  0. 0. 0. 0. 0. 0.]
 [0. 0. 0. 0. 0. 0. 1. 0. 0. 0. 0. 0. 0. 0. 0. 0. 0. 0. 0. 1. 0. 0. 0. 0.
  0. 0. 1. 0. 0. 0.]
 [0. 0. 0. 1. 0. 0. 0. 1. 0. 0. 0. 0. 0. 1. 0. 0. 0. 0. 0. 0. 0. 0. 0. 0.
  0. 0. 0. 0. 0. 0.]
 [1. 0. 0. 1. 0. 0. 0. 0. 0. 0. 0. 0. 0. 0. 0. 1. 0. 0. 0. 0. 1. 1. 1. 0.
  0. 0. 0. 0. 0. 0.]
 [0. 0. 0. 0. 0. 0. 0. 0. 0. 0. 0. 0. 0. 0. 0. 0. 0. 0. 0. 0. 0. 0. 1. 0.
  0. 0. 0. 0. 0. 0.]
 [1. 1. 0. 0. 0. 1. 1. 0. 0. 0. 0. 0. 0. 0. 0. 0. 0. 0. 1. 0. 0. 0. 0. 0.
  0. 1. 0. 0. 1. 0.]
 [1. 1. 1. 0. 0. 0. 0. 1. 0. 0. 0. 1. 0. 0. 0. 0. 0. 0. 0. 1. 0. 0. 0. 0.
  0. 0. 0. 0. 0. 0.]
 [0. 0. 1. 0. 0. 0. 1. 0. 0. 0. 0. 0. 0. 0. 0. 1. 0. 0. 0. 1. 0. 0. 0. 0.
  0. 0. 0. 0. 0. 0.]
 [0. 0. 0. 0. 0. 0. 0. 0. 0. 0. 0. 0. 0. 0. 0. 0. 0. 0. 0. 0. 0. 0. 0. 0.
  0. 0. 0. 0. 0. 0.]
 [0. 0. 1. 0. 0. 0. 1. 0. 0. 0. 0. 0. 1. 0. 0. 0. 0. 0. 0. 1. 0. 0. 0. 0.
  0. 0. 1. 0. 0. 1.]
 [0. 0. 0. 1. 1. 0. 0. 0. 1. 0. 0. 0. 0. 0. 0. 1. 0. 0. 0. 0. 0. 0. 0. 0.
  0. 0. 0. 0. 1. 0.]
 [0. 0. 0. 0. 0. 0. 0. 0. 0. 0. 0. 0. 0. 0. 0. 0. 0. 0. 0. 0. 0. 0. 0. 0.
  0. 0. 0. 0. 0. 0.]
 [0. 0. 0. 0. 0. 0. 0. 0. 0. 0. 0. 0. 0. 0. 0. 0. 0. 0. 0. 0. 0. 0. 0. 0.
  0. 0. 0. 0. 1. 0.]
 [1. 1. 1. 0. 1. 0. 0. 0. 0. 0. 0. 1. 0. 0. 0. 0. 0. 0. 0. 1. 0. 0. 0. 0.
  0. 0. 0. 0. 0. 0.]
 [1. 0. 0. 0. 0. 0. 0. 0. 0. 0. 0. 0. 0. 0. 0. 0. 0. 0. 0. 0. 0. 0. 0. 0.
  0. 0. 0. 0. 0. 0.]
 [0. 0. 0. 0. 0. 0. 0. 0. 0. 0. 0. 0. 0. 0. 0. 0. 0. 0. 0. 0. 0. 0. 0. 0.
  0. 0. 0. 0. 0. 0.]
 [1. 0. 0. 0. 0. 0. 0. 0. 0. 0. 0. 0. 0. 0. 0. 0. 0. 0. 0. 0. 0. 0. 0. 0.
  0. 0. 0. 0. 0. 0.]
 [0. 0. 0. 0. 0. 1. 0. 0. 0. 1. 1. 0. 0. 0. 0. 0. 0. 1. 0. 0. 0. 0. 1. 0.
  0. 1. 0. 0. 1. 0.]
 [0. 0. 0. 0. 0. 1. 0. 0. 0. 0. 0. 0. 0. 0. 0. 0. 0. 0. 0. 0. 0. 0. 0. 1.
  0. 0. 1. 0. 1. 1.]
 [0. 0. 0. 0. 0. 0. 0. 0. 0. 0. 0. 0. 0. 0. 0. 0. 0. 0. 1. 0. 0. 0. 1. 0.
  0. 0. 0. 0. 1. 0.]
 [0. 0. 0. 0. 1. 0. 0. 1. 0. 0. 0. 1. 0. 0. 0. 0. 0. 1. 0. 0. 0. 0. 0. 1.
  0. 0. 0. 0. 0. 0.]
 [0. 0. 0. 0. 0. 0. 0. 0. 0. 0. 0. 0. 0. 0. 0. 0. 0. 0. 0. 0. 0. 0. 0. 0.
  0. 0. 0. 0. 0. 0.]
 [0. 0. 1. 0. 0. 0. 0. 0. 0. 0. 0. 0. 0. 0. 0. 0. 0. 1. 0. 0. 0. 0. 0. 0.
  0. 0. 1. 0. 0. 0.]]
[0. 0. 1. 0. 0. 0. 0. 0. 0. 0. 0. 0. 0. 0. 0. 0. 0. 1. 0. 0. 0. 1. 0. 0.
 0. 0. 0. 0. 0. 1. 0. 0. 0. 0. 0. 0. 0. 0. 0. 0. 0. 0. 0. 1. 0. 0. 1. 0.
 0. 0. 0. 0. 0. 0. 1. 0. 0. 0. 0. 0. 0. 0. 0. 0. 0. 0. 0. 0. 0. 0. 0. 0.
 0. 0. 0. 0. 0. 0. 0. 0. 0. 0. 0. 0. 0. 0. 0. 0. 0. 0. 0. 0. 0. 0. 0. 0.
 0. 0. 0. 0. 0. 1. 0. 0. 1. 1. 0. 0. 0. 0. 0. 0. 0. 0. 0. 0. 0. 0. 0. 0.
 0. 0. 0. 0. 0. 0. 0. 0. 0. 0. 0. 0. 0. 0. 0. 0. 0. 0. 0. 0. 0. 0. 0. 0.
 0. 0. 0. 0. 0. 0. 0. 0. 0. 0. 0. 0. 0. 0. 0. 0. 0. 0. 1. 1. 0. 0. 0. 0.
 0. 0. 0. 0. 1. 0. 0. 0. 0. 0. 0. 0. 0. 0. 0. 0. 0. 0. 0. 0. 0. 0. 0. 1.
 0. 0. 0. 0. 0. 0. 0. 0. 0. 0. 0. 1. 0. 0. 0. 0. 1. 0. 0. 0. 0. 0. 0. 0.
 0. 0. 0. 0. 0. 1. 0. 0. 0. 0. 0. 0. 0. 0. 0. 0. 0. 0. 0. 0. 0. 0. 1. 0.
 0. 0. 0. 0. 0. 0. 0. 0. 0. 0. 1. 0. 0. 0. 0. 0. 0. 1. 0. 0. 0. 0. 0. 0.
 1. 0. 0. 0. 1. 0. 0. 0. 0. 1. 0. 0. 0. 0. 0. 0. 0. 0. 0. 0. 0. 0. 0. 0.
 0. 0. 1. 0. 0. 1. 0. 0. 0. 0. 0. 0. 0. 0. 0. 0. 1. 0. 0. 0. 0. 1. 1. 1.
 0. 0. 0. 0. 0. 0. 0. 0. 0. 0. 0. 0. 0. 0. 0. 0. 0. 0. 0. 0. 0. 0. 0. 0.
 0. 0. 0. 0. 1. 0. 0. 0. 0. 0. 0. 0. 1. 1. 0. 0. 0. 1. 1. 0. 0. 0. 0. 0.
 0. 0. 0. 0. 0. 1. 0. 0. 0. 0. 0. 0. 1. 0. 0. 1. 0. 1. 1. 1. 0. 0. 0. 0.
 1. 0. 0. 0. 1. 0. 0. 0. 0. 0. 0. 1. 0. 0. 0. 0. 0. 0. 0. 0. 0. 0. 0. 0.
 1. 0. 0. 0. 1. 0. 0. 0. 0. 0. 0. 0. 1. 0. 0. 0. 1. 0. 0. 0. 0. 0. 0. 0.
 0. 0. 0. 0. 0. 0. 0. 0. 0. 0. 0. 0. 0. 0. 0. 0. 0. 0. 0. 0. 0. 0. 0. 0.
 0. 0. 0. 0. 0. 0. 0. 0. 0. 0. 1. 0. 0. 0. 1. 0. 0. 0. 0. 0. 1. 0. 0. 0.
 0. 0. 1. 0. 0. 0. 0. 0. 0. 1. 0. 0. 1. 0. 0. 0. 1. 1. 0. 0. 0. 1. 0. 0.
 0. 0. 0. 0. 1. 0. 0. 0. 0. 0. 0. 0. 0. 0. 0. 0. 1. 0. 0. 0. 0. 0. 0. 0.
 0. 0. 0. 0. 0. 0. 0. 0. 0. 0. 0. 0. 0. 0. 0. 0. 0. 0. 0. 0. 0. 0. 0. 0.
 0. 0. 0. 0. 0. 0. 0. 0. 0. 0. 0. 0. 0. 0. 0. 0. 0. 0. 0. 0. 0. 0. 0. 0.
 0. 0. 1. 0. 1. 1. 1. 0. 1. 0. 0. 0. 0. 0. 0. 1. 0. 0. 0. 0. 0. 0. 0. 1.
 0. 0. 0. 0. 0. 0. 0. 0. 0. 1. 0. 0. 0. 0. 0. 0. 0. 0. 0. 0. 0. 0. 0. 0.
 0. 0. 0. 0. 0. 0. 0. 0. 0. 0. 0. 0. 0. 0. 0. 0. 0. 0. 0. 0. 0. 0. 0. 0.
 0. 0. 0. 0. 0. 0. 0. 0. 0. 0. 0. 0. 0. 0. 0. 0. 0. 0. 0. 1. 0. 0. 0. 0.
 0. 0. 0. 0. 0. 0. 0. 0. 0. 0. 0. 0. 0. 0. 0. 0. 0. 0. 0. 0. 0. 0. 0. 0.
 0. 0. 0. 0. 0. 1. 0. 0. 0. 1. 1. 0. 0. 0. 0. 0. 0. 1. 0. 0. 0. 0. 1. 0.
 1. 0. 0. 1. 0. 0. 0. 0. 0. 0. 1. 0. 0. 0. 0. 0. 0. 0. 0. 0. 0. 0. 0. 0.
 0. 0. 0. 0. 1. 0. 1. 0. 1. 1. 0. 0. 0. 0. 0. 0. 0. 0. 0. 0. 0. 0. 0. 0.
 0. 0. 0. 0. 1. 0. 0. 0. 1. 0. 0. 0. 0. 1. 0. 0. 0. 0. 0. 1. 0. 0. 1. 0.
 0. 0. 1. 0. 0. 0. 0. 0. 1. 0. 0. 0. 0. 0. 1. 0. 0. 0. 0. 0. 0. 0. 0. 0.
 0. 0. 0. 0. 0. 0. 0. 0. 0. 0. 0. 0. 0. 0. 0. 0. 0. 0. 0. 0. 0. 0. 0. 0.
 0. 0. 0. 1. 0. 0. 0. 0. 0. 0. 0. 0. 0. 0. 0. 0. 0. 0. 1. 0. 0. 0. 0. 0.
 0. 0. 0. 1. 0. 0.]
aucroc, aucpr (0.6434900284900285, 0.2253239623458865)
Iterations 2500
Achieves (13.610683049707138, 1e-05)-DP
