samples  5000  graph  30 120 ER mlp  minibatch size  100  noise  0.8  minibatches per NN training  63 quantile adaptive clipping
cuda
cuda
iteration 1 in inner loop,alpha 0.0 rho 1.0 h 2.407192360868244
iteration 1 in outer loop, alpha = 2.407192360868244, rho = 1.0, h = 2.407192360868244
cuda
iteration 1 in inner loop,alpha 2.407192360868244 rho 1.0 h 1.519847643277938
iteration 2 in inner loop,alpha 2.407192360868244 rho 10.0 h 0.6681085661998409
iteration 3 in inner loop,alpha 2.407192360868244 rho 100.0 h 0.2142382096787543
iteration 2 in outer loop, alpha = 23.831013328743673, rho = 100.0, h = 0.2142382096787543
cuda
iteration 1 in inner loop,alpha 23.831013328743673 rho 100.0 h 0.1196219727432144
iteration 2 in inner loop,alpha 23.831013328743673 rho 1000.0 h 0.0429195102684119
iteration 3 in outer loop, alpha = 66.75052359715556, rho = 1000.0, h = 0.0429195102684119
cuda
iteration 1 in inner loop,alpha 66.75052359715556 rho 1000.0 h 0.022350925346351858
iteration 2 in inner loop,alpha 66.75052359715556 rho 10000.0 h 0.007785167049799924
iteration 4 in outer loop, alpha = 144.6021940951548, rho = 10000.0, h = 0.007785167049799924
cuda
iteration 1 in inner loop,alpha 144.6021940951548 rho 10000.0 h 0.003852508468327187
iteration 2 in inner loop,alpha 144.6021940951548 rho 100000.0 h 0.00132655879811594
iteration 5 in outer loop, alpha = 277.2580739067488, rho = 100000.0, h = 0.00132655879811594
cuda
iteration 1 in inner loop,alpha 277.2580739067488 rho 100000.0 h 0.0005474875507900379
iteration 6 in outer loop, alpha = 824.7456246967866, rho = 1000000.0, h = 0.0005474875507900379
Threshold 0.3
[[0.002 0.    0.001 1.922 0.001 0.163 0.176 0.    0.    0.    0.    0.
  0.    0.    0.    0.957 0.    0.    0.66  0.141 0.    0.    0.159 0.
  0.    0.    0.086 0.    0.242 0.   ]
 [0.423 0.003 0.002 0.099 0.214 1.562 0.196 0.    1.22  0.    0.    0.135
  0.    0.    0.    0.802 0.    1.22  0.335 0.641 0.    0.001 0.981 0.001
  0.    0.    0.177 0.    0.261 0.106]
 [0.165 0.133 0.002 0.449 0.194 0.445 0.238 0.007 0.088 0.    0.    0.172
  0.    0.    0.    0.732 0.    0.303 0.124 0.084 0.    0.    0.148 0.
  0.    0.002 0.199 0.    0.232 0.004]
 [0.    0.    0.    0.003 0.    0.001 0.178 0.    0.    0.    0.    0.
  0.    0.    0.    0.874 0.    0.    0.218 0.628 0.    0.    0.192 0.
  0.    0.    0.    0.    0.28  0.   ]
 [0.086 0.004 0.002 0.21  0.003 0.108 0.178 0.    0.238 0.    0.    0.247
  0.    0.    0.    0.219 0.    0.001 0.689 0.154 0.    0.001 1.267 0.
  0.    0.    0.118 0.    0.192 0.005]
 [0.001 0.    0.    0.181 0.002 0.002 1.665 0.    0.003 0.    0.    0.
  0.    0.    0.    0.164 0.    0.    0.15  0.158 0.    0.    0.275 0.
  0.    0.    0.    0.    0.851 0.   ]
 [0.    0.    0.    0.001 0.    0.    0.004 0.    0.001 0.    0.    0.
  0.    0.    0.    0.969 0.    0.    0.009 0.001 0.    0.    0.    0.
  0.    0.    0.    0.    0.177 0.   ]
 [0.416 0.759 0.087 0.166 2.167 0.201 0.191 0.002 1.361 0.    0.    0.152
  0.    0.    0.    0.538 0.    0.305 0.22  0.758 0.    0.001 0.27  0.001
  0.    0.006 0.117 0.    0.497 0.272]
 [1.214 0.    0.001 0.254 0.001 0.105 0.13  0.    0.002 0.    0.    0.
  0.    0.    0.    0.13  0.    0.    0.269 0.875 0.    0.    0.175 0.
  0.    0.    0.076 0.    0.148 0.   ]
 [0.348 0.969 0.16  0.243 0.18  0.365 0.29  0.31  1.23  0.001 0.    0.213
  2.242 0.141 0.008 0.361 0.001 0.389 0.272 0.109 0.002 0.485 0.446 0.086
  0.    0.168 0.223 0.001 0.312 1.883]
 [1.642 1.817 0.316 0.174 0.191 0.336 0.266 1.952 0.326 1.277 0.002 0.081
  0.153 0.291 0.004 1.029 0.    0.285 0.163 0.128 0.018 0.085 0.243 0.019
  0.    0.206 0.117 0.016 1.067 0.416]
 [0.157 0.002 0.002 0.145 0.004 0.147 0.88  0.    1.067 0.    0.    0.001
  0.    0.    0.    0.351 0.    0.    0.191 0.119 0.    0.    0.137 0.
  0.    0.001 0.955 0.    0.198 0.   ]
 [0.157 1.636 0.11  0.184 2.394 0.361 0.322 1.365 0.804 0.    0.    1.745
  0.001 0.    0.    0.246 0.    0.181 0.595 0.145 0.    2.594 0.546 0.003
  0.    0.034 1.066 0.    0.273 0.277]
 [0.219 0.174 2.784 1.158 0.125 1.704 0.281 0.159 0.448 0.002 0.001 0.473
  0.305 0.001 0.    0.543 0.    1.746 0.406 0.225 0.    0.106 0.363 2.628
  0.    0.531 0.427 0.006 0.237 2.436]
 [0.256 0.881 0.071 0.262 0.293 0.247 0.423 0.279 0.254 0.024 0.018 0.69
  2.51  0.081 0.002 0.249 0.    0.173 0.137 0.169 0.368 0.632 1.012 3.591
  0.006 0.1   0.445 0.002 0.482 0.258]
 [0.    0.    0.    0.    0.    0.    0.002 0.    0.    0.    0.    0.
  0.    0.    0.    0.005 0.    0.    0.005 0.001 0.    0.    0.    0.
  0.    0.    0.    0.    0.18  0.   ]
 [0.213 0.229 0.15  0.064 0.254 1.106 0.532 0.346 0.55  0.127 0.078 0.118
  1.091 0.098 3.026 0.454 0.001 0.024 0.218 0.063 0.723 1.354 0.137 0.326
  0.002 0.051 0.131 0.003 0.255 0.146]
 [0.2   0.    0.    0.252 0.181 0.263 0.162 0.    1.104 0.    0.    0.194
  0.    0.    0.    0.24  0.    0.001 0.67  0.248 0.    0.    0.471 0.
  0.    0.    0.704 0.    0.166 0.001]
 [0.001 0.001 0.001 0.001 0.    0.002 0.167 0.    0.    0.    0.    0.
  0.    0.    0.    0.193 0.    0.    0.012 0.    0.    0.    0.018 0.
  0.    0.    0.001 0.    0.017 0.   ]
 [0.    0.    0.    0.003 0.001 0.002 0.186 0.    0.    0.    0.    0.
  0.    0.    0.    0.304 0.    0.    0.754 0.003 0.    0.    0.252 0.
  0.    0.    0.    0.    0.491 0.   ]
 [0.195 0.522 0.207 0.398 1.728 1.061 0.247 1.108 0.2   0.082 0.025 0.226
  0.22  3.749 0.001 0.146 0.001 0.212 0.246 0.06  0.001 1.741 0.709 0.071
  0.    2.445 0.242 0.001 0.202 0.143]
 [0.092 0.255 2.524 1.118 1.58  0.231 0.612 0.386 0.469 0.    0.    0.382
  0.    0.    0.    0.311 0.    2.293 0.361 0.248 0.    0.001 0.531 0.
  0.    0.004 0.308 0.    0.57  2.147]
 [0.001 0.001 0.001 0.001 0.    0.001 0.999 0.    0.001 0.    0.    0.
  0.    0.    0.    0.227 0.    0.    0.365 0.002 0.    0.    0.005 0.
  0.    0.    0.001 0.    0.126 0.   ]
 [2.107 0.286 0.124 0.19  0.188 0.149 0.931 0.168 0.293 0.002 0.    2.18
  0.252 0.    0.    0.802 0.    0.086 0.746 0.892 0.    0.235 0.394 0.002
  0.    0.013 1.509 0.    0.139 0.124]
 [0.218 0.439 0.73  0.142 0.108 0.545 0.521 0.279 0.116 1.158 4.393 0.17
  0.172 2.169 0.042 0.16  0.011 0.403 0.162 0.045 0.031 0.12  0.891 0.106
  0.001 2.822 0.104 0.001 0.254 0.939]
 [0.22  1.754 0.168 0.072 0.149 0.231 0.253 0.102 0.222 0.003 0.004 0.116
  0.012 0.    0.    0.134 0.    0.117 0.378 0.145 0.    0.118 1.284 0.037
  0.    0.003 0.064 0.    0.117 0.12 ]
 [0.005 0.    0.001 1.565 0.002 1.809 0.32  0.    0.006 0.    0.    0.
  0.    0.    0.    0.733 0.    0.    0.856 0.135 0.    0.    1.289 0.
  0.    0.    0.002 0.    0.84  0.   ]
 [2.089 0.36  0.187 0.24  0.093 0.215 0.105 0.088 0.222 0.013 0.007 0.993
  0.005 0.016 0.022 0.203 0.019 0.119 0.18  0.079 0.002 0.055 0.846 0.03
  0.003 3.019 0.142 0.    0.133 0.101]
 [0.001 0.    0.    0.005 0.002 0.001 0.007 0.001 0.    0.    0.    0.
  0.    0.    0.    0.038 0.    0.    0.077 0.008 0.    0.    0.006 0.
  0.    0.    0.001 0.    0.01  0.   ]
 [0.241 0.006 0.208 0.42  0.142 0.258 0.259 0.002 0.329 0.    0.    1.98
  0.    0.    0.    0.206 0.    0.323 0.644 0.222 0.    0.    0.243 0.
  0.    0.001 0.737 0.    0.121 0.002]]
[[0.    0.    0.    1.922 0.    0.    0.    0.    0.    0.    0.    0.
  0.    0.    0.    0.957 0.    0.    0.66  0.    0.    0.    0.    0.
  0.    0.    0.    0.    0.    0.   ]
 [0.423 0.    0.    0.    0.    1.562 0.    0.    1.22  0.    0.    0.
  0.    0.    0.    0.802 0.    1.22  0.335 0.641 0.    0.    0.981 0.
  0.    0.    0.    0.    0.    0.   ]
 [0.    0.    0.    0.449 0.    0.445 0.    0.    0.    0.    0.    0.
  0.    0.    0.    0.732 0.    0.303 0.    0.    0.    0.    0.    0.
  0.    0.    0.    0.    0.    0.   ]
 [0.    0.    0.    0.    0.    0.    0.    0.    0.    0.    0.    0.
  0.    0.    0.    0.874 0.    0.    0.    0.628 0.    0.    0.    0.
  0.    0.    0.    0.    0.    0.   ]
 [0.    0.    0.    0.    0.    0.    0.    0.    0.    0.    0.    0.
  0.    0.    0.    0.    0.    0.    0.689 0.    0.    0.    1.267 0.
  0.    0.    0.    0.    0.    0.   ]
 [0.    0.    0.    0.    0.    0.    1.665 0.    0.    0.    0.    0.
  0.    0.    0.    0.    0.    0.    0.    0.    0.    0.    0.    0.
  0.    0.    0.    0.    0.851 0.   ]
 [0.    0.    0.    0.    0.    0.    0.    0.    0.    0.    0.    0.
  0.    0.    0.    0.969 0.    0.    0.    0.    0.    0.    0.    0.
  0.    0.    0.    0.    0.    0.   ]
 [0.416 0.759 0.    0.    2.167 0.    0.    0.    1.361 0.    0.    0.
  0.    0.    0.    0.538 0.    0.305 0.    0.758 0.    0.    0.    0.
  0.    0.    0.    0.    0.497 0.   ]
 [1.214 0.    0.    0.    0.    0.    0.    0.    0.    0.    0.    0.
  0.    0.    0.    0.    0.    0.    0.    0.875 0.    0.    0.    0.
  0.    0.    0.    0.    0.    0.   ]
 [0.348 0.969 0.    0.    0.    0.365 0.    0.31  1.23  0.    0.    0.
  2.242 0.    0.    0.361 0.    0.389 0.    0.    0.    0.485 0.446 0.
  0.    0.    0.    0.    0.312 1.883]
 [1.642 1.817 0.316 0.    0.    0.336 0.    1.952 0.326 1.277 0.    0.
  0.    0.    0.    1.029 0.    0.    0.    0.    0.    0.    0.    0.
  0.    0.    0.    0.    1.067 0.416]
 [0.    0.    0.    0.    0.    0.    0.88  0.    1.067 0.    0.    0.
  0.    0.    0.    0.351 0.    0.    0.    0.    0.    0.    0.    0.
  0.    0.    0.955 0.    0.    0.   ]
 [0.    1.636 0.    0.    2.394 0.361 0.322 1.365 0.804 0.    0.    1.745
  0.    0.    0.    0.    0.    0.    0.595 0.    0.    2.594 0.546 0.
  0.    0.    1.066 0.    0.    0.   ]
 [0.    0.    2.784 1.158 0.    1.704 0.    0.    0.448 0.    0.    0.473
  0.305 0.    0.    0.543 0.    1.746 0.406 0.    0.    0.    0.363 2.628
  0.    0.531 0.427 0.    0.    2.436]
 [0.    0.881 0.    0.    0.    0.    0.423 0.    0.    0.    0.    0.69
  2.51  0.    0.    0.    0.    0.    0.    0.    0.368 0.632 1.012 3.591
  0.    0.    0.445 0.    0.482 0.   ]
 [0.    0.    0.    0.    0.    0.    0.    0.    0.    0.    0.    0.
  0.    0.    0.    0.    0.    0.    0.    0.    0.    0.    0.    0.
  0.    0.    0.    0.    0.    0.   ]
 [0.    0.    0.    0.    0.    1.106 0.532 0.346 0.55  0.    0.    0.
  1.091 0.    3.026 0.454 0.    0.    0.    0.    0.723 1.354 0.    0.326
  0.    0.    0.    0.    0.    0.   ]
 [0.    0.    0.    0.    0.    0.    0.    0.    1.104 0.    0.    0.
  0.    0.    0.    0.    0.    0.    0.67  0.    0.    0.    0.471 0.
  0.    0.    0.704 0.    0.    0.   ]
 [0.    0.    0.    0.    0.    0.    0.    0.    0.    0.    0.    0.
  0.    0.    0.    0.    0.    0.    0.    0.    0.    0.    0.    0.
  0.    0.    0.    0.    0.    0.   ]
 [0.    0.    0.    0.    0.    0.    0.    0.    0.    0.    0.    0.
  0.    0.    0.    0.304 0.    0.    0.754 0.    0.    0.    0.    0.
  0.    0.    0.    0.    0.491 0.   ]
 [0.    0.522 0.    0.398 1.728 1.061 0.    1.108 0.    0.    0.    0.
  0.    3.749 0.    0.    0.    0.    0.    0.    0.    1.741 0.709 0.
  0.    2.445 0.    0.    0.    0.   ]
 [0.    0.    2.524 1.118 1.58  0.    0.612 0.386 0.469 0.    0.    0.382
  0.    0.    0.    0.311 0.    2.293 0.361 0.    0.    0.    0.531 0.
  0.    0.    0.308 0.    0.57  2.147]
 [0.    0.    0.    0.    0.    0.    0.999 0.    0.    0.    0.    0.
  0.    0.    0.    0.    0.    0.    0.365 0.    0.    0.    0.    0.
  0.    0.    0.    0.    0.    0.   ]
 [2.107 0.    0.    0.    0.    0.    0.931 0.    0.    0.    0.    2.18
  0.    0.    0.    0.802 0.    0.    0.746 0.892 0.    0.    0.394 0.
  0.    0.    1.509 0.    0.    0.   ]
 [0.    0.439 0.73  0.    0.    0.545 0.521 0.    0.    1.158 4.393 0.
  0.    2.169 0.    0.    0.    0.403 0.    0.    0.    0.    0.891 0.
  0.    2.822 0.    0.    0.    0.939]
 [0.    1.754 0.    0.    0.    0.    0.    0.    0.    0.    0.    0.
  0.    0.    0.    0.    0.    0.    0.378 0.    0.    0.    1.284 0.
  0.    0.    0.    0.    0.    0.   ]
 [0.    0.    0.    1.565 0.    1.809 0.32  0.    0.    0.    0.    0.
  0.    0.    0.    0.733 0.    0.    0.856 0.    0.    0.    1.289 0.
  0.    0.    0.    0.    0.84  0.   ]
 [2.089 0.36  0.    0.    0.    0.    0.    0.    0.    0.    0.    0.993
  0.    0.    0.    0.    0.    0.    0.    0.    0.    0.    0.846 0.
  0.    3.019 0.    0.    0.    0.   ]
 [0.    0.    0.    0.    0.    0.    0.    0.    0.    0.    0.    0.
  0.    0.    0.    0.    0.    0.    0.    0.    0.    0.    0.    0.
  0.    0.    0.    0.    0.    0.   ]
 [0.    0.    0.    0.42  0.    0.    0.    0.    0.329 0.    0.    1.98
  0.    0.    0.    0.    0.    0.323 0.644 0.    0.    0.    0.    0.
  0.    0.    0.737 0.    0.    0.   ]]
{'fdr': 0.33714285714285713, 'tpr': 0.9666666666666667, 'fpr': 0.1873015873015873, 'f1': 0.7864406779661016, 'shd': 63, 'npred': 175, 'ntrue': 120}
[1.878e-04 7.183e-04 1.922e+00 1.048e-03 1.630e-01 1.761e-01 1.907e-05
 3.173e-04 1.541e-05 1.059e-05 1.240e-04 1.011e-05 1.978e-05 3.123e-05
 9.570e-01 2.034e-05 7.187e-05 6.599e-01 1.410e-01 6.282e-07 3.067e-05
 1.586e-01 1.496e-04 1.903e-06 8.397e-05 8.635e-02 2.204e-05 2.415e-01
 4.067e-05 4.227e-01 2.236e-03 9.926e-02 2.136e-01 1.562e+00 1.959e-01
 3.179e-04 1.220e+00 8.094e-05 5.367e-05 1.346e-01 2.204e-04 9.910e-05
 6.234e-05 8.020e-01 4.715e-05 1.220e+00 3.349e-01 6.414e-01 9.737e-06
 9.449e-04 9.809e-01 5.748e-04 7.571e-07 3.360e-04 1.771e-01 5.017e-05
 2.612e-01 1.060e-01 1.647e-01 1.331e-01 4.488e-01 1.942e-01 4.450e-01
 2.375e-01 6.602e-03 8.803e-02 8.642e-07 2.245e-05 1.722e-01 9.879e-06
 1.806e-04 4.165e-06 7.317e-01 5.326e-06 3.029e-01 1.242e-01 8.424e-02
 1.682e-05 1.040e-04 1.477e-01 3.119e-04 1.638e-05 2.443e-03 1.991e-01
 1.123e-04 2.325e-01 4.309e-03 1.006e-04 7.543e-05 1.310e-04 2.443e-04
 1.400e-03 1.781e-01 4.761e-05 1.100e-04 1.876e-05 1.409e-05 4.601e-05
 5.501e-06 1.742e-05 1.845e-06 8.740e-01 2.855e-06 2.734e-05 2.177e-01
 6.282e-01 5.632e-06 1.012e-05 1.923e-01 1.560e-05 9.853e-06 2.666e-05
 6.335e-05 1.065e-05 2.800e-01 2.928e-05 8.620e-02 4.297e-03 1.865e-03
 2.102e-01 1.085e-01 1.782e-01 2.912e-04 2.382e-01 2.469e-05 6.884e-06
 2.471e-01 4.769e-05 1.233e-05 1.457e-05 2.188e-01 1.380e-06 7.601e-04
 6.895e-01 1.543e-01 6.657e-06 5.236e-04 1.267e+00 2.789e-04 7.858e-07
 4.971e-04 1.178e-01 1.505e-05 1.915e-01 4.572e-03 1.205e-03 3.556e-04
 6.213e-05 1.811e-01 1.899e-03 1.665e+00 3.154e-04 2.938e-03 1.390e-05
 1.767e-05 7.227e-05 2.822e-05 2.724e-05 6.352e-06 1.638e-01 2.850e-06
 1.937e-04 1.504e-01 1.579e-01 2.526e-06 1.252e-05 2.748e-01 2.780e-05
 1.491e-06 5.563e-05 7.826e-05 3.972e-06 8.510e-01 3.695e-05 1.839e-04
 1.434e-04 9.598e-05 8.461e-04 9.266e-05 3.205e-04 1.501e-04 7.700e-04
 3.388e-06 2.976e-05 6.783e-05 9.727e-06 6.448e-06 1.419e-05 9.688e-01
 1.108e-05 2.661e-05 9.244e-03 8.771e-04 1.913e-06 1.193e-05 3.002e-04
 9.950e-05 3.616e-06 1.859e-05 9.860e-05 4.421e-06 1.766e-01 1.140e-05
 4.165e-01 7.592e-01 8.708e-02 1.662e-01 2.167e+00 2.006e-01 1.910e-01
 1.361e+00 5.347e-05 2.422e-05 1.518e-01 1.984e-04 1.072e-04 1.717e-05
 5.377e-01 1.236e-05 3.050e-01 2.202e-01 7.579e-01 4.738e-06 1.204e-03
 2.702e-01 1.148e-03 5.587e-06 5.894e-03 1.170e-01 2.990e-04 4.971e-01
 2.718e-01 1.214e+00 2.495e-04 8.790e-04 2.539e-01 1.234e-03 1.052e-01
 1.298e-01 7.060e-05 1.747e-06 1.175e-05 8.354e-05 1.329e-05 3.945e-06
 6.265e-06 1.300e-01 7.000e-06 1.601e-04 2.694e-01 8.752e-01 2.350e-06
 2.755e-05 1.755e-01 2.570e-05 4.019e-07 1.360e-04 7.593e-02 7.162e-06
 1.477e-01 3.091e-05 3.482e-01 9.693e-01 1.604e-01 2.432e-01 1.804e-01
 3.651e-01 2.903e-01 3.101e-01 1.230e+00 1.024e-04 2.130e-01 2.242e+00
 1.414e-01 7.561e-03 3.606e-01 6.003e-04 3.891e-01 2.715e-01 1.088e-01
 2.092e-03 4.853e-01 4.456e-01 8.629e-02 3.985e-05 1.679e-01 2.232e-01
 8.777e-04 3.120e-01 1.883e+00 1.642e+00 1.817e+00 3.157e-01 1.735e-01
 1.911e-01 3.360e-01 2.663e-01 1.952e+00 3.257e-01 1.277e+00 8.089e-02
 1.528e-01 2.908e-01 4.177e-03 1.029e+00 1.096e-04 2.845e-01 1.627e-01
 1.281e-01 1.805e-02 8.486e-02 2.431e-01 1.884e-02 2.233e-04 2.058e-01
 1.173e-01 1.600e-02 1.067e+00 4.159e-01 1.570e-01 2.165e-03 2.108e-03
 1.454e-01 3.598e-03 1.466e-01 8.801e-01 3.425e-04 1.067e+00 2.364e-05
 4.318e-06 2.474e-05 9.958e-06 3.585e-06 3.514e-01 2.839e-06 2.721e-04
 1.913e-01 1.185e-01 2.132e-06 3.084e-05 1.370e-01 3.079e-05 4.087e-06
 5.522e-04 9.546e-01 5.403e-05 1.981e-01 1.881e-04 1.572e-01 1.636e+00
 1.104e-01 1.837e-01 2.394e+00 3.606e-01 3.220e-01 1.365e+00 8.039e-01
 1.652e-04 3.647e-05 1.745e+00 1.109e-04 7.343e-05 2.460e-01 2.349e-05
 1.814e-01 5.954e-01 1.454e-01 3.448e-05 2.594e+00 5.459e-01 3.089e-03
 7.674e-06 3.391e-02 1.066e+00 4.672e-04 2.735e-01 2.770e-01 2.188e-01
 1.739e-01 2.784e+00 1.158e+00 1.251e-01 1.704e+00 2.808e-01 1.586e-01
 4.482e-01 1.968e-03 1.499e-03 4.727e-01 3.047e-01 8.034e-05 5.425e-01
 1.449e-04 1.746e+00 4.060e-01 2.248e-01 7.680e-05 1.065e-01 3.631e-01
 2.628e+00 2.472e-04 5.309e-01 4.266e-01 6.270e-03 2.370e-01 2.436e+00
 2.557e-01 8.809e-01 7.136e-02 2.615e-01 2.934e-01 2.474e-01 4.229e-01
 2.793e-01 2.541e-01 2.352e-02 1.777e-02 6.896e-01 2.510e+00 8.098e-02
 2.486e-01 2.586e-04 1.728e-01 1.374e-01 1.688e-01 3.682e-01 6.319e-01
 1.012e+00 3.591e+00 6.105e-03 9.980e-02 4.447e-01 2.475e-03 4.821e-01
 2.579e-01 3.908e-05 3.598e-04 3.447e-04 2.631e-04 4.823e-04 2.138e-04
 1.537e-03 5.019e-05 3.182e-05 9.311e-06 3.495e-05 7.756e-05 3.428e-05
 1.828e-05 4.609e-06 8.005e-06 9.969e-05 4.778e-03 6.467e-04 2.949e-06
 1.230e-05 1.858e-04 2.899e-05 2.609e-06 1.293e-04 1.122e-04 1.091e-05
 1.804e-01 2.605e-05 2.129e-01 2.292e-01 1.499e-01 6.355e-02 2.537e-01
 1.106e+00 5.315e-01 3.456e-01 5.498e-01 1.271e-01 7.759e-02 1.184e-01
 1.091e+00 9.757e-02 3.026e+00 4.538e-01 2.419e-02 2.183e-01 6.287e-02
 7.233e-01 1.354e+00 1.375e-01 3.256e-01 1.658e-03 5.077e-02 1.313e-01
 3.460e-03 2.551e-01 1.458e-01 2.000e-01 4.431e-04 4.394e-04 2.522e-01
 1.814e-01 2.635e-01 1.617e-01 8.941e-05 1.104e+00 5.087e-06 1.132e-05
 1.937e-01 1.132e-05 9.390e-05 4.579e-06 2.397e-01 3.429e-07 6.696e-01
 2.480e-01 1.894e-05 1.315e-04 4.708e-01 9.533e-05 6.323e-06 1.227e-04
 7.044e-01 8.288e-06 1.660e-01 8.378e-04 8.679e-04 6.107e-04 1.201e-03
 5.249e-04 4.200e-04 2.043e-03 1.671e-01 5.073e-05 1.677e-04 2.986e-05
 9.956e-06 3.292e-04 5.650e-05 5.487e-05 6.325e-05 1.928e-01 5.293e-05
 3.176e-04 4.862e-04 4.548e-06 3.891e-05 1.803e-02 2.653e-04 9.595e-07
 4.212e-04 9.426e-04 1.658e-05 1.744e-02 1.105e-04 2.952e-04 2.528e-04
 4.925e-04 3.036e-03 1.050e-03 1.558e-03 1.856e-01 4.399e-04 1.283e-04
 5.122e-06 1.133e-05 1.687e-04 2.022e-05 4.309e-05 4.173e-05 3.045e-01
 2.614e-05 5.465e-05 7.535e-01 1.352e-05 2.911e-06 2.519e-01 1.679e-04
 1.489e-05 8.952e-05 9.388e-05 1.900e-05 4.910e-01 7.127e-05 1.951e-01
 5.222e-01 2.070e-01 3.980e-01 1.728e+00 1.061e+00 2.471e-01 1.108e+00
 2.000e-01 8.183e-02 2.518e-02 2.264e-01 2.203e-01 3.749e+00 6.981e-04
 1.462e-01 6.431e-04 2.125e-01 2.458e-01 6.042e-02 1.741e+00 7.089e-01
 7.101e-02 1.954e-04 2.445e+00 2.416e-01 1.250e-03 2.022e-01 1.428e-01
 9.179e-02 2.545e-01 2.524e+00 1.118e+00 1.580e+00 2.314e-01 6.122e-01
 3.858e-01 4.691e-01 7.141e-06 4.487e-06 3.817e-01 2.902e-05 1.668e-05
 8.385e-06 3.111e-01 5.729e-06 2.293e+00 3.612e-01 2.480e-01 5.479e-05
 5.308e-01 2.442e-04 1.137e-06 3.688e-03 3.080e-01 2.874e-04 5.695e-01
 2.147e+00 6.684e-04 8.712e-04 5.361e-04 1.271e-03 3.187e-04 8.654e-04
 9.995e-01 5.526e-05 9.112e-04 8.226e-06 1.149e-05 2.391e-04 2.484e-05
 2.684e-05 4.090e-06 2.274e-01 2.988e-06 9.706e-05 3.646e-01 2.191e-03
 2.941e-06 3.675e-05 3.209e-05 8.222e-06 1.592e-04 7.155e-04 3.196e-06
 1.259e-01 8.603e-05 2.107e+00 2.863e-01 1.240e-01 1.904e-01 1.876e-01
 1.493e-01 9.315e-01 1.679e-01 2.928e-01 1.576e-03 3.917e-05 2.180e+00
 2.519e-01 8.829e-05 1.756e-04 8.018e-01 6.158e-05 8.638e-02 7.464e-01
 8.916e-01 5.733e-06 2.354e-01 3.938e-01 3.570e-05 1.333e-02 1.509e+00
 4.369e-05 1.388e-01 1.237e-01 2.183e-01 4.385e-01 7.303e-01 1.420e-01
 1.079e-01 5.454e-01 5.207e-01 2.793e-01 1.160e-01 1.158e+00 4.393e+00
 1.695e-01 1.724e-01 2.169e+00 4.250e-02 1.599e-01 1.097e-02 4.033e-01
 1.623e-01 4.545e-02 3.087e-02 1.196e-01 8.909e-01 1.064e-01 2.822e+00
 1.040e-01 1.451e-03 2.539e-01 9.385e-01 2.197e-01 1.754e+00 1.675e-01
 7.212e-02 1.488e-01 2.308e-01 2.534e-01 1.020e-01 2.221e-01 2.662e-03
 3.868e-03 1.164e-01 1.193e-02 3.297e-04 1.395e-04 1.336e-01 8.073e-05
 1.173e-01 3.785e-01 1.453e-01 3.919e-05 1.176e-01 1.284e+00 3.692e-02
 3.734e-04 6.375e-02 7.352e-05 1.168e-01 1.203e-01 4.936e-03 1.343e-04
 5.875e-04 1.565e+00 2.149e-03 1.809e+00 3.196e-01 2.711e-04 5.632e-03
 1.823e-05 1.387e-05 3.118e-04 4.129e-05 4.237e-06 5.148e-06 7.326e-01
 6.600e-06 1.497e-04 8.561e-01 1.350e-01 3.483e-06 4.454e-05 1.289e+00
 3.475e-05 1.158e-06 2.050e-04 1.085e-05 8.399e-01 8.076e-05 2.089e+00
 3.596e-01 1.871e-01 2.399e-01 9.289e-02 2.154e-01 1.051e-01 8.763e-02
 2.219e-01 1.349e-02 7.407e-03 9.926e-01 5.234e-03 1.629e-02 2.244e-02
 2.030e-01 1.896e-02 1.194e-01 1.799e-01 7.865e-02 1.765e-03 5.520e-02
 8.464e-01 3.015e-02 2.976e-03 3.019e+00 1.417e-01 1.329e-01 1.012e-01
 9.762e-04 4.845e-04 4.287e-04 4.531e-03 2.127e-03 1.257e-03 7.213e-03
 1.242e-03 4.492e-04 1.307e-05 1.327e-04 4.035e-04 4.456e-05 1.888e-05
 4.094e-05 3.846e-02 4.094e-05 2.839e-04 7.738e-02 8.187e-03 1.069e-05
 1.050e-04 6.179e-03 1.723e-04 6.065e-05 7.605e-05 8.252e-04 4.481e-06
 1.705e-04 2.411e-01 6.342e-03 2.082e-01 4.203e-01 1.420e-01 2.585e-01
 2.589e-01 1.592e-03 3.293e-01 1.608e-05 7.334e-06 1.980e+00 9.097e-06
 1.078e-04 1.662e-06 2.058e-01 5.019e-06 3.229e-01 6.443e-01 2.217e-01
 1.907e-05 9.854e-05 2.432e-01 3.051e-04 2.157e-05 9.873e-04 7.369e-01
 7.039e-06 1.215e-01]
[[0. 0. 0. 1. 0. 0. 0. 0. 0. 0. 0. 0. 0. 0. 0. 1. 0. 0. 1. 0. 0. 0. 0. 0.
  0. 0. 0. 0. 0. 0.]
 [0. 0. 0. 0. 0. 1. 0. 0. 1. 0. 0. 0. 0. 0. 0. 1. 0. 1. 0. 1. 0. 0. 1. 0.
  0. 0. 0. 0. 0. 0.]
 [0. 0. 0. 0. 0. 0. 0. 0. 0. 0. 0. 0. 0. 0. 0. 1. 0. 0. 0. 0. 0. 0. 0. 0.
  0. 0. 0. 0. 0. 0.]
 [0. 0. 0. 0. 0. 0. 0. 0. 0. 0. 0. 0. 0. 0. 0. 1. 0. 0. 0. 1. 0. 0. 0. 0.
  0. 0. 0. 0. 0. 0.]
 [0. 0. 0. 0. 0. 0. 0. 0. 0. 0. 0. 0. 0. 0. 0. 0. 0. 0. 1. 0. 0. 0. 1. 0.
  0. 0. 0. 0. 0. 0.]
 [0. 0. 0. 0. 0. 0. 1. 0. 0. 0. 0. 0. 0. 0. 0. 0. 0. 0. 0. 0. 0. 0. 0. 0.
  0. 0. 0. 0. 1. 0.]
 [0. 0. 0. 0. 0. 0. 0. 0. 0. 0. 0. 0. 0. 0. 0. 1. 0. 0. 0. 0. 0. 0. 0. 0.
  0. 0. 0. 0. 0. 0.]
 [0. 0. 0. 0. 1. 0. 0. 0. 1. 0. 0. 0. 0. 0. 0. 1. 0. 0. 0. 1. 0. 0. 0. 0.
  0. 0. 0. 0. 1. 0.]
 [1. 0. 0. 0. 0. 0. 0. 0. 0. 0. 0. 0. 0. 0. 0. 0. 0. 0. 0. 1. 0. 0. 0. 0.
  0. 0. 0. 0. 0. 0.]
 [0. 0. 0. 0. 0. 0. 0. 0. 1. 0. 0. 0. 1. 0. 0. 0. 0. 0. 0. 0. 0. 0. 0. 0.
  0. 0. 0. 0. 0. 1.]
 [1. 1. 0. 0. 0. 0. 0. 1. 0. 1. 0. 0. 0. 0. 0. 1. 0. 0. 0. 0. 0. 0. 0. 0.
  0. 0. 0. 0. 1. 0.]
 [0. 0. 0. 0. 0. 0. 1. 0. 1. 0. 0. 0. 0. 0. 0. 0. 0. 0. 0. 0. 0. 0. 0. 0.
  0. 0. 1. 0. 0. 0.]
 [0. 1. 0. 0. 1. 0. 0. 1. 1. 0. 0. 1. 0. 0. 0. 0. 0. 0. 1. 0. 0. 1. 0. 0.
  0. 0. 1. 0. 0. 0.]
 [0. 0. 1. 1. 0. 1. 0. 0. 0. 0. 0. 0. 0. 0. 0. 0. 0. 1. 0. 0. 0. 0. 0. 1.
  0. 0. 0. 0. 0. 1.]
 [0. 1. 0. 0. 0. 0. 0. 0. 0. 0. 0. 0. 1. 0. 0. 0. 0. 0. 0. 0. 0. 0. 1. 1.
  0. 0. 0. 0. 1. 0.]
 [0. 0. 0. 0. 0. 0. 0. 0. 0. 0. 0. 0. 0. 0. 0. 0. 0. 0. 0. 0. 0. 0. 0. 0.
  0. 0. 0. 0. 1. 0.]
 [0. 0. 0. 0. 0. 1. 1. 0. 1. 0. 0. 0. 1. 0. 1. 1. 0. 0. 1. 0. 1. 1. 0. 0.
  0. 0. 0. 0. 0. 0.]
 [0. 0. 0. 0. 0. 0. 0. 0. 1. 0. 0. 0. 0. 0. 0. 0. 0. 0. 1. 0. 0. 0. 0. 0.
  0. 0. 1. 0. 0. 0.]
 [0. 0. 0. 0. 0. 0. 0. 0. 0. 0. 0. 0. 0. 0. 0. 0. 0. 0. 0. 0. 0. 0. 0. 0.
  0. 0. 0. 0. 0. 0.]
 [0. 0. 0. 0. 0. 0. 0. 0. 0. 0. 0. 0. 0. 0. 0. 0. 0. 0. 1. 0. 0. 0. 0. 0.
  0. 0. 0. 0. 1. 0.]
 [0. 0. 0. 0. 1. 1. 0. 1. 0. 0. 0. 0. 0. 1. 0. 0. 0. 0. 0. 0. 0. 1. 1. 0.
  0. 1. 1. 0. 0. 0.]
 [0. 0. 1. 1. 1. 0. 1. 0. 0. 0. 0. 0. 0. 0. 0. 0. 0. 1. 0. 0. 0. 0. 0. 0.
  0. 0. 0. 0. 1. 1.]
 [0. 0. 0. 0. 0. 0. 1. 0. 0. 0. 0. 0. 0. 0. 0. 0. 0. 0. 1. 0. 0. 0. 0. 0.
  0. 0. 0. 0. 0. 0.]
 [1. 0. 0. 0. 0. 0. 1. 0. 0. 0. 0. 1. 0. 0. 0. 1. 0. 0. 1. 1. 0. 0. 0. 0.
  0. 0. 1. 0. 0. 0.]
 [0. 0. 1. 0. 0. 1. 1. 0. 1. 1. 1. 0. 0. 1. 0. 0. 0. 1. 0. 0. 0. 0. 1. 0.
  0. 1. 0. 0. 0. 1.]
 [0. 1. 0. 0. 0. 0. 0. 0. 0. 0. 0. 0. 0. 0. 0. 0. 0. 0. 0. 0. 0. 0. 1. 0.
  0. 0. 0. 0. 0. 0.]
 [0. 0. 0. 1. 0. 1. 0. 0. 0. 0. 0. 0. 0. 0. 0. 1. 0. 0. 1. 0. 0. 0. 1. 0.
  0. 0. 0. 0. 1. 0.]
 [1. 0. 0. 0. 0. 0. 0. 0. 0. 0. 0. 1. 0. 0. 0. 0. 0. 0. 0. 0. 0. 0. 1. 0.
  0. 1. 0. 0. 0. 0.]
 [0. 0. 0. 0. 0. 0. 0. 0. 0. 0. 0. 0. 0. 0. 0. 0. 0. 0. 0. 0. 0. 0. 0. 0.
  0. 0. 0. 0. 0. 0.]
 [0. 0. 0. 0. 0. 0. 0. 0. 0. 0. 0. 1. 0. 0. 0. 0. 0. 0. 1. 0. 0. 0. 0. 0.
  0. 0. 1. 0. 0. 0.]]
[0. 0. 1. 0. 0. 0. 0. 0. 0. 0. 0. 0. 0. 0. 1. 0. 0. 1. 0. 0. 0. 0. 0. 0.
 0. 0. 0. 0. 0. 0. 0. 0. 0. 1. 0. 0. 1. 0. 0. 0. 0. 0. 0. 1. 0. 1. 0. 1.
 0. 0. 1. 0. 0. 0. 0. 0. 0. 0. 0. 0. 0. 0. 0. 0. 0. 0. 0. 0. 0. 0. 0. 0.
 1. 0. 0. 0. 0. 0. 0. 0. 0. 0. 0. 0. 0. 0. 0. 0. 0. 0. 0. 0. 0. 0. 0. 0.
 0. 0. 0. 0. 0. 1. 0. 0. 0. 1. 0. 0. 0. 0. 0. 0. 0. 0. 0. 0. 0. 0. 0. 0.
 0. 0. 0. 0. 0. 0. 0. 0. 0. 0. 0. 0. 0. 1. 0. 0. 0. 1. 0. 0. 0. 0. 0. 0.
 0. 0. 0. 0. 0. 0. 1. 0. 0. 0. 0. 0. 0. 0. 0. 0. 0. 0. 0. 0. 0. 0. 0. 0.
 0. 0. 0. 0. 1. 0. 0. 0. 0. 0. 0. 0. 0. 0. 0. 0. 0. 0. 0. 0. 1. 0. 0. 0.
 0. 0. 0. 0. 0. 0. 0. 0. 0. 0. 0. 0. 0. 0. 0. 1. 0. 0. 1. 0. 0. 0. 0. 0.
 0. 1. 0. 0. 0. 1. 0. 0. 0. 0. 0. 0. 0. 0. 1. 0. 1. 0. 0. 0. 0. 0. 0. 0.
 0. 0. 0. 0. 0. 0. 0. 0. 0. 0. 1. 0. 0. 0. 0. 0. 0. 0. 0. 0. 0. 0. 0. 0.
 0. 0. 0. 0. 0. 1. 0. 0. 1. 0. 0. 0. 0. 0. 0. 0. 0. 0. 0. 0. 0. 0. 0. 0.
 0. 1. 1. 1. 0. 0. 0. 0. 0. 1. 0. 1. 0. 0. 0. 0. 1. 0. 0. 0. 0. 0. 0. 0.
 0. 0. 0. 0. 0. 1. 0. 0. 0. 0. 0. 0. 0. 1. 0. 1. 0. 0. 0. 0. 0. 0. 0. 0.
 0. 0. 0. 0. 0. 0. 0. 0. 1. 0. 0. 0. 0. 1. 0. 0. 1. 0. 0. 1. 1. 0. 0. 1.
 0. 0. 0. 0. 0. 1. 0. 0. 1. 0. 0. 0. 0. 1. 0. 0. 0. 0. 0. 1. 1. 0. 1. 0.
 0. 0. 0. 0. 0. 0. 0. 0. 0. 1. 0. 0. 0. 0. 0. 1. 0. 0. 0. 0. 0. 1. 0. 1.
 0. 0. 0. 0. 0. 0. 0. 0. 0. 0. 1. 0. 0. 0. 0. 0. 0. 0. 0. 1. 1. 0. 0. 0.
 0. 1. 0. 0. 0. 0. 0. 0. 0. 0. 0. 0. 0. 0. 0. 0. 0. 0. 0. 0. 0. 0. 0. 0.
 0. 0. 0. 0. 0. 0. 1. 0. 0. 0. 0. 0. 0. 1. 1. 0. 1. 0. 0. 0. 1. 0. 1. 1.
 0. 1. 0. 1. 1. 0. 0. 0. 0. 0. 0. 0. 0. 0. 0. 0. 0. 0. 0. 0. 0. 1. 0. 0.
 0. 0. 0. 0. 0. 0. 1. 0. 0. 0. 0. 0. 0. 0. 1. 0. 0. 0. 0. 0. 0. 0. 0. 0.
 0. 0. 0. 0. 0. 0. 0. 0. 0. 0. 0. 0. 0. 0. 0. 0. 0. 0. 0. 0. 0. 0. 0. 0.
 0. 0. 0. 0. 0. 0. 0. 0. 0. 0. 0. 0. 0. 0. 0. 0. 0. 1. 0. 0. 0. 0. 0. 0.
 0. 0. 1. 0. 0. 0. 0. 0. 1. 1. 0. 1. 0. 0. 0. 0. 0. 1. 0. 0. 0. 0. 0. 0.
 1. 1. 0. 0. 1. 1. 0. 0. 0. 0. 0. 1. 1. 1. 0. 1. 0. 0. 0. 0. 0. 0. 0. 0.
 0. 0. 1. 0. 0. 0. 0. 0. 0. 0. 0. 0. 1. 1. 0. 0. 0. 0. 0. 0. 1. 0. 0. 0.
 0. 0. 0. 0. 0. 0. 0. 0. 1. 0. 0. 0. 0. 0. 0. 0. 0. 0. 0. 1. 0. 0. 0. 0.
 0. 1. 0. 0. 0. 0. 1. 0. 0. 0. 1. 0. 0. 1. 1. 0. 0. 0. 0. 0. 1. 0. 0. 0.
 0. 0. 1. 0. 0. 1. 1. 0. 1. 1. 1. 0. 0. 1. 0. 0. 0. 1. 0. 0. 0. 0. 1. 0.
 1. 0. 0. 0. 1. 0. 1. 0. 0. 0. 0. 0. 0. 0. 0. 0. 0. 0. 0. 0. 0. 0. 0. 0.
 0. 0. 0. 1. 0. 0. 0. 0. 0. 0. 0. 0. 0. 1. 0. 1. 0. 0. 0. 0. 0. 0. 0. 0.
 0. 1. 0. 0. 1. 0. 0. 0. 1. 0. 0. 0. 0. 1. 0. 1. 0. 0. 0. 0. 0. 0. 0. 0.
 0. 0. 1. 0. 0. 0. 0. 0. 0. 0. 0. 0. 0. 1. 0. 0. 1. 0. 0. 0. 0. 0. 0. 0.
 0. 0. 0. 0. 0. 0. 0. 0. 0. 0. 0. 0. 0. 0. 0. 0. 0. 0. 0. 0. 0. 0. 0. 0.
 0. 0. 0. 0. 0. 0. 0. 0. 0. 0. 0. 0. 1. 0. 0. 0. 0. 0. 0. 1. 0. 0. 0. 0.
 0. 0. 0. 1. 0. 0.]
aucroc, aucpr (0.9905111111111112, 0.9666349057757062)
cuda
noise_multiplier  0.8  noise_multiplier_b  5.0  noise_multiplier_delta  0.802572353905128
cuda
Objective function 1220.30 = squared loss an data 964.29 + 0.5*rho*h**2 254.631624 + alpha*h 0.000000 + L2reg 0.55 + L1reg 0.82 ; SHD = 397 ; DAG False
total norm for a microbatch 105.4284834957258 clip 12.00582138917335
total norm for a microbatch 103.11686014035122 clip 35.06061853556806
total norm for a microbatch 101.7492795215432 clip 38.01845405262689
total norm for a microbatch 113.60097462765805 clip 50.467788351620946
total norm for a microbatch 105.71614041054826 clip 61.20062667227048
total norm for a microbatch 103.80819970585598 clip 90.6849276241164
total norm for a microbatch 104.98346051985122 clip 95.61719544316206
cuda
Objective function 294.80 = squared loss an data 285.73 + 0.5*rho*h**2 7.690046 + alpha*h 0.000000 + L2reg 0.81 + L1reg 0.57 ; SHD = 189 ; DAG False
Proportion of microbatches that were clipped  0.9530009526833916
iteration 1 in inner loop, alpha 0.0 rho 1.0 h 3.9217459567609296
iteration 1 in outer loop, alpha = 3.9217459567609296, rho = 1.0, h = 3.9217459567609296
cuda
noise_multiplier  0.8  noise_multiplier_b  5.0  noise_multiplier_delta  0.802572353905128
cuda
Objective function 310.18 = squared loss an data 285.73 + 0.5*rho*h**2 7.690046 + alpha*h 15.380091 + L2reg 0.81 + L1reg 0.57 ; SHD = 189 ; DAG False
total norm for a microbatch 160.11695463619992 clip 3.4131879900929336
total norm for a microbatch 130.11196454008768 clip 3.4131879900929336
total norm for a microbatch 132.29563634368824 clip 4.820963555372713
total norm for a microbatch 115.39556067335424 clip 29.087445742306315
total norm for a microbatch 105.59123450806267 clip 67.64547599974891
cuda
Objective function 113.28 = squared loss an data 92.77 + 0.5*rho*h**2 5.460866 + alpha*h 12.960604 + L2reg 1.53 + L1reg 0.55 ; SHD = 179 ; DAG False
Proportion of microbatches that were clipped  0.9712802206717508
iteration 1 in inner loop, alpha 3.9217459567609296 rho 1.0 h 3.3048044824417033
noise_multiplier  0.8  noise_multiplier_b  5.0  noise_multiplier_delta  0.802572353905128
cuda
Objective function 162.42 = squared loss an data 92.77 + 0.5*rho*h**2 54.608663 + alpha*h 12.960604 + L2reg 1.53 + L1reg 0.55 ; SHD = 179 ; DAG False
total norm for a microbatch 190.72085460582798 clip 36.79796548227031
total norm for a microbatch 233.02649361427342 clip 83.04117112107555
total norm for a microbatch 207.87239377719027 clip 185.6635821286427
cuda
Objective function 98.03 = squared loss an data 74.50 + 0.5*rho*h**2 14.478032 + alpha*h 6.673432 + L2reg 1.89 + L1reg 0.49 ; SHD = 151 ; DAG True
Proportion of microbatches that were clipped  0.9833255415303102
iteration 2 in inner loop, alpha 3.9217459567609296 rho 10.0 h 1.701648137691599
noise_multiplier  0.8  noise_multiplier_b  5.0  noise_multiplier_delta  0.802572353905128
cuda
Objective function 228.33 = squared loss an data 74.50 + 0.5*rho*h**2 144.780319 + alpha*h 6.673432 + L2reg 1.89 + L1reg 0.49 ; SHD = 151 ; DAG True
total norm for a microbatch 397.48121080498873 clip 1.0
total norm for a microbatch 326.26744023161996 clip 1.0
total norm for a microbatch 207.25449300437052 clip 1.5648840600930325
total norm for a microbatch 338.0739026132855 clip 2.926702094052304
total norm for a microbatch 294.4092223679807 clip 4.234580085031198
total norm for a microbatch 171.78985531061278 clip 8.811315503583273
total norm for a microbatch 351.21349842924076 clip 10.387705013295742
total norm for a microbatch 180.81809115224763 clip 11.254737657111313
total norm for a microbatch 220.77672300988814 clip 57.68371436458633
cuda
Objective function 103.76 = squared loss an data 77.09 + 0.5*rho*h**2 21.650677 + alpha*h 2.580656 + L2reg 2.03 + L1reg 0.41 ; SHD = 128 ; DAG True
Proportion of microbatches that were clipped  0.9931066896443679
iteration 3 in inner loop, alpha 3.9217459567609296 rho 100.0 h 0.6580376432966979
iteration 2 in outer loop, alpha = 69.72551028643072, rho = 100.0, h = 0.6580376432966979
cuda
noise_multiplier  0.8  noise_multiplier_b  5.0  noise_multiplier_delta  0.802572353905128
cuda
Objective function 147.06 = squared loss an data 77.09 + 0.5*rho*h**2 21.650677 + alpha*h 45.882010 + L2reg 2.03 + L1reg 0.41 ; SHD = 128 ; DAG True
total norm for a microbatch 399.0696523761466 clip 1.6939865349067824
total norm for a microbatch 290.96517626641185 clip 3.7441693006401096
total norm for a microbatch 350.61287448531556 clip 9.11322667207144
total norm for a microbatch 249.80761460672554 clip 9.11322667207144
total norm for a microbatch 297.42140122355215 clip 9.979120953609183
total norm for a microbatch 249.01290050496314 clip 12.059476234698849
total norm for a microbatch 294.3629127130849 clip 17.2151696874288
total norm for a microbatch 282.23119734441406 clip 39.08457219985914
total norm for a microbatch 327.62083492045537 clip 128.0774118110437
cuda
Objective function 125.39 = squared loss an data 80.58 + 0.5*rho*h**2 10.416926 + alpha*h 31.825592 + L2reg 2.16 + L1reg 0.40 ; SHD = 149 ; DAG True
Proportion of microbatches that were clipped  0.9969090613307304
iteration 1 in inner loop, alpha 69.72551028643072 rho 100.0 h 0.456441149225963
noise_multiplier  0.8  noise_multiplier_b  5.0  noise_multiplier_delta  0.802572353905128
cuda
Objective function 219.14 = squared loss an data 80.58 + 0.5*rho*h**2 104.169261 + alpha*h 31.825592 + L2reg 2.16 + L1reg 0.40 ; SHD = 149 ; DAG True
total norm for a microbatch 395.24397820409837 clip 3.6382018604394717
total norm for a microbatch 316.88201543534433 clip 6.075932641169995
total norm for a microbatch 625.3852732461347 clip 13.339768351385509
total norm for a microbatch 450.4342769143889 clip 16.16904256427811
total norm for a microbatch 567.3195318140106 clip 261.46719197259233
cuda
Objective function 119.36 = squared loss an data 80.27 + 0.5*rho*h**2 21.892172 + alpha*h 14.589860 + L2reg 2.25 + L1reg 0.36 ; SHD = 141 ; DAG True
Proportion of microbatches that were clipped  0.9990344383649823
iteration 2 in inner loop, alpha 69.72551028643072 rho 1000.0 h 0.20924708864583863
noise_multiplier  0.8  noise_multiplier_b  5.0  noise_multiplier_delta  0.802572353905128
cuda
Objective function 316.39 = squared loss an data 80.27 + 0.5*rho*h**2 218.921721 + alpha*h 14.589860 + L2reg 2.25 + L1reg 0.36 ; SHD = 141 ; DAG True
total norm for a microbatch 392.8446396193204 clip 6.8288313689966476
total norm for a microbatch 359.7881015897248 clip 34.69307974756193
total norm for a microbatch 374.0923035672762 clip 77.9516918096071
total norm for a microbatch 628.0839671494928 clip 172.53920073293935
total norm for a microbatch 648.694809524135 clip 273.9735892051652
cuda
Objective function 125.13 = squared loss an data 83.31 + 0.5*rho*h**2 33.408631 + alpha*h 5.699491 + L2reg 2.40 + L1reg 0.32 ; SHD = 143 ; DAG True
Proportion of microbatches that were clipped  1.0
iteration 3 in inner loop, alpha 69.72551028643072 rho 10000.0 h 0.08174182675718811
iteration 3 in outer loop, alpha = 887.1437778583118, rho = 10000.0, h = 0.08174182675718811
cuda
noise_multiplier  0.8  noise_multiplier_b  5.0  noise_multiplier_delta  0.802572353905128
cuda
Objective function 191.95 = squared loss an data 83.31 + 0.5*rho*h**2 33.408631 + alpha*h 72.516753 + L2reg 2.40 + L1reg 0.32 ; SHD = 143 ; DAG True
total norm for a microbatch 484.4793029257393 clip 7.253741245615108
total norm for a microbatch 431.1931149224996 clip 8.630585512024298
total norm for a microbatch 293.99821870623344 clip 10.284651800574519
cuda
Objective function 146.75 = squared loss an data 82.19 + 0.5*rho*h**2 14.289385 + alpha*h 47.425922 + L2reg 2.53 + L1reg 0.32 ; SHD = 157 ; DAG True
Proportion of microbatches that were clipped  1.0
iteration 1 in inner loop, alpha 887.1437778583118 rho 10000.0 h 0.05345911541636994
noise_multiplier  0.8  noise_multiplier_b  5.0  noise_multiplier_delta  0.802572353905128
cuda
Objective function 275.36 = squared loss an data 82.19 + 0.5*rho*h**2 142.893851 + alpha*h 47.425922 + L2reg 2.53 + L1reg 0.32 ; SHD = 157 ; DAG True
total norm for a microbatch 2267.484614518674 clip 1.1008330059175793
total norm for a microbatch 454.7996955493712 clip 4.888243459385719
total norm for a microbatch 467.1052830131165 clip 22.005536755326045
cuda
Objective function 143.04 = squared loss an data 83.82 + 0.5*rho*h**2 33.366701 + alpha*h 22.917416 + L2reg 2.62 + L1reg 0.31 ; SHD = 165 ; DAG True
Proportion of microbatches that were clipped  1.0
iteration 2 in inner loop, alpha 887.1437778583118 rho 100000.0 h 0.02583280905493268
iteration 4 in outer loop, alpha = 26719.952832790994, rho = 1000000.0, h = 0.02583280905493268
Threshold 0.3
[[0.005 0.23  0.149 0.028 0.264 0.041 0.077 0.055 0.147 0.039 0.095 0.337
  0.021 0.2   0.01  0.052 0.016 0.036 0.022 0.019 0.04  0.104 0.024 0.08
  0.034 0.05  0.138 0.092 0.27  0.086]
 [0.032 0.008 0.109 0.031 0.164 0.013 0.075 0.025 0.092 0.023 0.184 0.107
  0.011 0.047 0.012 0.023 0.017 0.023 0.059 0.022 0.023 0.035 0.021 0.06
  0.015 0.039 0.169 0.038 0.104 0.034]
 [0.047 0.081 0.008 0.045 0.111 0.033 0.082 0.018 0.069 0.042 0.054 0.129
  0.023 0.186 0.014 0.014 0.021 0.013 0.036 0.011 0.009 0.018 0.044 0.023
  0.014 0.026 0.107 0.028 0.063 0.055]
 [0.276 0.263 0.21  0.007 0.299 0.068 0.108 0.052 0.196 0.042 0.302 0.129
  0.043 0.129 0.031 0.113 0.046 0.108 0.096 0.019 0.077 0.05  0.069 0.092
  0.018 0.163 0.29  0.061 0.185 0.104]
 [0.023 0.043 0.069 0.024 0.006 0.012 0.064 0.005 0.063 0.01  0.079 0.125
  0.004 0.042 0.008 0.037 0.015 0.018 0.026 0.013 0.014 0.008 0.017 0.02
  0.011 0.026 0.117 0.013 0.046 0.026]
 [0.161 0.394 0.163 0.114 0.339 0.006 0.277 0.05  0.1   0.137 0.165 0.341
  0.026 0.28  0.045 0.103 0.077 0.116 0.106 0.038 0.082 0.081 0.034 0.13
  0.046 0.124 0.182 0.064 0.543 0.099]
 [0.109 0.076 0.109 0.062 0.126 0.03  0.005 0.03  0.156 0.056 0.145 0.165
  0.034 0.252 0.02  0.047 0.026 0.029 0.044 0.025 0.024 0.047 0.032 0.044
  0.047 0.024 0.089 0.042 0.105 0.079]
 [0.193 0.244 0.262 0.103 1.036 0.13  0.181 0.006 0.494 0.152 0.336 0.41
  0.036 0.474 0.072 0.259 0.046 0.154 0.111 0.071 0.043 0.109 0.076 0.094
  0.041 0.118 0.234 0.084 0.308 0.27 ]
 [0.048 0.051 0.106 0.046 0.091 0.067 0.044 0.012 0.008 0.053 0.155 0.301
  0.012 0.077 0.026 0.071 0.035 0.028 0.018 0.026 0.042 0.119 0.042 0.074
  0.021 0.055 0.079 0.043 0.196 0.098]
 [0.196 0.233 0.201 0.213 0.375 0.037 0.151 0.078 0.188 0.006 0.223 0.465
  0.038 0.21  0.096 0.286 0.083 0.079 0.091 0.033 0.166 0.143 0.068 0.163
  0.065 0.152 0.193 0.136 0.178 0.177]
 [0.058 0.044 0.121 0.022 0.071 0.038 0.048 0.016 0.039 0.027 0.008 0.053
  0.013 0.107 0.011 0.044 0.011 0.02  0.033 0.011 0.019 0.055 0.027 0.033
  0.006 0.01  0.073 0.014 0.126 0.017]
 [0.013 0.064 0.068 0.026 0.079 0.018 0.043 0.016 0.033 0.013 0.118 0.009
  0.011 0.027 0.013 0.024 0.014 0.019 0.026 0.01  0.014 0.024 0.02  0.017
  0.012 0.024 0.062 0.035 0.024 0.012]
 [0.347 0.785 0.307 0.162 1.223 0.331 0.222 0.226 0.372 0.301 0.527 0.86
  0.007 0.302 0.134 0.61  0.161 0.099 0.38  0.072 0.13  0.252 0.229 0.149
  0.102 0.216 0.592 0.195 0.337 0.166]
 [0.032 0.153 0.038 0.047 0.203 0.034 0.035 0.012 0.1   0.028 0.073 0.298
  0.017 0.007 0.01  0.023 0.014 0.018 0.03  0.028 0.022 0.02  0.028 0.059
  0.019 0.017 0.165 0.027 0.079 0.064]
 [0.372 0.57  0.531 0.216 0.34  0.175 0.285 0.142 0.267 0.078 0.259 0.535
  0.061 0.574 0.005 0.324 0.041 0.18  0.764 0.037 0.157 0.237 0.144 1.024
  0.096 0.284 0.284 0.199 0.229 0.344]
 [0.152 0.342 0.291 0.054 0.209 0.065 0.121 0.017 0.103 0.027 0.223 0.327
  0.012 0.244 0.021 0.007 0.03  0.025 0.031 0.014 0.022 0.054 0.045 0.046
  0.012 0.051 0.112 0.042 0.081 0.076]
 [0.378 0.322 0.319 0.168 0.394 0.056 0.278 0.121 0.186 0.132 0.527 0.388
  0.043 0.37  0.142 0.195 0.01  0.093 0.225 0.067 0.069 0.166 0.09  0.386
  0.12  0.171 0.314 0.106 0.447 0.257]
 [0.208 0.324 0.641 0.068 0.272 0.093 0.196 0.044 0.23  0.109 0.284 0.368
  0.06  0.395 0.044 0.36  0.072 0.006 0.148 0.073 0.057 0.109 0.069 0.114
  0.063 0.092 0.198 0.16  0.214 0.348]
 [0.21  0.141 0.116 0.096 0.248 0.061 0.133 0.053 0.214 0.068 0.19  0.321
  0.012 0.254 0.007 0.204 0.025 0.066 0.005 0.029 0.043 0.047 0.026 0.018
  0.033 0.092 0.337 0.098 0.152 0.178]
 [0.347 0.307 0.317 0.375 0.575 0.22  0.286 0.082 0.267 0.182 0.453 0.691
  0.144 0.21  0.211 0.421 0.089 0.086 0.186 0.008 0.132 0.259 0.083 0.598
  0.058 0.397 0.54  0.142 0.886 0.28 ]
 [0.178 0.313 0.503 0.103 0.39  0.09  0.285 0.224 0.204 0.046 0.37  0.44
  0.065 0.234 0.04  0.287 0.088 0.15  0.185 0.046 0.008 0.102 0.131 0.294
  0.063 0.099 0.207 0.163 0.458 0.086]
 [0.061 0.251 0.336 0.112 0.775 0.105 0.185 0.048 0.069 0.058 0.133 0.178
  0.027 0.229 0.023 0.162 0.034 0.052 0.12  0.02  0.082 0.006 0.064 0.138
  0.052 0.088 0.109 0.059 0.314 0.182]
 [0.23  0.295 0.176 0.109 0.34  0.14  0.272 0.107 0.158 0.16  0.23  0.371
  0.034 0.202 0.047 0.157 0.09  0.12  0.267 0.106 0.04  0.132 0.006 0.082
  0.02  0.206 0.362 0.11  0.321 0.095]
 [0.102 0.134 0.268 0.072 0.254 0.078 0.193 0.102 0.137 0.044 0.157 0.235
  0.046 0.157 0.008 0.11  0.02  0.044 0.316 0.01  0.02  0.072 0.091 0.007
  0.017 0.092 0.118 0.043 0.17  0.087]
 [0.254 0.446 0.239 0.433 0.5   0.115 0.173 0.231 0.236 0.088 1.066 0.497
  0.039 0.299 0.07  0.469 0.065 0.143 0.181 0.139 0.103 0.14  0.282 0.278
  0.01  0.999 0.41  0.144 0.77  0.287]
 [0.14  0.173 0.225 0.051 0.244 0.065 0.166 0.029 0.125 0.049 0.673 0.22
  0.028 0.313 0.018 0.159 0.051 0.083 0.058 0.017 0.084 0.091 0.037 0.102
  0.009 0.009 0.165 0.027 0.322 0.078]
 [0.052 0.026 0.038 0.02  0.061 0.027 0.053 0.024 0.092 0.038 0.063 0.153
  0.01  0.049 0.013 0.061 0.021 0.039 0.02  0.009 0.036 0.041 0.021 0.051
  0.015 0.041 0.008 0.034 0.216 0.063]
 [0.117 0.205 0.257 0.124 0.541 0.142 0.183 0.086 0.157 0.059 0.416 0.19
  0.04  0.191 0.028 0.123 0.088 0.066 0.079 0.061 0.044 0.121 0.069 0.148
  0.054 0.35  0.183 0.007 0.233 0.221]
 [0.025 0.062 0.101 0.038 0.126 0.013 0.051 0.016 0.039 0.038 0.091 0.156
  0.024 0.066 0.022 0.08  0.013 0.019 0.035 0.008 0.021 0.012 0.017 0.054
  0.007 0.025 0.041 0.029 0.007 0.037]
 [0.072 0.173 0.092 0.056 0.243 0.103 0.081 0.031 0.047 0.033 0.384 0.464
  0.043 0.119 0.017 0.108 0.031 0.019 0.029 0.024 0.069 0.047 0.083 0.092
  0.026 0.052 0.086 0.027 0.149 0.006]]
[[0.    0.    0.    0.    0.    0.    0.    0.    0.    0.    0.    0.337
  0.    0.    0.    0.    0.    0.    0.    0.    0.    0.    0.    0.
  0.    0.    0.    0.    0.    0.   ]
 [0.    0.    0.    0.    0.    0.    0.    0.    0.    0.    0.    0.
  0.    0.    0.    0.    0.    0.    0.    0.    0.    0.    0.    0.
  0.    0.    0.    0.    0.    0.   ]
 [0.    0.    0.    0.    0.    0.    0.    0.    0.    0.    0.    0.
  0.    0.    0.    0.    0.    0.    0.    0.    0.    0.    0.    0.
  0.    0.    0.    0.    0.    0.   ]
 [0.    0.    0.    0.    0.    0.    0.    0.    0.    0.    0.302 0.
  0.    0.    0.    0.    0.    0.    0.    0.    0.    0.    0.    0.
  0.    0.    0.    0.    0.    0.   ]
 [0.    0.    0.    0.    0.    0.    0.    0.    0.    0.    0.    0.
  0.    0.    0.    0.    0.    0.    0.    0.    0.    0.    0.    0.
  0.    0.    0.    0.    0.    0.   ]
 [0.    0.394 0.    0.    0.339 0.    0.    0.    0.    0.    0.    0.341
  0.    0.    0.    0.    0.    0.    0.    0.    0.    0.    0.    0.
  0.    0.    0.    0.    0.543 0.   ]
 [0.    0.    0.    0.    0.    0.    0.    0.    0.    0.    0.    0.
  0.    0.    0.    0.    0.    0.    0.    0.    0.    0.    0.    0.
  0.    0.    0.    0.    0.    0.   ]
 [0.    0.    0.    0.    1.036 0.    0.    0.    0.494 0.    0.336 0.41
  0.    0.474 0.    0.    0.    0.    0.    0.    0.    0.    0.    0.
  0.    0.    0.    0.    0.308 0.   ]
 [0.    0.    0.    0.    0.    0.    0.    0.    0.    0.    0.    0.301
  0.    0.    0.    0.    0.    0.    0.    0.    0.    0.    0.    0.
  0.    0.    0.    0.    0.    0.   ]
 [0.    0.    0.    0.    0.375 0.    0.    0.    0.    0.    0.    0.465
  0.    0.    0.    0.    0.    0.    0.    0.    0.    0.    0.    0.
  0.    0.    0.    0.    0.    0.   ]
 [0.    0.    0.    0.    0.    0.    0.    0.    0.    0.    0.    0.
  0.    0.    0.    0.    0.    0.    0.    0.    0.    0.    0.    0.
  0.    0.    0.    0.    0.    0.   ]
 [0.    0.    0.    0.    0.    0.    0.    0.    0.    0.    0.    0.
  0.    0.    0.    0.    0.    0.    0.    0.    0.    0.    0.    0.
  0.    0.    0.    0.    0.    0.   ]
 [0.347 0.785 0.307 0.    1.223 0.331 0.    0.    0.372 0.301 0.527 0.86
  0.    0.302 0.    0.61  0.    0.    0.38  0.    0.    0.    0.    0.
  0.    0.    0.592 0.    0.337 0.   ]
 [0.    0.    0.    0.    0.    0.    0.    0.    0.    0.    0.    0.
  0.    0.    0.    0.    0.    0.    0.    0.    0.    0.    0.    0.
  0.    0.    0.    0.    0.    0.   ]
 [0.372 0.57  0.531 0.    0.34  0.    0.    0.    0.    0.    0.    0.535
  0.    0.574 0.    0.324 0.    0.    0.764 0.    0.    0.    0.    1.024
  0.    0.    0.    0.    0.    0.344]
 [0.    0.342 0.    0.    0.    0.    0.    0.    0.    0.    0.    0.327
  0.    0.    0.    0.    0.    0.    0.    0.    0.    0.    0.    0.
  0.    0.    0.    0.    0.    0.   ]
 [0.378 0.322 0.319 0.    0.394 0.    0.    0.    0.    0.    0.527 0.388
  0.    0.37  0.    0.    0.    0.    0.    0.    0.    0.    0.    0.386
  0.    0.    0.314 0.    0.447 0.   ]
 [0.    0.324 0.641 0.    0.    0.    0.    0.    0.    0.    0.    0.368
  0.    0.395 0.    0.36  0.    0.    0.    0.    0.    0.    0.    0.
  0.    0.    0.    0.    0.    0.348]
 [0.    0.    0.    0.    0.    0.    0.    0.    0.    0.    0.    0.321
  0.    0.    0.    0.    0.    0.    0.    0.    0.    0.    0.    0.
  0.    0.    0.337 0.    0.    0.   ]
 [0.347 0.307 0.317 0.375 0.575 0.    0.    0.    0.    0.    0.453 0.691
  0.    0.    0.    0.421 0.    0.    0.    0.    0.    0.    0.    0.598
  0.    0.397 0.54  0.    0.886 0.   ]
 [0.    0.313 0.503 0.    0.39  0.    0.    0.    0.    0.    0.37  0.44
  0.    0.    0.    0.    0.    0.    0.    0.    0.    0.    0.    0.
  0.    0.    0.    0.    0.458 0.   ]
 [0.    0.    0.336 0.    0.775 0.    0.    0.    0.    0.    0.    0.
  0.    0.    0.    0.    0.    0.    0.    0.    0.    0.    0.    0.
  0.    0.    0.    0.    0.314 0.   ]
 [0.    0.    0.    0.    0.34  0.    0.    0.    0.    0.    0.    0.371
  0.    0.    0.    0.    0.    0.    0.    0.    0.    0.    0.    0.
  0.    0.    0.362 0.    0.321 0.   ]
 [0.    0.    0.    0.    0.    0.    0.    0.    0.    0.    0.    0.
  0.    0.    0.    0.    0.    0.    0.316 0.    0.    0.    0.    0.
  0.    0.    0.    0.    0.    0.   ]
 [0.    0.446 0.    0.433 0.5   0.    0.    0.    0.    0.    1.066 0.497
  0.    0.    0.    0.469 0.    0.    0.    0.    0.    0.    0.    0.
  0.    0.999 0.41  0.    0.77  0.   ]
 [0.    0.    0.    0.    0.    0.    0.    0.    0.    0.    0.673 0.
  0.    0.313 0.    0.    0.    0.    0.    0.    0.    0.    0.    0.
  0.    0.    0.    0.    0.322 0.   ]
 [0.    0.    0.    0.    0.    0.    0.    0.    0.    0.    0.    0.
  0.    0.    0.    0.    0.    0.    0.    0.    0.    0.    0.    0.
  0.    0.    0.    0.    0.    0.   ]
 [0.    0.    0.    0.    0.541 0.    0.    0.    0.    0.    0.416 0.
  0.    0.    0.    0.    0.    0.    0.    0.    0.    0.    0.    0.
  0.    0.35  0.    0.    0.    0.   ]
 [0.    0.    0.    0.    0.    0.    0.    0.    0.    0.    0.    0.
  0.    0.    0.    0.    0.    0.    0.    0.    0.    0.    0.    0.
  0.    0.    0.    0.    0.    0.   ]
 [0.    0.    0.    0.    0.    0.    0.    0.    0.    0.    0.384 0.464
  0.    0.    0.    0.    0.    0.    0.    0.    0.    0.    0.    0.
  0.    0.    0.    0.    0.    0.   ]]
{'fdr': 0.7843137254901961, 'tpr': 0.18333333333333332, 'fpr': 0.25396825396825395, 'f1': 0.19819819819819817, 'shd': 165, 'npred': 102, 'ntrue': 120}
[0.23  0.149 0.028 0.264 0.041 0.077 0.055 0.147 0.039 0.095 0.337 0.021
 0.2   0.01  0.052 0.016 0.036 0.022 0.019 0.04  0.104 0.024 0.08  0.034
 0.05  0.138 0.092 0.27  0.086 0.032 0.109 0.031 0.164 0.013 0.075 0.025
 0.092 0.023 0.184 0.107 0.011 0.047 0.012 0.023 0.017 0.023 0.059 0.022
 0.023 0.035 0.021 0.06  0.015 0.039 0.169 0.038 0.104 0.034 0.047 0.081
 0.045 0.111 0.033 0.082 0.018 0.069 0.042 0.054 0.129 0.023 0.186 0.014
 0.014 0.021 0.013 0.036 0.011 0.009 0.018 0.044 0.023 0.014 0.026 0.107
 0.028 0.063 0.055 0.276 0.263 0.21  0.299 0.068 0.108 0.052 0.196 0.042
 0.302 0.129 0.043 0.129 0.031 0.113 0.046 0.108 0.096 0.019 0.077 0.05
 0.069 0.092 0.018 0.163 0.29  0.061 0.185 0.104 0.023 0.043 0.069 0.024
 0.012 0.064 0.005 0.063 0.01  0.079 0.125 0.004 0.042 0.008 0.037 0.015
 0.018 0.026 0.013 0.014 0.008 0.017 0.02  0.011 0.026 0.117 0.013 0.046
 0.026 0.161 0.394 0.163 0.114 0.339 0.277 0.05  0.1   0.137 0.165 0.341
 0.026 0.28  0.045 0.103 0.077 0.116 0.106 0.038 0.082 0.081 0.034 0.13
 0.046 0.124 0.182 0.064 0.543 0.099 0.109 0.076 0.109 0.062 0.126 0.03
 0.03  0.156 0.056 0.145 0.165 0.034 0.252 0.02  0.047 0.026 0.029 0.044
 0.025 0.024 0.047 0.032 0.044 0.047 0.024 0.089 0.042 0.105 0.079 0.193
 0.244 0.262 0.103 1.036 0.13  0.181 0.494 0.152 0.336 0.41  0.036 0.474
 0.072 0.259 0.046 0.154 0.111 0.071 0.043 0.109 0.076 0.094 0.041 0.118
 0.234 0.084 0.308 0.27  0.048 0.051 0.106 0.046 0.091 0.067 0.044 0.012
 0.053 0.155 0.301 0.012 0.077 0.026 0.071 0.035 0.028 0.018 0.026 0.042
 0.119 0.042 0.074 0.021 0.055 0.079 0.043 0.196 0.098 0.196 0.233 0.201
 0.213 0.375 0.037 0.151 0.078 0.188 0.223 0.465 0.038 0.21  0.096 0.286
 0.083 0.079 0.091 0.033 0.166 0.143 0.068 0.163 0.065 0.152 0.193 0.136
 0.178 0.177 0.058 0.044 0.121 0.022 0.071 0.038 0.048 0.016 0.039 0.027
 0.053 0.013 0.107 0.011 0.044 0.011 0.02  0.033 0.011 0.019 0.055 0.027
 0.033 0.006 0.01  0.073 0.014 0.126 0.017 0.013 0.064 0.068 0.026 0.079
 0.018 0.043 0.016 0.033 0.013 0.118 0.011 0.027 0.013 0.024 0.014 0.019
 0.026 0.01  0.014 0.024 0.02  0.017 0.012 0.024 0.062 0.035 0.024 0.012
 0.347 0.785 0.307 0.162 1.223 0.331 0.222 0.226 0.372 0.301 0.527 0.86
 0.302 0.134 0.61  0.161 0.099 0.38  0.072 0.13  0.252 0.229 0.149 0.102
 0.216 0.592 0.195 0.337 0.166 0.032 0.153 0.038 0.047 0.203 0.034 0.035
 0.012 0.1   0.028 0.073 0.298 0.017 0.01  0.023 0.014 0.018 0.03  0.028
 0.022 0.02  0.028 0.059 0.019 0.017 0.165 0.027 0.079 0.064 0.372 0.57
 0.531 0.216 0.34  0.175 0.285 0.142 0.267 0.078 0.259 0.535 0.061 0.574
 0.324 0.041 0.18  0.764 0.037 0.157 0.237 0.144 1.024 0.096 0.284 0.284
 0.199 0.229 0.344 0.152 0.342 0.291 0.054 0.209 0.065 0.121 0.017 0.103
 0.027 0.223 0.327 0.012 0.244 0.021 0.03  0.025 0.031 0.014 0.022 0.054
 0.045 0.046 0.012 0.051 0.112 0.042 0.081 0.076 0.378 0.322 0.319 0.168
 0.394 0.056 0.278 0.121 0.186 0.132 0.527 0.388 0.043 0.37  0.142 0.195
 0.093 0.225 0.067 0.069 0.166 0.09  0.386 0.12  0.171 0.314 0.106 0.447
 0.257 0.208 0.324 0.641 0.068 0.272 0.093 0.196 0.044 0.23  0.109 0.284
 0.368 0.06  0.395 0.044 0.36  0.072 0.148 0.073 0.057 0.109 0.069 0.114
 0.063 0.092 0.198 0.16  0.214 0.348 0.21  0.141 0.116 0.096 0.248 0.061
 0.133 0.053 0.214 0.068 0.19  0.321 0.012 0.254 0.007 0.204 0.025 0.066
 0.029 0.043 0.047 0.026 0.018 0.033 0.092 0.337 0.098 0.152 0.178 0.347
 0.307 0.317 0.375 0.575 0.22  0.286 0.082 0.267 0.182 0.453 0.691 0.144
 0.21  0.211 0.421 0.089 0.086 0.186 0.132 0.259 0.083 0.598 0.058 0.397
 0.54  0.142 0.886 0.28  0.178 0.313 0.503 0.103 0.39  0.09  0.285 0.224
 0.204 0.046 0.37  0.44  0.065 0.234 0.04  0.287 0.088 0.15  0.185 0.046
 0.102 0.131 0.294 0.063 0.099 0.207 0.163 0.458 0.086 0.061 0.251 0.336
 0.112 0.775 0.105 0.185 0.048 0.069 0.058 0.133 0.178 0.027 0.229 0.023
 0.162 0.034 0.052 0.12  0.02  0.082 0.064 0.138 0.052 0.088 0.109 0.059
 0.314 0.182 0.23  0.295 0.176 0.109 0.34  0.14  0.272 0.107 0.158 0.16
 0.23  0.371 0.034 0.202 0.047 0.157 0.09  0.12  0.267 0.106 0.04  0.132
 0.082 0.02  0.206 0.362 0.11  0.321 0.095 0.102 0.134 0.268 0.072 0.254
 0.078 0.193 0.102 0.137 0.044 0.157 0.235 0.046 0.157 0.008 0.11  0.02
 0.044 0.316 0.01  0.02  0.072 0.091 0.017 0.092 0.118 0.043 0.17  0.087
 0.254 0.446 0.239 0.433 0.5   0.115 0.173 0.231 0.236 0.088 1.066 0.497
 0.039 0.299 0.07  0.469 0.065 0.143 0.181 0.139 0.103 0.14  0.282 0.278
 0.999 0.41  0.144 0.77  0.287 0.14  0.173 0.225 0.051 0.244 0.065 0.166
 0.029 0.125 0.049 0.673 0.22  0.028 0.313 0.018 0.159 0.051 0.083 0.058
 0.017 0.084 0.091 0.037 0.102 0.009 0.165 0.027 0.322 0.078 0.052 0.026
 0.038 0.02  0.061 0.027 0.053 0.024 0.092 0.038 0.063 0.153 0.01  0.049
 0.013 0.061 0.021 0.039 0.02  0.009 0.036 0.041 0.021 0.051 0.015 0.041
 0.034 0.216 0.063 0.117 0.205 0.257 0.124 0.541 0.142 0.183 0.086 0.157
 0.059 0.416 0.19  0.04  0.191 0.028 0.123 0.088 0.066 0.079 0.061 0.044
 0.121 0.069 0.148 0.054 0.35  0.183 0.233 0.221 0.025 0.062 0.101 0.038
 0.126 0.013 0.051 0.016 0.039 0.038 0.091 0.156 0.024 0.066 0.022 0.08
 0.013 0.019 0.035 0.008 0.021 0.012 0.017 0.054 0.007 0.025 0.041 0.029
 0.037 0.072 0.173 0.092 0.056 0.243 0.103 0.081 0.031 0.047 0.033 0.384
 0.464 0.043 0.119 0.017 0.108 0.031 0.019 0.029 0.024 0.069 0.047 0.083
 0.092 0.026 0.052 0.086 0.027 0.149]
[[0. 0. 0. 1. 0. 0. 0. 0. 0. 0. 0. 0. 0. 0. 0. 1. 0. 0. 1. 0. 0. 0. 0. 0.
  0. 0. 0. 0. 0. 0.]
 [0. 0. 0. 0. 0. 1. 0. 0. 1. 0. 0. 0. 0. 0. 0. 1. 0. 1. 0. 1. 0. 0. 1. 0.
  0. 0. 0. 0. 0. 0.]
 [0. 0. 0. 0. 0. 0. 0. 0. 0. 0. 0. 0. 0. 0. 0. 1. 0. 0. 0. 0. 0. 0. 0. 0.
  0. 0. 0. 0. 0. 0.]
 [0. 0. 0. 0. 0. 0. 0. 0. 0. 0. 0. 0. 0. 0. 0. 1. 0. 0. 0. 1. 0. 0. 0. 0.
  0. 0. 0. 0. 0. 0.]
 [0. 0. 0. 0. 0. 0. 0. 0. 0. 0. 0. 0. 0. 0. 0. 0. 0. 0. 1. 0. 0. 0. 1. 0.
  0. 0. 0. 0. 0. 0.]
 [0. 0. 0. 0. 0. 0. 1. 0. 0. 0. 0. 0. 0. 0. 0. 0. 0. 0. 0. 0. 0. 0. 0. 0.
  0. 0. 0. 0. 1. 0.]
 [0. 0. 0. 0. 0. 0. 0. 0. 0. 0. 0. 0. 0. 0. 0. 1. 0. 0. 0. 0. 0. 0. 0. 0.
  0. 0. 0. 0. 0. 0.]
 [0. 0. 0. 0. 1. 0. 0. 0. 1. 0. 0. 0. 0. 0. 0. 1. 0. 0. 0. 1. 0. 0. 0. 0.
  0. 0. 0. 0. 1. 0.]
 [1. 0. 0. 0. 0. 0. 0. 0. 0. 0. 0. 0. 0. 0. 0. 0. 0. 0. 0. 1. 0. 0. 0. 0.
  0. 0. 0. 0. 0. 0.]
 [0. 0. 0. 0. 0. 0. 0. 0. 1. 0. 0. 0. 1. 0. 0. 0. 0. 0. 0. 0. 0. 0. 0. 0.
  0. 0. 0. 0. 0. 1.]
 [1. 1. 0. 0. 0. 0. 0. 1. 0. 1. 0. 0. 0. 0. 0. 1. 0. 0. 0. 0. 0. 0. 0. 0.
  0. 0. 0. 0. 1. 0.]
 [0. 0. 0. 0. 0. 0. 1. 0. 1. 0. 0. 0. 0. 0. 0. 0. 0. 0. 0. 0. 0. 0. 0. 0.
  0. 0. 1. 0. 0. 0.]
 [0. 1. 0. 0. 1. 0. 0. 1. 1. 0. 0. 1. 0. 0. 0. 0. 0. 0. 1. 0. 0. 1. 0. 0.
  0. 0. 1. 0. 0. 0.]
 [0. 0. 1. 1. 0. 1. 0. 0. 0. 0. 0. 0. 0. 0. 0. 0. 0. 1. 0. 0. 0. 0. 0. 1.
  0. 0. 0. 0. 0. 1.]
 [0. 1. 0. 0. 0. 0. 0. 0. 0. 0. 0. 0. 1. 0. 0. 0. 0. 0. 0. 0. 0. 0. 1. 1.
  0. 0. 0. 0. 1. 0.]
 [0. 0. 0. 0. 0. 0. 0. 0. 0. 0. 0. 0. 0. 0. 0. 0. 0. 0. 0. 0. 0. 0. 0. 0.
  0. 0. 0. 0. 1. 0.]
 [0. 0. 0. 0. 0. 1. 1. 0. 1. 0. 0. 0. 1. 0. 1. 1. 0. 0. 1. 0. 1. 1. 0. 0.
  0. 0. 0. 0. 0. 0.]
 [0. 0. 0. 0. 0. 0. 0. 0. 1. 0. 0. 0. 0. 0. 0. 0. 0. 0. 1. 0. 0. 0. 0. 0.
  0. 0. 1. 0. 0. 0.]
 [0. 0. 0. 0. 0. 0. 0. 0. 0. 0. 0. 0. 0. 0. 0. 0. 0. 0. 0. 0. 0. 0. 0. 0.
  0. 0. 0. 0. 0. 0.]
 [0. 0. 0. 0. 0. 0. 0. 0. 0. 0. 0. 0. 0. 0. 0. 0. 0. 0. 1. 0. 0. 0. 0. 0.
  0. 0. 0. 0. 1. 0.]
 [0. 0. 0. 0. 1. 1. 0. 1. 0. 0. 0. 0. 0. 1. 0. 0. 0. 0. 0. 0. 0. 1. 1. 0.
  0. 1. 1. 0. 0. 0.]
 [0. 0. 1. 1. 1. 0. 1. 0. 0. 0. 0. 0. 0. 0. 0. 0. 0. 1. 0. 0. 0. 0. 0. 0.
  0. 0. 0. 0. 1. 1.]
 [0. 0. 0. 0. 0. 0. 1. 0. 0. 0. 0. 0. 0. 0. 0. 0. 0. 0. 1. 0. 0. 0. 0. 0.
  0. 0. 0. 0. 0. 0.]
 [1. 0. 0. 0. 0. 0. 1. 0. 0. 0. 0. 1. 0. 0. 0. 1. 0. 0. 1. 1. 0. 0. 0. 0.
  0. 0. 1. 0. 0. 0.]
 [0. 0. 1. 0. 0. 1. 1. 0. 1. 1. 1. 0. 0. 1. 0. 0. 0. 1. 0. 0. 0. 0. 1. 0.
  0. 1. 0. 0. 0. 1.]
 [0. 1. 0. 0. 0. 0. 0. 0. 0. 0. 0. 0. 0. 0. 0. 0. 0. 0. 0. 0. 0. 0. 1. 0.
  0. 0. 0. 0. 0. 0.]
 [0. 0. 0. 1. 0. 1. 0. 0. 0. 0. 0. 0. 0. 0. 0. 1. 0. 0. 1. 0. 0. 0. 1. 0.
  0. 0. 0. 0. 1. 0.]
 [1. 0. 0. 0. 0. 0. 0. 0. 0. 0. 0. 1. 0. 0. 0. 0. 0. 0. 0. 0. 0. 0. 1. 0.
  0. 1. 0. 0. 0. 0.]
 [0. 0. 0. 0. 0. 0. 0. 0. 0. 0. 0. 0. 0. 0. 0. 0. 0. 0. 0. 0. 0. 0. 0. 0.
  0. 0. 0. 0. 0. 0.]
 [0. 0. 0. 0. 0. 0. 0. 0. 0. 0. 0. 1. 0. 0. 0. 0. 0. 0. 1. 0. 0. 0. 0. 0.
  0. 0. 1. 0. 0. 0.]]
[0. 0. 1. 0. 0. 0. 0. 0. 0. 0. 0. 0. 0. 0. 1. 0. 0. 1. 0. 0. 0. 0. 0. 0.
 0. 0. 0. 0. 0. 0. 0. 0. 0. 1. 0. 0. 1. 0. 0. 0. 0. 0. 0. 1. 0. 1. 0. 1.
 0. 0. 1. 0. 0. 0. 0. 0. 0. 0. 0. 0. 0. 0. 0. 0. 0. 0. 0. 0. 0. 0. 0. 0.
 1. 0. 0. 0. 0. 0. 0. 0. 0. 0. 0. 0. 0. 0. 0. 0. 0. 0. 0. 0. 0. 0. 0. 0.
 0. 0. 0. 0. 0. 1. 0. 0. 0. 1. 0. 0. 0. 0. 0. 0. 0. 0. 0. 0. 0. 0. 0. 0.
 0. 0. 0. 0. 0. 0. 0. 0. 0. 0. 0. 0. 0. 1. 0. 0. 0. 1. 0. 0. 0. 0. 0. 0.
 0. 0. 0. 0. 0. 0. 1. 0. 0. 0. 0. 0. 0. 0. 0. 0. 0. 0. 0. 0. 0. 0. 0. 0.
 0. 0. 0. 0. 1. 0. 0. 0. 0. 0. 0. 0. 0. 0. 0. 0. 0. 0. 0. 0. 1. 0. 0. 0.
 0. 0. 0. 0. 0. 0. 0. 0. 0. 0. 0. 0. 0. 0. 0. 1. 0. 0. 1. 0. 0. 0. 0. 0.
 0. 1. 0. 0. 0. 1. 0. 0. 0. 0. 0. 0. 0. 0. 1. 0. 1. 0. 0. 0. 0. 0. 0. 0.
 0. 0. 0. 0. 0. 0. 0. 0. 0. 0. 1. 0. 0. 0. 0. 0. 0. 0. 0. 0. 0. 0. 0. 0.
 0. 0. 0. 0. 0. 1. 0. 0. 1. 0. 0. 0. 0. 0. 0. 0. 0. 0. 0. 0. 0. 0. 0. 0.
 0. 1. 1. 1. 0. 0. 0. 0. 0. 1. 0. 1. 0. 0. 0. 0. 1. 0. 0. 0. 0. 0. 0. 0.
 0. 0. 0. 0. 0. 1. 0. 0. 0. 0. 0. 0. 0. 1. 0. 1. 0. 0. 0. 0. 0. 0. 0. 0.
 0. 0. 0. 0. 0. 0. 0. 0. 1. 0. 0. 0. 0. 1. 0. 0. 1. 0. 0. 1. 1. 0. 0. 1.
 0. 0. 0. 0. 0. 1. 0. 0. 1. 0. 0. 0. 0. 1. 0. 0. 0. 0. 0. 1. 1. 0. 1. 0.
 0. 0. 0. 0. 0. 0. 0. 0. 0. 1. 0. 0. 0. 0. 0. 1. 0. 0. 0. 0. 0. 1. 0. 1.
 0. 0. 0. 0. 0. 0. 0. 0. 0. 0. 1. 0. 0. 0. 0. 0. 0. 0. 0. 1. 1. 0. 0. 0.
 0. 1. 0. 0. 0. 0. 0. 0. 0. 0. 0. 0. 0. 0. 0. 0. 0. 0. 0. 0. 0. 0. 0. 0.
 0. 0. 0. 0. 0. 0. 1. 0. 0. 0. 0. 0. 0. 1. 1. 0. 1. 0. 0. 0. 1. 0. 1. 1.
 0. 1. 0. 1. 1. 0. 0. 0. 0. 0. 0. 0. 0. 0. 0. 0. 0. 0. 0. 0. 0. 1. 0. 0.
 0. 0. 0. 0. 0. 0. 1. 0. 0. 0. 0. 0. 0. 0. 1. 0. 0. 0. 0. 0. 0. 0. 0. 0.
 0. 0. 0. 0. 0. 0. 0. 0. 0. 0. 0. 0. 0. 0. 0. 0. 0. 0. 0. 0. 0. 0. 0. 0.
 0. 0. 0. 0. 0. 0. 0. 0. 0. 0. 0. 0. 0. 0. 0. 0. 0. 1. 0. 0. 0. 0. 0. 0.
 0. 0. 1. 0. 0. 0. 0. 0. 1. 1. 0. 1. 0. 0. 0. 0. 0. 1. 0. 0. 0. 0. 0. 0.
 1. 1. 0. 0. 1. 1. 0. 0. 0. 0. 0. 1. 1. 1. 0. 1. 0. 0. 0. 0. 0. 0. 0. 0.
 0. 0. 1. 0. 0. 0. 0. 0. 0. 0. 0. 0. 1. 1. 0. 0. 0. 0. 0. 0. 1. 0. 0. 0.
 0. 0. 0. 0. 0. 0. 0. 0. 1. 0. 0. 0. 0. 0. 0. 0. 0. 0. 0. 1. 0. 0. 0. 0.
 0. 1. 0. 0. 0. 0. 1. 0. 0. 0. 1. 0. 0. 1. 1. 0. 0. 0. 0. 0. 1. 0. 0. 0.
 0. 0. 1. 0. 0. 1. 1. 0. 1. 1. 1. 0. 0. 1. 0. 0. 0. 1. 0. 0. 0. 0. 1. 0.
 1. 0. 0. 0. 1. 0. 1. 0. 0. 0. 0. 0. 0. 0. 0. 0. 0. 0. 0. 0. 0. 0. 0. 0.
 0. 0. 0. 1. 0. 0. 0. 0. 0. 0. 0. 0. 0. 1. 0. 1. 0. 0. 0. 0. 0. 0. 0. 0.
 0. 1. 0. 0. 1. 0. 0. 0. 1. 0. 0. 0. 0. 1. 0. 1. 0. 0. 0. 0. 0. 0. 0. 0.
 0. 0. 1. 0. 0. 0. 0. 0. 0. 0. 0. 0. 0. 1. 0. 0. 1. 0. 0. 0. 0. 0. 0. 0.
 0. 0. 0. 0. 0. 0. 0. 0. 0. 0. 0. 0. 0. 0. 0. 0. 0. 0. 0. 0. 0. 0. 0. 0.
 0. 0. 0. 0. 0. 0. 0. 0. 0. 0. 0. 0. 1. 0. 0. 0. 0. 0. 0. 1. 0. 0. 0. 0.
 0. 0. 0. 1. 0. 0.]
aucroc, aucpr (0.5956222222222223, 0.25998637710389083)
Iterations 567
Achieves (6.423795639751447, 1e-05)-DP
