samples  5000  graph  30 60 ER mim  minibatch size  50  noise  1.0  minibatches per NN training  250 quantile adaptive clipping
cuda
cuda
iteration 1 in inner loop,alpha 0.0 rho 1.0 h 2.144444827137683
iteration 1 in outer loop, alpha = 2.144444827137683, rho = 1.0, h = 2.144444827137683
cuda
iteration 1 in inner loop,alpha 2.144444827137683 rho 1.0 h 1.3256466874605835
iteration 2 in inner loop,alpha 2.144444827137683 rho 10.0 h 0.5131010328032026
iteration 2 in outer loop, alpha = 7.275455155169709, rho = 10.0, h = 0.5131010328032026
cuda
iteration 1 in inner loop,alpha 7.275455155169709 rho 10.0 h 0.28442514981965417
iteration 2 in inner loop,alpha 7.275455155169709 rho 100.0 h 0.09687583592673477
iteration 3 in outer loop, alpha = 16.963038747843186, rho = 100.0, h = 0.09687583592673477
cuda
iteration 1 in inner loop,alpha 16.963038747843186 rho 100.0 h 0.05565872169768937
iteration 2 in inner loop,alpha 16.963038747843186 rho 1000.0 h 0.017246591836673986
iteration 4 in outer loop, alpha = 34.20963058451717, rho = 1000.0, h = 0.017246591836673986
cuda
iteration 1 in inner loop,alpha 34.20963058451717 rho 1000.0 h 0.007536379858688491
iteration 2 in inner loop,alpha 34.20963058451717 rho 10000.0 h 0.0024562545468960195
iteration 5 in outer loop, alpha = 58.77217605347737, rho = 10000.0, h = 0.0024562545468960195
cuda
iteration 1 in inner loop,alpha 58.77217605347737 rho 10000.0 h 0.0010792499674714406
iteration 2 in inner loop,alpha 58.77217605347737 rho 100000.0 h 0.00042229828057926966
iteration 6 in outer loop, alpha = 101.00200411140433, rho = 100000.0, h = 0.00042229828057926966
cuda
iteration 1 in inner loop,alpha 101.00200411140433 rho 100000.0 h 0.00022015692463384084
iteration 7 in outer loop, alpha = 321.1589287452452, rho = 1000000.0, h = 0.00022015692463384084
Threshold 0.3
[[0.    0.    0.101 0.045 0.058 0.001 0.112 0.022 0.059 0.349 0.004 0.06
  0.001 0.006 0.002 0.028 0.009 0.049 0.055 0.88  0.041 0.001 0.149 0.019
  0.006 0.035 0.02  0.017 0.024 0.022]
 [0.    0.    0.016 0.004 0.011 0.684 1.881 0.087 0.113 0.002 0.007 0.034
  0.006 0.005 0.005 0.062 0.002 0.074 0.027 0.052 0.005 0.007 0.102 0.055
  0.002 0.014 0.002 0.081 0.085 0.032]
 [0.    0.    0.004 0.008 0.11  0.    0.068 0.05  0.001 0.    0.    0.
  0.    0.    0.    0.004 0.    0.014 0.058 0.124 0.001 0.    0.009 0.021
  0.    0.    0.019 0.013 0.022 0.008]
 [0.    0.    0.006 0.002 0.02  0.002 0.019 0.    0.    0.    0.    0.001
  0.    0.    0.    0.001 0.    0.    0.001 0.051 0.    0.    0.001 0.001
  0.    0.    0.    0.    0.059 0.   ]
 [0.    0.    0.002 0.006 0.003 0.004 0.011 0.012 0.001 0.    0.    0.
  0.    0.    0.    0.001 0.    0.001 0.001 0.159 0.    0.    0.006 0.001
  0.    0.    0.001 0.009 0.012 0.001]
 [0.    0.    0.05  0.042 0.014 0.003 0.049 0.046 0.083 0.    0.    0.065
  0.    0.    0.    0.002 0.    0.006 0.004 0.834 0.001 0.    0.032 0.009
  0.    0.001 0.011 0.004 0.003 0.001]
 [0.    0.    0.011 0.029 0.027 0.    0.003 0.021 0.005 0.    0.    0.001
  0.    0.    0.    0.017 0.    0.011 0.007 0.095 0.    0.    0.09  0.045
  0.    0.001 0.004 0.01  0.021 0.002]
 [0.    0.    0.009 1.484 0.009 0.013 0.027 0.003 0.    0.    0.    0.001
  0.    0.    0.    0.002 0.    0.    0.001 0.008 0.001 0.    0.005 0.
  0.    0.    0.001 0.    0.041 0.002]
 [0.    0.    0.052 0.008 0.042 0.005 0.043 0.059 0.003 0.001 0.    0.061
  0.    0.    0.    0.102 0.    0.045 0.757 1.093 0.    0.001 1.828 0.076
  0.    0.003 0.053 0.001 0.057 0.009]
 [0.    0.001 0.127 0.141 0.031 1.138 0.055 0.644 0.091 0.    0.001 2.485
  0.001 0.004 0.    0.27  0.007 0.183 0.025 0.097 0.009 0.    0.064 0.003
  0.    0.012 0.615 0.021 0.015 0.026]
 [0.001 0.001 0.027 0.188 0.033 0.015 0.09  0.079 0.9   0.014 0.    0.038
  0.005 0.001 0.017 0.028 0.004 0.055 0.064 0.103 0.052 0.009 0.031 0.068
  0.008 0.038 0.095 4.129 0.041 0.013]
 [0.    0.001 4.293 0.009 0.03  0.01  0.019 0.056 0.012 0.    0.    0.002
  0.    0.    0.    0.135 0.    0.09  0.033 0.151 0.002 0.    0.009 0.068
  0.    0.    0.441 0.024 0.028 0.012]
 [0.003 0.001 0.003 0.053 0.047 0.009 1.88  0.013 1.184 0.021 0.    0.05
  0.    0.001 0.009 0.125 0.001 0.098 0.002 0.001 0.025 0.023 0.071 0.385
  0.001 0.038 0.475 0.038 0.021 3.059]
 [0.001 0.    0.082 0.001 1.232 0.043 0.022 0.129 0.063 0.001 0.006 0.069
  0.006 0.    0.001 0.117 0.006 0.927 0.034 1.343 0.02  0.007 0.045 0.038
  0.007 0.005 0.142 0.068 0.008 0.004]
 [0.003 0.001 0.032 0.058 0.061 0.059 0.04  0.103 0.05  0.011 0.001 1.755
  0.    0.001 0.    0.012 0.001 0.188 0.023 0.007 0.015 0.008 0.119 0.763
  0.001 3.17  0.004 0.013 0.122 0.057]
 [0.    0.    0.049 0.008 0.072 0.029 0.019 0.059 0.011 0.    0.    0.004
  0.    0.    0.    0.004 0.    0.095 0.01  0.027 0.003 0.001 0.463 0.012
  0.    0.005 0.812 0.005 0.008 0.073]
 [0.    0.004 2.543 0.094 0.088 0.018 0.034 0.012 0.46  0.    0.001 0.003
  0.002 0.    0.004 0.013 0.    0.121 0.001 0.034 2.861 0.404 0.129 0.014
  0.004 0.004 0.049 0.051 0.073 0.042]
 [0.    0.    0.014 0.06  1.538 0.085 0.013 1.122 0.001 0.    0.    0.
  0.    0.    0.    0.003 0.    0.003 0.002 0.092 0.002 0.    0.013 0.001
  0.    0.001 0.003 0.011 0.206 0.001]
 [0.    0.    0.007 0.026 0.023 0.008 0.005 0.036 0.001 0.    0.    0.
  0.    0.    0.    0.001 0.    0.141 0.002 0.011 0.    0.    0.018 0.001
  0.    0.    0.01  0.006 0.035 0.001]
 [0.    0.    0.004 0.003 0.001 0.001 0.007 0.    0.001 0.    0.    0.
  0.    0.    0.    0.02  0.    0.001 0.01  0.003 0.    0.    0.072 0.009
  0.    0.    0.006 0.003 0.009 0.001]
 [0.    0.    0.036 0.007 0.006 0.843 0.014 0.032 1.731 0.001 0.    0.063
  0.001 0.001 0.001 0.019 0.    0.075 0.024 0.082 0.002 0.001 0.002 0.032
  0.    0.019 0.009 0.012 2.129 0.037]
 [0.    0.001 0.044 1.344 1.128 0.022 0.052 0.12  0.24  0.006 0.001 0.038
  0.001 0.    0.003 0.062 0.    0.7   0.07  0.07  0.331 0.001 0.105 0.204
  0.    0.03  0.249 0.051 1.581 2.038]
 [0.    0.    0.001 0.12  0.059 0.002 0.002 0.106 0.    0.    0.    0.002
  0.    0.    0.    0.004 0.    0.008 0.027 0.    0.    0.    0.003 0.
  0.    0.    0.178 0.    0.005 0.   ]
 [0.    0.    0.004 0.62  0.005 0.022 0.011 0.085 0.009 0.    0.    0.004
  0.    0.    0.    0.025 0.    0.128 1.185 0.024 0.004 0.    2.459 0.003
  0.    0.    0.394 0.004 0.179 0.   ]
 [0.001 0.003 0.059 0.078 0.02  0.1   1.496 0.026 0.01  0.035 0.    0.018
  0.007 0.    0.004 0.089 0.001 0.057 0.06  0.059 0.032 0.068 1.773 0.038
  0.    0.035 0.084 0.061 0.009 0.053]
 [0.001 0.    0.047 0.062 0.179 0.043 0.007 2.528 0.039 0.001 0.    0.303
  0.    0.004 0.    0.164 0.    1.17  0.072 0.036 0.003 0.    0.171 1.574
  0.001 0.002 0.223 0.03  2.219 0.069]
 [0.    0.    0.039 0.013 0.183 0.017 0.031 0.066 0.002 0.    0.    0.002
  0.    0.    0.    0.002 0.    0.64  0.056 0.029 0.001 0.001 0.01  0.002
  0.    0.    0.004 0.009 0.041 0.002]
 [0.001 0.    0.036 0.089 0.    0.034 0.029 1.365 0.167 0.001 0.    0.007
  0.001 0.    0.    0.02  0.    0.034 0.039 0.054 0.044 0.005 0.012 0.02
  0.    0.014 0.001 0.003 0.024 0.014]
 [0.    0.    0.036 0.003 0.053 0.112 0.016 0.006 0.013 0.    0.    0.002
  0.    0.    0.    0.019 0.    0.002 0.008 0.059 0.    0.    0.049 0.001
  0.    0.    0.    0.    0.002 0.002]
 [0.001 0.    0.029 0.079 0.062 0.62  0.201 0.046 0.037 0.001 0.    0.017
  0.    0.001 0.    0.001 0.    0.191 1.031 0.039 0.007 0.    0.045 0.401
  0.    0.    0.043 0.016 0.069 0.002]]
[[0.    0.    0.    0.    0.    0.    0.    0.    0.    0.349 0.    0.
  0.    0.    0.    0.    0.    0.    0.    0.88  0.    0.    0.    0.
  0.    0.    0.    0.    0.    0.   ]
 [0.    0.    0.    0.    0.    0.684 1.881 0.    0.    0.    0.    0.
  0.    0.    0.    0.    0.    0.    0.    0.    0.    0.    0.    0.
  0.    0.    0.    0.    0.    0.   ]
 [0.    0.    0.    0.    0.    0.    0.    0.    0.    0.    0.    0.
  0.    0.    0.    0.    0.    0.    0.    0.    0.    0.    0.    0.
  0.    0.    0.    0.    0.    0.   ]
 [0.    0.    0.    0.    0.    0.    0.    0.    0.    0.    0.    0.
  0.    0.    0.    0.    0.    0.    0.    0.    0.    0.    0.    0.
  0.    0.    0.    0.    0.    0.   ]
 [0.    0.    0.    0.    0.    0.    0.    0.    0.    0.    0.    0.
  0.    0.    0.    0.    0.    0.    0.    0.    0.    0.    0.    0.
  0.    0.    0.    0.    0.    0.   ]
 [0.    0.    0.    0.    0.    0.    0.    0.    0.    0.    0.    0.
  0.    0.    0.    0.    0.    0.    0.    0.834 0.    0.    0.    0.
  0.    0.    0.    0.    0.    0.   ]
 [0.    0.    0.    0.    0.    0.    0.    0.    0.    0.    0.    0.
  0.    0.    0.    0.    0.    0.    0.    0.    0.    0.    0.    0.
  0.    0.    0.    0.    0.    0.   ]
 [0.    0.    0.    1.484 0.    0.    0.    0.    0.    0.    0.    0.
  0.    0.    0.    0.    0.    0.    0.    0.    0.    0.    0.    0.
  0.    0.    0.    0.    0.    0.   ]
 [0.    0.    0.    0.    0.    0.    0.    0.    0.    0.    0.    0.
  0.    0.    0.    0.    0.    0.    0.757 1.093 0.    0.    1.828 0.
  0.    0.    0.    0.    0.    0.   ]
 [0.    0.    0.    0.    0.    1.138 0.    0.644 0.    0.    0.    2.485
  0.    0.    0.    0.    0.    0.    0.    0.    0.    0.    0.    0.
  0.    0.    0.615 0.    0.    0.   ]
 [0.    0.    0.    0.    0.    0.    0.    0.    0.9   0.    0.    0.
  0.    0.    0.    0.    0.    0.    0.    0.    0.    0.    0.    0.
  0.    0.    0.    4.129 0.    0.   ]
 [0.    0.    4.293 0.    0.    0.    0.    0.    0.    0.    0.    0.
  0.    0.    0.    0.    0.    0.    0.    0.    0.    0.    0.    0.
  0.    0.    0.441 0.    0.    0.   ]
 [0.    0.    0.    0.    0.    0.    1.88  0.    1.184 0.    0.    0.
  0.    0.    0.    0.    0.    0.    0.    0.    0.    0.    0.    0.385
  0.    0.    0.475 0.    0.    3.059]
 [0.    0.    0.    0.    1.232 0.    0.    0.    0.    0.    0.    0.
  0.    0.    0.    0.    0.    0.927 0.    1.343 0.    0.    0.    0.
  0.    0.    0.    0.    0.    0.   ]
 [0.    0.    0.    0.    0.    0.    0.    0.    0.    0.    0.    1.755
  0.    0.    0.    0.    0.    0.    0.    0.    0.    0.    0.    0.763
  0.    3.17  0.    0.    0.    0.   ]
 [0.    0.    0.    0.    0.    0.    0.    0.    0.    0.    0.    0.
  0.    0.    0.    0.    0.    0.    0.    0.    0.    0.    0.463 0.
  0.    0.    0.812 0.    0.    0.   ]
 [0.    0.    2.543 0.    0.    0.    0.    0.    0.46  0.    0.    0.
  0.    0.    0.    0.    0.    0.    0.    0.    2.861 0.404 0.    0.
  0.    0.    0.    0.    0.    0.   ]
 [0.    0.    0.    0.    1.538 0.    0.    1.122 0.    0.    0.    0.
  0.    0.    0.    0.    0.    0.    0.    0.    0.    0.    0.    0.
  0.    0.    0.    0.    0.    0.   ]
 [0.    0.    0.    0.    0.    0.    0.    0.    0.    0.    0.    0.
  0.    0.    0.    0.    0.    0.    0.    0.    0.    0.    0.    0.
  0.    0.    0.    0.    0.    0.   ]
 [0.    0.    0.    0.    0.    0.    0.    0.    0.    0.    0.    0.
  0.    0.    0.    0.    0.    0.    0.    0.    0.    0.    0.    0.
  0.    0.    0.    0.    0.    0.   ]
 [0.    0.    0.    0.    0.    0.843 0.    0.    1.731 0.    0.    0.
  0.    0.    0.    0.    0.    0.    0.    0.    0.    0.    0.    0.
  0.    0.    0.    0.    2.129 0.   ]
 [0.    0.    0.    1.344 1.128 0.    0.    0.    0.    0.    0.    0.
  0.    0.    0.    0.    0.    0.7   0.    0.    0.331 0.    0.    0.
  0.    0.    0.    0.    1.581 2.038]
 [0.    0.    0.    0.    0.    0.    0.    0.    0.    0.    0.    0.
  0.    0.    0.    0.    0.    0.    0.    0.    0.    0.    0.    0.
  0.    0.    0.    0.    0.    0.   ]
 [0.    0.    0.    0.62  0.    0.    0.    0.    0.    0.    0.    0.
  0.    0.    0.    0.    0.    0.    1.185 0.    0.    0.    2.459 0.
  0.    0.    0.394 0.    0.    0.   ]
 [0.    0.    0.    0.    0.    0.    1.496 0.    0.    0.    0.    0.
  0.    0.    0.    0.    0.    0.    0.    0.    0.    0.    1.773 0.
  0.    0.    0.    0.    0.    0.   ]
 [0.    0.    0.    0.    0.    0.    0.    2.528 0.    0.    0.    0.303
  0.    0.    0.    0.    0.    1.17  0.    0.    0.    0.    0.    1.574
  0.    0.    0.    0.    2.219 0.   ]
 [0.    0.    0.    0.    0.    0.    0.    0.    0.    0.    0.    0.
  0.    0.    0.    0.    0.    0.64  0.    0.    0.    0.    0.    0.
  0.    0.    0.    0.    0.    0.   ]
 [0.    0.    0.    0.    0.    0.    0.    1.365 0.    0.    0.    0.
  0.    0.    0.    0.    0.    0.    0.    0.    0.    0.    0.    0.
  0.    0.    0.    0.    0.    0.   ]
 [0.    0.    0.    0.    0.    0.    0.    0.    0.    0.    0.    0.
  0.    0.    0.    0.    0.    0.    0.    0.    0.    0.    0.    0.
  0.    0.    0.    0.    0.    0.   ]
 [0.    0.    0.    0.    0.    0.62  0.    0.    0.    0.    0.    0.
  0.    0.    0.    0.    0.    0.    1.031 0.    0.    0.    0.    0.401
  0.    0.    0.    0.    0.    0.   ]]
{'fdr': 0.11475409836065574, 'tpr': 0.9, 'fpr': 0.018666666666666668, 'f1': 0.8925619834710743, 'shd': 9, 'npred': 61, 'ntrue': 60}
[3.593e-04 1.005e-01 4.531e-02 5.814e-02 1.055e-03 1.120e-01 2.185e-02
 5.903e-02 3.487e-01 4.094e-03 6.045e-02 5.049e-04 6.173e-03 1.870e-03
 2.841e-02 8.746e-03 4.948e-02 5.539e-02 8.796e-01 4.091e-02 8.347e-04
 1.489e-01 1.946e-02 6.335e-03 3.510e-02 1.972e-02 1.699e-02 2.386e-02
 2.201e-02 4.465e-04 1.602e-02 3.810e-03 1.122e-02 6.837e-01 1.881e+00
 8.654e-02 1.126e-01 1.614e-03 7.468e-03 3.365e-02 6.251e-03 4.707e-03
 4.804e-03 6.157e-02 1.747e-03 7.374e-02 2.685e-02 5.171e-02 4.834e-03
 6.567e-03 1.020e-01 5.526e-02 2.017e-03 1.426e-02 2.029e-03 8.118e-02
 8.506e-02 3.178e-02 2.438e-05 1.293e-04 8.322e-03 1.095e-01 2.110e-04
 6.844e-02 4.962e-02 1.022e-03 3.060e-05 4.902e-05 5.911e-05 3.807e-05
 1.629e-04 3.205e-06 4.337e-03 1.453e-05 1.446e-02 5.835e-02 1.241e-01
 7.137e-04 2.336e-04 8.912e-03 2.057e-02 5.716e-05 3.900e-05 1.881e-02
 1.338e-02 2.224e-02 7.721e-03 2.045e-04 1.705e-04 6.036e-03 2.043e-02
 2.343e-03 1.907e-02 4.490e-04 3.092e-04 7.936e-05 7.314e-06 7.065e-04
 4.969e-05 9.461e-05 1.016e-06 1.348e-03 7.371e-05 6.831e-05 8.709e-04
 5.117e-02 2.499e-04 1.092e-04 1.079e-03 1.064e-03 1.224e-04 1.923e-05
 7.883e-05 5.839e-05 5.914e-02 4.290e-04 1.267e-04 9.767e-05 2.464e-03
 5.744e-03 3.590e-03 1.143e-02 1.202e-02 1.230e-03 2.609e-05 6.321e-05
 2.717e-04 6.010e-05 1.742e-05 3.491e-05 5.142e-04 3.725e-05 6.618e-04
 9.015e-04 1.589e-01 2.201e-04 8.727e-05 5.928e-03 1.088e-03 1.351e-04
 1.558e-04 1.018e-03 9.265e-03 1.182e-02 1.135e-03 5.993e-06 1.051e-05
 4.978e-02 4.209e-02 1.439e-02 4.899e-02 4.564e-02 8.293e-02 1.333e-04
 5.175e-05 6.451e-02 1.277e-05 3.434e-04 1.071e-04 1.774e-03 2.074e-05
 6.255e-03 3.519e-03 8.338e-01 6.193e-04 1.351e-04 3.244e-02 8.581e-03
 1.553e-04 5.636e-04 1.130e-02 3.546e-03 3.186e-03 1.166e-03 1.166e-04
 2.163e-05 1.057e-02 2.923e-02 2.710e-02 4.667e-04 2.067e-02 4.926e-03
 1.356e-04 1.119e-04 5.362e-04 1.930e-05 3.896e-04 1.126e-04 1.669e-02
 1.338e-04 1.062e-02 7.002e-03 9.463e-02 1.867e-04 8.266e-05 9.002e-02
 4.512e-02 1.619e-05 5.746e-04 4.029e-03 9.514e-03 2.083e-02 2.117e-03
 1.166e-04 1.569e-04 9.276e-03 1.484e+00 8.681e-03 1.311e-02 2.682e-02
 4.757e-04 9.958e-05 3.888e-06 1.175e-03 9.750e-05 5.805e-06 1.357e-06
 2.223e-03 4.253e-05 3.484e-04 7.838e-04 8.413e-03 6.559e-04 2.036e-04
 4.786e-03 4.812e-04 1.615e-04 9.821e-05 7.777e-04 3.214e-04 4.142e-02
 1.829e-03 3.059e-04 1.425e-04 5.152e-02 7.983e-03 4.239e-02 5.470e-03
 4.319e-02 5.851e-02 8.495e-04 6.527e-06 6.052e-02 5.011e-06 9.368e-05
 7.425e-05 1.015e-01 1.853e-06 4.538e-02 7.565e-01 1.093e+00 2.559e-04
 5.679e-04 1.828e+00 7.600e-02 1.541e-04 2.714e-03 5.265e-02 1.415e-03
 5.693e-02 8.676e-03 5.470e-05 1.246e-03 1.268e-01 1.407e-01 3.127e-02
 1.138e+00 5.508e-02 6.442e-01 9.140e-02 1.206e-03 2.485e+00 7.042e-04
 4.274e-03 1.350e-04 2.697e-01 6.737e-03 1.831e-01 2.455e-02 9.656e-02
 8.637e-03 2.877e-04 6.353e-02 2.891e-03 4.063e-04 1.195e-02 6.154e-01
 2.065e-02 1.466e-02 2.553e-02 5.473e-04 7.677e-04 2.680e-02 1.875e-01
 3.268e-02 1.518e-02 9.031e-02 7.904e-02 9.005e-01 1.392e-02 3.793e-02
 4.757e-03 5.130e-04 1.722e-02 2.831e-02 4.086e-03 5.456e-02 6.429e-02
 1.026e-01 5.150e-02 8.927e-03 3.109e-02 6.849e-02 8.168e-03 3.814e-02
 9.502e-02 4.129e+00 4.088e-02 1.257e-02 2.280e-04 5.691e-04 4.293e+00
 8.965e-03 3.013e-02 1.033e-02 1.937e-02 5.596e-02 1.223e-02 5.619e-05
 5.944e-05 1.055e-04 2.156e-04 2.860e-05 1.346e-01 1.608e-04 9.021e-02
 3.291e-02 1.508e-01 1.742e-03 4.096e-04 8.883e-03 6.806e-02 1.659e-04
 2.382e-04 4.411e-01 2.362e-02 2.795e-02 1.228e-02 3.333e-03 6.577e-04
 2.854e-03 5.316e-02 4.728e-02 9.106e-03 1.880e+00 1.269e-02 1.184e+00
 2.078e-02 1.510e-04 5.033e-02 7.744e-04 8.572e-03 1.246e-01 9.021e-04
 9.776e-02 2.399e-03 7.788e-04 2.472e-02 2.253e-02 7.127e-02 3.849e-01
 9.105e-04 3.762e-02 4.746e-01 3.756e-02 2.099e-02 3.059e+00 5.306e-04
 3.115e-04 8.230e-02 7.308e-04 1.232e+00 4.344e-02 2.153e-02 1.288e-01
 6.329e-02 1.225e-03 6.338e-03 6.910e-02 6.046e-03 1.050e-03 1.173e-01
 6.149e-03 9.274e-01 3.394e-02 1.343e+00 2.009e-02 6.518e-03 4.491e-02
 3.831e-02 6.817e-03 4.623e-03 1.419e-01 6.799e-02 8.063e-03 4.376e-03
 3.494e-03 8.201e-04 3.189e-02 5.751e-02 6.060e-02 5.912e-02 3.968e-02
 1.029e-01 5.043e-02 1.129e-02 6.576e-04 1.755e+00 3.987e-04 5.054e-04
 1.219e-02 1.150e-03 1.885e-01 2.280e-02 6.785e-03 1.546e-02 8.129e-03
 1.188e-01 7.628e-01 1.246e-03 3.170e+00 3.542e-03 1.331e-02 1.221e-01
 5.697e-02 2.947e-04 4.124e-04 4.870e-02 7.554e-03 7.182e-02 2.944e-02
 1.873e-02 5.946e-02 1.107e-02 4.545e-04 8.966e-05 4.048e-03 9.324e-05
 1.427e-04 5.405e-05 2.019e-04 9.534e-02 9.693e-03 2.726e-02 2.747e-03
 1.274e-03 4.625e-01 1.229e-02 1.411e-04 5.345e-03 8.117e-01 4.547e-03
 8.009e-03 7.337e-02 3.823e-04 3.962e-03 2.543e+00 9.365e-02 8.843e-02
 1.826e-02 3.380e-02 1.228e-02 4.595e-01 3.443e-04 7.914e-04 2.637e-03
 2.182e-03 3.695e-04 3.665e-03 1.270e-02 1.210e-01 1.170e-03 3.443e-02
 2.861e+00 4.038e-01 1.293e-01 1.379e-02 3.640e-03 3.534e-03 4.864e-02
 5.068e-02 7.262e-02 4.209e-02 8.612e-05 1.693e-04 1.389e-02 5.969e-02
 1.538e+00 8.505e-02 1.312e-02 1.122e+00 1.166e-03 5.769e-06 4.424e-05
 2.802e-04 5.498e-05 1.146e-05 1.870e-05 2.805e-03 8.278e-05 2.342e-03
 9.172e-02 1.952e-03 3.686e-04 1.336e-02 6.944e-04 1.339e-04 5.625e-04
 2.972e-03 1.066e-02 2.059e-01 1.334e-03 8.052e-05 2.144e-04 6.706e-03
 2.618e-02 2.258e-02 8.002e-03 5.037e-03 3.586e-02 9.890e-04 1.259e-04
 1.504e-05 1.860e-04 2.858e-05 2.191e-04 2.452e-05 8.579e-04 2.721e-05
 1.408e-01 1.126e-02 1.877e-04 6.044e-05 1.807e-02 6.644e-04 9.615e-05
 1.694e-04 1.048e-02 5.959e-03 3.505e-02 5.484e-04 1.302e-05 2.191e-05
 4.228e-03 3.447e-03 7.283e-04 9.342e-04 6.559e-03 4.887e-04 6.846e-04
 4.327e-05 8.098e-06 4.828e-04 8.504e-06 1.855e-05 1.078e-04 2.040e-02
 2.521e-05 9.854e-04 1.044e-02 1.459e-04 1.345e-04 7.217e-02 9.213e-03
 1.488e-04 4.194e-04 5.577e-03 2.726e-03 8.513e-03 9.381e-04 4.100e-04
 4.502e-04 3.636e-02 6.743e-03 6.245e-03 8.428e-01 1.402e-02 3.179e-02
 1.731e+00 8.323e-04 1.650e-04 6.329e-02 9.370e-04 5.595e-04 5.423e-04
 1.855e-02 9.046e-06 7.534e-02 2.448e-02 8.215e-02 1.476e-03 1.902e-03
 3.194e-02 4.449e-04 1.943e-02 8.569e-03 1.152e-02 2.129e+00 3.668e-02
 4.143e-04 9.847e-04 4.406e-02 1.344e+00 1.128e+00 2.225e-02 5.200e-02
 1.203e-01 2.400e-01 5.707e-03 7.807e-04 3.790e-02 8.639e-04 3.063e-04
 3.430e-03 6.199e-02 6.204e-05 6.995e-01 6.969e-02 6.964e-02 3.309e-01
 1.051e-01 2.044e-01 2.925e-04 3.032e-02 2.491e-01 5.100e-02 1.581e+00
 2.038e+00 8.896e-05 1.131e-04 1.251e-03 1.197e-01 5.913e-02 1.797e-03
 1.717e-03 1.057e-01 1.984e-04 2.281e-04 1.148e-05 1.826e-03 3.584e-05
 2.069e-04 2.073e-06 4.303e-03 1.777e-06 8.363e-03 2.695e-02 4.300e-04
 6.088e-05 3.871e-05 2.178e-04 1.827e-05 4.283e-05 1.784e-01 3.763e-04
 5.111e-03 5.517e-05 1.663e-04 1.151e-04 3.981e-03 6.198e-01 4.718e-03
 2.243e-02 1.131e-02 8.458e-02 8.962e-03 2.460e-04 1.361e-04 3.781e-03
 1.222e-05 8.876e-05 5.862e-06 2.479e-02 7.829e-05 1.278e-01 1.185e+00
 2.431e-02 3.972e-03 1.335e-04 2.459e+00 6.174e-05 3.232e-04 3.941e-01
 3.906e-03 1.789e-01 3.985e-04 1.220e-03 3.280e-03 5.851e-02 7.792e-02
 1.971e-02 9.977e-02 1.496e+00 2.553e-02 9.732e-03 3.450e-02 4.604e-04
 1.779e-02 7.288e-03 3.519e-04 3.956e-03 8.908e-02 7.130e-04 5.706e-02
 5.977e-02 5.862e-02 3.215e-02 6.835e-02 1.773e+00 3.846e-02 3.547e-02
 8.419e-02 6.115e-02 9.095e-03 5.323e-02 5.211e-04 4.945e-04 4.743e-02
 6.207e-02 1.794e-01 4.313e-02 7.087e-03 2.528e+00 3.912e-02 1.014e-03
 2.624e-04 3.031e-01 2.788e-04 4.291e-03 9.827e-06 1.639e-01 4.862e-04
 1.170e+00 7.180e-02 3.587e-02 3.259e-03 3.267e-04 1.712e-01 1.574e+00
 8.177e-04 2.225e-01 2.953e-02 2.219e+00 6.941e-02 7.932e-05 2.044e-04
 3.881e-02 1.301e-02 1.833e-01 1.659e-02 3.088e-02 6.628e-02 1.556e-03
 1.833e-04 1.218e-04 2.018e-03 1.497e-05 1.510e-04 6.925e-06 2.027e-03
 7.356e-05 6.396e-01 5.583e-02 2.878e-02 5.263e-04 8.016e-04 1.018e-02
 2.479e-03 6.928e-05 3.116e-04 8.864e-03 4.085e-02 1.704e-03 6.260e-04
 2.006e-04 3.584e-02 8.854e-02 2.006e-04 3.444e-02 2.930e-02 1.365e+00
 1.667e-01 6.308e-04 5.142e-07 6.633e-03 9.505e-04 3.405e-04 1.619e-04
 1.982e-02 1.613e-04 3.402e-02 3.948e-02 5.424e-02 4.393e-02 4.562e-03
 1.181e-02 1.958e-02 3.455e-04 1.402e-02 6.718e-04 2.354e-02 1.376e-02
 1.237e-04 1.193e-04 3.626e-02 2.625e-03 5.265e-02 1.115e-01 1.622e-02
 5.904e-03 1.286e-02 1.140e-04 7.553e-05 1.832e-03 1.987e-04 2.169e-04
 1.987e-06 1.854e-02 1.656e-06 2.006e-03 8.259e-03 5.873e-02 1.649e-04
 9.438e-05 4.931e-02 1.240e-03 1.385e-04 1.457e-04 2.030e-04 1.596e-04
 1.716e-03 5.998e-04 4.137e-04 2.913e-02 7.940e-02 6.205e-02 6.198e-01
 2.012e-01 4.618e-02 3.654e-02 1.238e-03 2.735e-04 1.741e-02 4.483e-06
 6.446e-04 1.564e-04 1.078e-03 1.234e-04 1.909e-01 1.031e+00 3.851e-02
 7.117e-03 9.017e-05 4.536e-02 4.007e-01 9.472e-05 3.818e-04 4.322e-02
 1.595e-02 6.879e-02]
[[0. 0. 0. 0. 0. 0. 0. 0. 0. 0. 0. 0. 0. 0. 0. 0. 0. 0. 0. 1. 0. 0. 0. 0.
  0. 0. 0. 0. 0. 0.]
 [0. 0. 0. 0. 0. 1. 1. 0. 0. 0. 0. 0. 0. 0. 0. 0. 0. 0. 0. 0. 0. 0. 0. 0.
  0. 0. 0. 0. 0. 0.]
 [0. 0. 0. 0. 0. 0. 0. 0. 0. 0. 0. 0. 0. 0. 0. 0. 0. 0. 0. 0. 0. 0. 0. 0.
  0. 0. 0. 0. 0. 0.]
 [0. 0. 0. 0. 0. 0. 0. 0. 0. 0. 0. 0. 0. 0. 0. 0. 0. 0. 0. 0. 0. 0. 0. 0.
  0. 0. 0. 0. 0. 0.]
 [0. 0. 0. 0. 0. 0. 0. 0. 0. 0. 0. 0. 0. 0. 0. 0. 0. 0. 0. 0. 0. 0. 0. 0.
  0. 0. 0. 0. 0. 0.]
 [0. 0. 0. 0. 0. 0. 0. 0. 0. 0. 0. 0. 0. 0. 0. 0. 0. 0. 0. 1. 0. 0. 0. 0.
  0. 0. 0. 0. 0. 0.]
 [0. 0. 0. 0. 0. 0. 0. 0. 0. 0. 0. 0. 0. 0. 0. 0. 0. 0. 0. 0. 0. 0. 0. 0.
  0. 0. 0. 0. 0. 0.]
 [0. 0. 0. 1. 0. 0. 0. 0. 0. 0. 0. 0. 0. 0. 0. 0. 0. 0. 0. 0. 0. 0. 0. 0.
  0. 0. 0. 0. 0. 0.]
 [0. 0. 0. 0. 0. 0. 0. 0. 0. 0. 0. 0. 0. 0. 0. 0. 0. 0. 1. 1. 0. 0. 1. 0.
  0. 0. 0. 0. 0. 0.]
 [1. 0. 0. 0. 0. 1. 0. 1. 0. 0. 0. 1. 0. 0. 0. 0. 0. 0. 0. 0. 0. 0. 0. 0.
  0. 0. 1. 0. 0. 0.]
 [0. 0. 0. 0. 0. 0. 0. 0. 1. 0. 0. 0. 0. 0. 0. 0. 0. 0. 0. 0. 0. 0. 0. 0.
  0. 0. 0. 1. 0. 0.]
 [0. 0. 1. 0. 0. 0. 0. 0. 0. 0. 0. 0. 0. 0. 0. 0. 0. 0. 0. 0. 0. 0. 0. 0.
  0. 0. 1. 0. 0. 0.]
 [0. 0. 0. 0. 0. 0. 1. 0. 1. 0. 0. 0. 0. 0. 0. 0. 0. 0. 0. 0. 0. 0. 0. 1.
  0. 0. 1. 0. 0. 1.]
 [0. 0. 0. 0. 1. 0. 0. 0. 0. 0. 0. 0. 0. 0. 0. 0. 0. 1. 0. 1. 0. 0. 0. 0.
  0. 0. 1. 0. 0. 0.]
 [0. 0. 0. 0. 0. 0. 0. 0. 0. 0. 0. 1. 0. 0. 0. 0. 0. 0. 0. 0. 0. 0. 0. 1.
  0. 1. 0. 0. 0. 0.]
 [0. 0. 0. 0. 0. 0. 0. 0. 0. 0. 0. 0. 0. 0. 0. 0. 0. 0. 0. 0. 0. 0. 0. 0.
  0. 0. 0. 0. 0. 0.]
 [0. 0. 1. 0. 0. 0. 0. 0. 1. 0. 0. 0. 0. 0. 0. 0. 0. 0. 0. 0. 1. 1. 0. 0.
  0. 0. 0. 0. 0. 0.]
 [0. 0. 0. 0. 1. 0. 0. 1. 0. 0. 0. 0. 0. 0. 0. 0. 0. 0. 0. 0. 0. 0. 0. 0.
  0. 0. 1. 0. 0. 0.]
 [0. 0. 0. 0. 0. 0. 0. 0. 0. 0. 0. 0. 0. 0. 0. 0. 0. 0. 0. 0. 0. 0. 0. 0.
  0. 0. 0. 0. 0. 0.]
 [0. 0. 0. 0. 0. 0. 0. 0. 0. 0. 0. 0. 0. 0. 0. 0. 0. 0. 0. 0. 0. 0. 0. 0.
  0. 0. 0. 0. 0. 0.]
 [0. 0. 0. 0. 0. 1. 0. 0. 1. 0. 0. 0. 0. 0. 0. 0. 0. 0. 0. 0. 0. 0. 0. 0.
  0. 0. 0. 0. 1. 0.]
 [0. 0. 0. 1. 1. 0. 0. 0. 1. 0. 0. 0. 0. 0. 0. 0. 0. 1. 0. 0. 0. 0. 0. 0.
  0. 0. 0. 0. 1. 1.]
 [0. 0. 0. 0. 0. 0. 0. 0. 0. 0. 0. 0. 0. 0. 0. 1. 0. 0. 0. 0. 0. 0. 0. 0.
  0. 0. 0. 0. 0. 0.]
 [0. 0. 0. 1. 0. 0. 0. 0. 0. 0. 0. 0. 0. 0. 0. 0. 0. 0. 1. 0. 0. 0. 1. 0.
  0. 0. 1. 0. 0. 0.]
 [0. 0. 0. 0. 0. 0. 1. 0. 0. 0. 0. 0. 0. 0. 0. 0. 0. 0. 0. 0. 0. 0. 1. 0.
  0. 0. 0. 0. 0. 0.]
 [0. 0. 0. 0. 0. 0. 0. 1. 0. 0. 0. 0. 0. 0. 0. 0. 0. 1. 0. 0. 0. 0. 0. 1.
  0. 0. 0. 0. 1. 0.]
 [0. 0. 0. 0. 0. 0. 0. 0. 0. 0. 0. 0. 0. 0. 0. 1. 0. 0. 0. 0. 0. 0. 0. 0.
  0. 0. 0. 0. 0. 0.]
 [0. 0. 0. 0. 0. 0. 0. 1. 0. 0. 0. 0. 0. 0. 0. 0. 0. 0. 0. 0. 0. 0. 0. 0.
  0. 0. 0. 0. 0. 0.]
 [0. 0. 0. 0. 0. 0. 0. 0. 0. 0. 0. 0. 0. 0. 0. 0. 0. 0. 0. 0. 0. 0. 0. 0.
  0. 0. 0. 0. 0. 0.]
 [0. 0. 0. 0. 0. 1. 0. 0. 0. 0. 0. 0. 0. 0. 0. 0. 0. 0. 1. 0. 0. 0. 0. 0.
  0. 0. 0. 0. 0. 0.]]
[0. 0. 0. 0. 0. 0. 0. 0. 0. 0. 0. 0. 0. 0. 0. 0. 0. 0. 1. 0. 0. 0. 0. 0.
 0. 0. 0. 0. 0. 0. 0. 0. 0. 1. 1. 0. 0. 0. 0. 0. 0. 0. 0. 0. 0. 0. 0. 0.
 0. 0. 0. 0. 0. 0. 0. 0. 0. 0. 0. 0. 0. 0. 0. 0. 0. 0. 0. 0. 0. 0. 0. 0.
 0. 0. 0. 0. 0. 0. 0. 0. 0. 0. 0. 0. 0. 0. 0. 0. 0. 0. 0. 0. 0. 0. 0. 0.
 0. 0. 0. 0. 0. 0. 0. 0. 0. 0. 0. 0. 0. 0. 0. 0. 0. 0. 0. 0. 0. 0. 0. 0.
 0. 0. 0. 0. 0. 0. 0. 0. 0. 0. 0. 0. 0. 0. 0. 0. 0. 0. 0. 0. 0. 0. 0. 0.
 0. 0. 0. 0. 0. 0. 0. 0. 0. 0. 0. 0. 0. 0. 0. 0. 0. 0. 0. 1. 0. 0. 0. 0.
 0. 0. 0. 0. 0. 0. 0. 0. 0. 0. 0. 0. 0. 0. 0. 0. 0. 0. 0. 0. 0. 0. 0. 0.
 0. 0. 0. 0. 0. 0. 0. 0. 0. 0. 0. 0. 0. 0. 1. 0. 0. 0. 0. 0. 0. 0. 0. 0.
 0. 0. 0. 0. 0. 0. 0. 0. 0. 0. 0. 0. 0. 0. 0. 0. 0. 0. 0. 0. 0. 0. 0. 0.
 0. 0. 0. 0. 0. 0. 0. 0. 0. 1. 1. 0. 0. 1. 0. 0. 0. 0. 0. 0. 0. 1. 0. 0.
 0. 0. 1. 0. 1. 0. 0. 1. 0. 0. 0. 0. 0. 0. 0. 0. 0. 0. 0. 0. 0. 0. 1. 0.
 0. 0. 0. 0. 0. 0. 0. 0. 0. 0. 1. 0. 0. 0. 0. 0. 0. 0. 0. 0. 0. 0. 0. 0.
 0. 0. 0. 0. 1. 0. 0. 0. 0. 1. 0. 0. 0. 0. 0. 0. 0. 0. 0. 0. 0. 0. 0. 0.
 0. 0. 0. 0. 0. 0. 0. 0. 1. 0. 0. 0. 0. 0. 0. 0. 0. 0. 1. 0. 1. 0. 0. 0.
 0. 0. 0. 0. 0. 0. 0. 0. 0. 0. 1. 0. 0. 1. 0. 0. 1. 0. 0. 0. 0. 1. 0. 0.
 0. 0. 0. 0. 0. 0. 0. 0. 0. 1. 0. 1. 0. 0. 0. 0. 0. 0. 1. 0. 0. 0. 0. 0.
 0. 0. 0. 0. 0. 0. 0. 0. 0. 1. 0. 0. 0. 0. 0. 0. 0. 0. 0. 0. 1. 0. 1. 0.
 0. 0. 0. 0. 0. 0. 0. 0. 0. 0. 0. 0. 0. 0. 0. 0. 0. 0. 0. 0. 0. 0. 0. 0.
 0. 0. 0. 0. 0. 0. 0. 0. 0. 0. 1. 0. 0. 0. 0. 0. 1. 0. 0. 0. 0. 0. 0. 0.
 0. 0. 0. 1. 1. 0. 0. 0. 0. 0. 0. 0. 0. 0. 0. 0. 0. 1. 0. 0. 1. 0. 0. 0.
 0. 0. 0. 0. 0. 0. 0. 0. 0. 0. 0. 0. 0. 0. 1. 0. 0. 0. 0. 0. 0. 0. 0. 0.
 0. 0. 0. 0. 0. 0. 0. 0. 0. 0. 0. 0. 0. 0. 0. 0. 0. 0. 0. 0. 0. 0. 0. 0.
 0. 0. 0. 0. 0. 0. 0. 0. 0. 0. 0. 0. 0. 0. 0. 0. 0. 0. 0. 0. 0. 0. 0. 0.
 0. 0. 0. 0. 0. 0. 0. 0. 0. 1. 0. 0. 1. 0. 0. 0. 0. 0. 0. 0. 0. 0. 0. 0.
 0. 0. 0. 0. 0. 0. 0. 1. 0. 0. 0. 0. 1. 1. 0. 0. 0. 1. 0. 0. 0. 0. 0. 0.
 0. 0. 1. 0. 0. 0. 0. 0. 0. 0. 0. 0. 1. 1. 0. 0. 0. 0. 0. 0. 0. 0. 0. 0.
 0. 0. 0. 0. 0. 1. 0. 0. 0. 0. 0. 0. 0. 0. 0. 0. 0. 0. 0. 0. 0. 0. 1. 0.
 0. 0. 0. 0. 0. 0. 0. 0. 0. 0. 0. 0. 0. 1. 0. 0. 0. 1. 0. 0. 1. 0. 0. 0.
 0. 0. 0. 0. 0. 0. 1. 0. 0. 0. 0. 0. 0. 0. 0. 0. 0. 0. 0. 0. 0. 0. 1. 0.
 0. 0. 0. 0. 0. 0. 0. 0. 0. 0. 0. 0. 1. 0. 0. 0. 0. 0. 0. 0. 0. 0. 1. 0.
 0. 0. 0. 0. 1. 0. 0. 0. 1. 0. 0. 0. 0. 0. 0. 0. 0. 0. 0. 0. 0. 0. 0. 0.
 0. 1. 0. 0. 0. 0. 0. 0. 0. 0. 0. 0. 0. 0. 0. 0. 0. 0. 0. 0. 0. 0. 1. 0.
 0. 0. 0. 0. 0. 0. 0. 0. 0. 0. 0. 0. 0. 0. 0. 0. 0. 0. 0. 0. 0. 0. 0. 0.
 0. 0. 0. 0. 0. 0. 0. 0. 0. 0. 0. 0. 0. 0. 0. 0. 0. 0. 0. 0. 0. 0. 0. 0.
 0. 0. 0. 0. 0. 0. 1. 0. 0. 0. 0. 0. 0. 0. 0. 0. 0. 0. 0. 1. 0. 0. 0. 0.
 0. 0. 0. 0. 0. 0.]
aucroc, aucpr (0.9562962962962962, 0.9229807680614648)
cuda
noise_multiplier  1.0  noise_multiplier_b  2.5  noise_multiplier_delta  1.0206207261596576
cuda
Objective function 291.21 = squared loss an data 35.20 + 0.5*rho*h**2 254.631624 + alpha*h 0.000000 + L2reg 0.55 + L1reg 0.82 ; SHD = 416 ; DAG False
total norm for a microbatch 31.90831841602513 clip 1.8511579101054196
total norm for a microbatch 15.765403895109543 clip 16.67854918297981
total norm for a microbatch 14.550429262861257 clip 16.40270698861933
total norm for a microbatch 19.209822341941205 clip 16.076241497119625
total norm for a microbatch 18.718084473622365 clip 17.451925137694573
total norm for a microbatch 15.522164732853156 clip 16.606938505189824
total norm for a microbatch 24.151928483618693 clip 17.020796622477608
total norm for a microbatch 17.79897536956447 clip 17.323295861685285
total norm for a microbatch 19.611165053427374 clip 18.45428574117209
total norm for a microbatch 15.135342426647936 clip 18.02001100069461
total norm for a microbatch 24.10524173993687 clip 18.367998025564596
total norm for a microbatch 30.75365493625403 clip 19.29794511262307
cuda
Objective function 29.45 = squared loss an data 25.60 + 0.5*rho*h**2 2.851495 + alpha*h 0.000000 + L2reg 0.48 + L1reg 0.51 ; SHD = 112 ; DAG False
Proportion of microbatches that were clipped  0.8025997093492653
iteration 1 in inner loop, alpha 0.0 rho 1.0 h 2.388093503034497
iteration 1 in outer loop, alpha = 2.388093503034497, rho = 1.0, h = 2.388093503034497
cuda
noise_multiplier  1.0  noise_multiplier_b  2.5  noise_multiplier_delta  1.0206207261596576
cuda
Objective function 35.16 = squared loss an data 25.60 + 0.5*rho*h**2 2.851495 + alpha*h 5.702991 + L2reg 0.48 + L1reg 0.51 ; SHD = 112 ; DAG False
total norm for a microbatch 25.632275832637063 clip 2.9274048785051345
total norm for a microbatch 22.155480331588652 clip 9.827362307325945
total norm for a microbatch 30.133236742629705 clip 12.751562309647179
total norm for a microbatch 27.39923041896394 clip 20.992639048082008
total norm for a microbatch 21.812084764703506 clip 21.610052475506482
total norm for a microbatch 27.037970077187158 clip 20.479180297947558
total norm for a microbatch 18.409655023232332 clip 20.07462271409406
total norm for a microbatch 23.14084073696359 clip 21.371194010929084
cuda
Objective function 31.41 = squared loss an data 25.01 + 0.5*rho*h**2 1.349757 + alpha*h 3.923685 + L2reg 0.64 + L1reg 0.48 ; SHD = 92 ; DAG True
Proportion of microbatches that were clipped  0.8027847895122547
iteration 1 in inner loop, alpha 2.388093503034497 rho 1.0 h 1.6430199492202462
noise_multiplier  1.0  noise_multiplier_b  2.5  noise_multiplier_delta  1.0206207261596576
cuda
Objective function 43.56 = squared loss an data 25.01 + 0.5*rho*h**2 13.497573 + alpha*h 3.923685 + L2reg 0.64 + L1reg 0.48 ; SHD = 92 ; DAG True
total norm for a microbatch 27.956692714924216 clip 3.259756890234208
total norm for a microbatch 26.264884696197623 clip 25.439374765722246
total norm for a microbatch 29.60048027385468 clip 27.125700534627278
total norm for a microbatch 33.36407098394531 clip 25.743935790233216
total norm for a microbatch 26.63995932940356 clip 27.48228277735475
total norm for a microbatch 48.05193906266834 clip 25.032630781376614
total norm for a microbatch 28.233000761008395 clip 25.503512370613574
total norm for a microbatch 28.53969631657138 clip 25.176198677884827
total norm for a microbatch 29.53522158882099 clip 25.03672401646426
total norm for a microbatch 21.305784212109845 clip 25.939809702960464
total norm for a microbatch 29.3702111867089 clip 25.875856557005758
total norm for a microbatch 23.65912727435648 clip 26.18686533883658
total norm for a microbatch 36.12462214977088 clip 25.862565739590377
cuda
Objective function 31.47 = squared loss an data 25.70 + 0.5*rho*h**2 2.789372 + alpha*h 1.783691 + L2reg 0.77 + L1reg 0.43 ; SHD = 100 ; DAG True
Proportion of microbatches that were clipped  0.8079273195047435
iteration 2 in inner loop, alpha 2.388093503034497 rho 10.0 h 0.7469098882413014
noise_multiplier  1.0  noise_multiplier_b  2.5  noise_multiplier_delta  1.0206207261596576
cuda
Objective function 56.58 = squared loss an data 25.70 + 0.5*rho*h**2 27.893719 + alpha*h 1.783691 + L2reg 0.77 + L1reg 0.43 ; SHD = 100 ; DAG True
total norm for a microbatch 75.33028780462475 clip 1.0
total norm for a microbatch 38.09004953876297 clip 6.895783329617075
total norm for a microbatch 27.76505226608875 clip 6.895783329617075
total norm for a microbatch 39.22590655999547 clip 18.477762008719147
total norm for a microbatch 44.33056352138318 clip 29.354648677870564
total norm for a microbatch 30.789630921095704 clip 32.958293456298506
total norm for a microbatch 41.745486461375165 clip 31.743852603624042
total norm for a microbatch 53.927113717680214 clip 29.758381026010426
total norm for a microbatch 41.36752380537775 clip 28.73278808260215
total norm for a microbatch 31.468446208358984 clip 28.101693369421188
total norm for a microbatch 27.717297576227953 clip 29.042450092508393
total norm for a microbatch 25.875573497355145 clip 29.28599390250167
total norm for a microbatch 26.40451406463215 clip 29.026115038738517
total norm for a microbatch 32.01188470620678 clip 28.631218169965305
total norm for a microbatch 38.13725993260081 clip 29.175426162144372
total norm for a microbatch 27.35510497711013 clip 28.85868323339313
total norm for a microbatch 31.771355364701478 clip 29.085570471452293
cuda
Objective function 31.98 = squared loss an data 26.63 + 0.5*rho*h**2 3.516241 + alpha*h 0.633294 + L2reg 0.83 + L1reg 0.37 ; SHD = 99 ; DAG True
Proportion of microbatches that were clipped  0.8077829230644245
iteration 3 in inner loop, alpha 2.388093503034497 rho 100.0 h 0.2651882573387354
iteration 2 in outer loop, alpha = 28.90691923690804, rho = 100.0, h = 0.2651882573387354
cuda
noise_multiplier  1.0  noise_multiplier_b  2.5  noise_multiplier_delta  1.0206207261596576
cuda
Objective function 39.01 = squared loss an data 26.63 + 0.5*rho*h**2 3.516241 + alpha*h 7.665776 + L2reg 0.83 + L1reg 0.37 ; SHD = 99 ; DAG True
total norm for a microbatch 40.370152244525244 clip 1.2929899128129856
total norm for a microbatch 45.283022801756786 clip 2.2065959255337204
total norm for a microbatch 31.470256714952136 clip 2.883073826190332
total norm for a microbatch 41.78116561188197 clip 9.253742714706249
total norm for a microbatch 26.542863134243188 clip 31.868176229837147
total norm for a microbatch 36.839576209397435 clip 33.74255133637555
total norm for a microbatch 43.8958853067475 clip 34.77326733883657
total norm for a microbatch 47.08348572397532 clip 32.49678926441702
total norm for a microbatch 35.86302603477031 clip 33.261623480458034
total norm for a microbatch 29.448012354613013 clip 32.037349101117265
total norm for a microbatch 44.44561489268067 clip 32.90750595988469
total norm for a microbatch 26.030038000805526 clip 32.849287976167716
total norm for a microbatch 44.441868627871344 clip 34.13010820692797
total norm for a microbatch 34.90117100264237 clip 31.081132919256387
total norm for a microbatch 38.06472947255861 clip 32.01975694782778
cuda
Objective function 34.56 = squared loss an data 26.69 + 0.5*rho*h**2 1.530372 + alpha*h 5.057260 + L2reg 0.91 + L1reg 0.37 ; SHD = 109 ; DAG True
Proportion of microbatches that were clipped  0.806808992398512
iteration 1 in inner loop, alpha 28.90691923690804 rho 100.0 h 0.17494980191017717
noise_multiplier  1.0  noise_multiplier_b  2.5  noise_multiplier_delta  1.0206207261596576
cuda
Objective function 48.33 = squared loss an data 26.69 + 0.5*rho*h**2 15.303717 + alpha*h 5.057260 + L2reg 0.91 + L1reg 0.37 ; SHD = 109 ; DAG True
total norm for a microbatch 47.14737077476302 clip 1.6994152444932447
total norm for a microbatch 49.59218536454374 clip 3.737997185022944
total norm for a microbatch 59.26159468020505 clip 44.29859712869322
total norm for a microbatch 53.92628801817413 clip 44.29859712869322
total norm for a microbatch 50.356582653406875 clip 48.11387388916123
total norm for a microbatch 51.51770290397108 clip 46.917871178336306
total norm for a microbatch 51.42706031054145 clip 46.04770214783581
total norm for a microbatch 45.123435123425146 clip 46.14826111117938
total norm for a microbatch 39.071341457061315 clip 37.89484173163448
total norm for a microbatch 40.27294071695558 clip 36.08619282172906
total norm for a microbatch 34.22723371744998 clip 36.91502519886446
total norm for a microbatch 34.96805048634762 clip 36.91502519886446
total norm for a microbatch 40.320771799953704 clip 36.460678993651165
total norm for a microbatch 41.17485601322464 clip 36.0803773087807
cuda
Objective function 34.43 = squared loss an data 27.02 + 0.5*rho*h**2 3.596904 + alpha*h 2.451778 + L2reg 1.00 + L1reg 0.36 ; SHD = 123 ; DAG True
Proportion of microbatches that were clipped  0.8140979689366786
iteration 2 in inner loop, alpha 28.90691923690804 rho 1000.0 h 0.08481631705157966
noise_multiplier  1.0  noise_multiplier_b  2.5  noise_multiplier_delta  1.0206207261596576
cuda
Objective function 66.80 = squared loss an data 27.02 + 0.5*rho*h**2 35.969038 + alpha*h 2.451778 + L2reg 1.00 + L1reg 0.36 ; SHD = 123 ; DAG True
total norm for a microbatch 334.50117368226694 clip 1.3285360296189497
total norm for a microbatch 141.17949341825874 clip 2.342497264749504
total norm for a microbatch 145.9781632669278 clip 87.65018397465717
total norm for a microbatch 182.42985685310776 clip 114.91415144227943
total norm for a microbatch 189.34069265870144 clip 124.55547421293674
total norm for a microbatch 257.9539338408928 clip 244.44436395830635
total norm for a microbatch 139.47730125051632 clip 131.0615808486295
total norm for a microbatch 99.28287112743938 clip 83.84809132564077
total norm for a microbatch 29.42131322445957 clip 32.45971876329746
total norm for a microbatch 40.15973133056701 clip 31.33747131160285
total norm for a microbatch 53.6581766619589 clip 32.43453714527658
total norm for a microbatch 32.5817055578715 clip 32.43453714527658
cuda
Objective function 29.95 = squared loss an data 27.28 + 0.5*rho*h**2 0.903960 + alpha*h 0.388679 + L2reg 1.05 + L1reg 0.32 ; SHD = 131 ; DAG True
Proportion of microbatches that were clipped  0.8112590702495813
iteration 3 in inner loop, alpha 28.90691923690804 rho 10000.0 h 0.013445893682305865
iteration 3 in outer loop, alpha = 163.3658560599667, rho = 10000.0, h = 0.013445893682305865
cuda
noise_multiplier  1.0  noise_multiplier_b  2.5  noise_multiplier_delta  1.0206207261596576
cuda
Objective function 31.76 = squared loss an data 27.28 + 0.5*rho*h**2 0.903960 + alpha*h 2.196600 + L2reg 1.05 + L1reg 0.32 ; SHD = 131 ; DAG True
total norm for a microbatch 42.08649677293414 clip 1.0
total norm for a microbatch 193.25639556755732 clip 64.33751086047766
total norm for a microbatch 365.1233487928902 clip 276.70890176714744
total norm for a microbatch 338.1781370768292 clip 301.54309965749866
total norm for a microbatch 121.85267015400655 clip 129.91144529310202
total norm for a microbatch 45.1860750282142 clip 41.36529546693989
total norm for a microbatch 39.38084047506805 clip 34.40917805472508
total norm for a microbatch 47.22757837228298 clip 35.18539755650041
total norm for a microbatch 36.825405823090136 clip 35.86940505827964
total norm for a microbatch 34.46605503427374 clip 32.89655175481173
total norm for a microbatch 44.76887843060283 clip 31.857225410730422
cuda
Objective function 30.70 = squared loss an data 27.71 + 0.5*rho*h**2 0.289085 + alpha*h 1.242193 + L2reg 1.12 + L1reg 0.33 ; SHD = 148 ; DAG True
Proportion of microbatches that were clipped  0.8107571303726067
iteration 1 in inner loop, alpha 163.3658560599667 rho 10000.0 h 0.007603750618109473
noise_multiplier  1.0  noise_multiplier_b  2.5  noise_multiplier_delta  1.0206207261596576
cuda
Objective function 33.30 = squared loss an data 27.71 + 0.5*rho*h**2 2.890851 + alpha*h 1.242193 + L2reg 1.12 + L1reg 0.33 ; SHD = 148 ; DAG True
total norm for a microbatch 1179.3317810458097 clip 35.839554808996
total norm for a microbatch 1957.3693098462697 clip 125.24951506921897
total norm for a microbatch 3634.460613615899 clip 959.7479506671381
total norm for a microbatch 4489.929155245739 clip 1058.3237124612149
total norm for a microbatch 4488.604780901648 clip 1058.3237124612149
total norm for a microbatch 15667.691488455737 clip 15767.20889984093
total norm for a microbatch 9838.349251897542 clip 9177.076386842557
total norm for a microbatch 527.3127926274499 clip 470.86063004871033
total norm for a microbatch 126.81293851593644 clip 95.95940317458444
total norm for a microbatch 86.76087066635263 clip 81.80498361614542
total norm for a microbatch 52.77676409049199 clip 42.765538333367225
total norm for a microbatch 45.05746131240917 clip 43.20072176399569
total norm for a microbatch 42.6584550608408 clip 40.7464440629061
cuda
Objective function 37.08 = squared loss an data 32.78 + 0.5*rho*h**2 1.705062 + alpha*h 0.953996 + L2reg 1.27 + L1reg 0.38 ; SHD = 177 ; DAG True
Proportion of microbatches that were clipped  0.811983636801155
iteration 2 in inner loop, alpha 163.3658560599667 rho 100000.0 h 0.005839626776300122
iteration 4 in outer loop, alpha = 6002.9926323600885, rho = 1000000.0, h = 0.005839626776300122
Threshold 0.3
[[0.    0.082 0.133 0.537 0.223 0.12  0.368 0.032 0.353 0.024 0.003 0.071
  0.004 0.031 0.006 0.027 0.028 0.008 0.015 0.368 0.006 0.061 0.123 0.122
  0.131 0.174 0.161 0.273 0.153 0.268]
 [0.072 0.001 0.544 0.423 0.378 0.323 0.754 0.017 0.269 0.043 0.035 0.035
  0.002 0.002 0.004 0.023 0.034 0.01  0.084 0.414 0.002 0.106 0.212 0.199
  0.249 0.229 0.106 0.398 0.278 0.443]
 [0.018 0.001 0.001 0.024 0.069 0.023 0.022 0.001 0.126 0.001 0.    0.001
  0.    0.001 0.    0.002 0.001 0.001 0.002 0.024 0.001 0.003 0.06  0.003
  0.019 0.028 0.012 0.076 0.006 0.005]
 [0.001 0.001 0.181 0.001 0.432 0.034 0.252 0.003 0.244 0.011 0.001 0.005
  0.001 0.001 0.001 0.005 0.011 0.002 0.014 0.167 0.001 0.01  0.021 0.006
  0.03  0.132 0.055 0.322 0.058 0.069]
 [0.004 0.002 0.105 0.002 0.001 0.004 0.035 0.001 0.076 0.002 0.001 0.003
  0.    0.001 0.001 0.001 0.002 0.001 0.002 0.029 0.    0.003 0.01  0.007
  0.011 0.042 0.049 0.067 0.008 0.002]
 [0.034 0.004 0.167 0.157 0.357 0.001 0.164 0.005 0.129 0.002 0.001 0.003
  0.001 0.005 0.003 0.001 0.001 0.007 0.014 0.195 0.002 0.006 0.113 0.012
  0.082 0.104 0.167 0.092 0.164 0.133]
 [0.002 0.001 0.168 0.01  0.126 0.031 0.001 0.001 0.136 0.001 0.    0.001
  0.    0.001 0.001 0.002 0.001 0.004 0.002 0.028 0.001 0.002 0.021 0.002
  0.039 0.082 0.015 0.099 0.019 0.075]
 [0.128 0.174 0.519 0.416 0.663 0.314 0.501 0.001 0.393 0.179 0.107 0.155
  0.037 0.013 0.016 0.131 0.055 0.169 0.155 0.54  0.108 0.189 0.651 0.233
  0.284 0.337 0.209 0.477 0.324 0.43 ]
 [0.003 0.003 0.041 0.012 0.093 0.028 0.052 0.002 0.001 0.002 0.001 0.001
  0.    0.    0.001 0.    0.001 0.002 0.004 0.042 0.001 0.002 0.04  0.001
  0.062 0.014 0.058 0.151 0.019 0.035]
 [0.196 0.124 0.333 0.247 0.321 0.456 0.577 0.034 0.363 0.001 0.067 0.047
  0.004 0.037 0.011 0.197 0.096 0.068 0.079 0.247 0.036 0.061 0.259 0.17
  0.156 0.327 0.22  0.269 0.365 0.244]
 [0.342 0.127 1.176 0.594 0.426 0.649 1.078 0.049 0.806 0.1   0.001 0.141
  0.018 0.149 0.041 0.116 0.188 0.075 0.282 0.606 0.104 0.183 0.379 0.339
  0.405 0.399 0.505 1.654 0.283 0.45 ]
 [0.075 0.148 0.922 0.3   0.303 0.336 0.795 0.038 0.505 0.128 0.035 0.001
  0.03  0.09  0.003 0.109 0.027 0.115 0.086 0.65  0.053 0.126 0.362 0.099
  0.511 0.399 0.176 0.325 0.206 0.229]
 [0.367 0.417 1.013 0.623 1.218 0.662 0.82  0.165 0.957 0.347 0.184 0.161
  0.001 0.13  0.117 0.309 0.226 0.145 0.249 0.4   0.145 0.177 0.628 0.387
  0.507 0.58  0.485 0.631 0.482 0.404]
 [0.146 0.347 0.702 0.586 0.758 0.253 0.69  0.195 0.78  0.161 0.035 0.078
  0.049 0.    0.045 0.118 0.124 0.086 0.142 0.414 0.102 0.233 0.435 0.234
  0.395 0.713 0.362 0.412 0.425 0.501]
 [0.296 0.278 0.78  0.517 0.603 0.304 0.654 0.175 0.35  0.251 0.092 0.401
  0.066 0.105 0.001 0.237 0.324 0.168 0.446 0.492 0.116 0.179 0.262 0.478
  0.794 0.752 0.715 1.167 0.557 0.676]
 [0.17  0.224 0.42  0.259 0.51  0.538 0.401 0.037 0.918 0.022 0.055 0.048
  0.004 0.037 0.01  0.001 0.086 0.057 0.15  0.573 0.084 0.13  0.373 0.261
  0.417 0.393 0.629 0.464 0.181 0.238]
 [0.169 0.142 0.46  0.232 0.248 0.51  0.707 0.123 0.733 0.074 0.022 0.163
  0.013 0.058 0.005 0.069 0.    0.032 0.137 0.358 0.113 0.121 0.435 0.151
  0.254 0.361 0.411 0.498 0.133 0.341]
 [0.252 0.228 0.703 0.513 0.562 0.27  0.268 0.02  0.367 0.079 0.083 0.066
  0.033 0.069 0.014 0.1   0.137 0.001 0.255 0.535 0.058 0.085 0.274 0.104
  0.241 0.301 0.503 0.922 0.204 0.229]
 [0.195 0.054 0.378 0.216 0.48  0.199 0.448 0.032 0.307 0.079 0.005 0.058
  0.007 0.038 0.001 0.029 0.038 0.005 0.001 0.422 0.007 0.077 0.196 0.069
  0.249 0.356 0.307 0.387 0.322 0.204]
 [0.003 0.002 0.168 0.029 0.128 0.021 0.166 0.001 0.147 0.007 0.001 0.001
  0.001 0.001 0.001 0.001 0.001 0.001 0.002 0.001 0.001 0.002 0.08  0.017
  0.049 0.023 0.015 0.035 0.023 0.031]
 [0.321 0.466 0.539 0.477 0.942 0.4   0.895 0.066 0.586 0.146 0.067 0.114
  0.046 0.087 0.048 0.068 0.05  0.101 0.293 0.776 0.001 0.242 0.167 0.383
  0.532 0.558 0.375 0.714 0.357 0.273]
 [0.084 0.09  0.296 0.265 0.253 0.335 0.471 0.022 0.433 0.087 0.024 0.045
  0.023 0.014 0.017 0.034 0.053 0.069 0.07  0.332 0.009 0.001 0.317 0.074
  0.515 0.469 0.386 0.56  0.309 0.629]
 [0.04  0.017 0.102 0.194 0.246 0.055 0.163 0.001 0.127 0.006 0.002 0.002
  0.001 0.002 0.003 0.003 0.001 0.005 0.016 0.062 0.007 0.004 0.001 0.02
  0.017 0.068 0.036 0.225 0.053 0.051]
 [0.047 0.017 0.285 0.318 0.271 0.233 0.409 0.012 0.569 0.034 0.004 0.06
  0.003 0.012 0.001 0.009 0.036 0.047 0.065 0.204 0.002 0.077 0.195 0.001
  0.272 0.242 0.178 0.305 0.217 0.134]
 [0.042 0.01  0.152 0.157 0.235 0.059 0.114 0.006 0.102 0.018 0.002 0.001
  0.001 0.003 0.001 0.002 0.005 0.007 0.009 0.094 0.001 0.002 0.229 0.01
  0.001 0.135 0.071 0.191 0.064 0.073]
 [0.015 0.009 0.172 0.032 0.122 0.048 0.083 0.003 0.203 0.003 0.002 0.003
  0.001 0.001 0.001 0.003 0.002 0.004 0.003 0.187 0.001 0.001 0.077 0.005
  0.042 0.001 0.076 0.059 0.027 0.104]
 [0.027 0.055 0.25  0.086 0.114 0.033 0.226 0.01  0.099 0.013 0.001 0.018
  0.001 0.002 0.001 0.001 0.002 0.002 0.007 0.216 0.003 0.003 0.141 0.025
  0.092 0.082 0.001 0.203 0.086 0.103]
 [0.005 0.002 0.095 0.005 0.078 0.069 0.074 0.001 0.038 0.003 0.    0.004
  0.001 0.002 0.    0.001 0.002 0.    0.004 0.125 0.001 0.001 0.009 0.003
  0.017 0.113 0.014 0.001 0.03  0.004]
 [0.034 0.006 0.328 0.133 0.304 0.031 0.195 0.003 0.163 0.003 0.004 0.017
  0.002 0.003 0.001 0.017 0.018 0.014 0.004 0.195 0.002 0.006 0.09  0.011
  0.117 0.166 0.064 0.119 0.001 0.028]
 [0.009 0.002 0.323 0.103 0.379 0.026 0.074 0.002 0.16  0.011 0.002 0.012
  0.001 0.001 0.001 0.005 0.003 0.01  0.022 0.148 0.003 0.001 0.135 0.04
  0.096 0.056 0.079 0.303 0.147 0.001]]
[[0.    0.    0.    0.537 0.    0.    0.368 0.    0.353 0.    0.    0.
  0.    0.    0.    0.    0.    0.    0.    0.368 0.    0.    0.    0.
  0.    0.    0.    0.    0.    0.   ]
 [0.    0.    0.544 0.423 0.378 0.323 0.754 0.    0.    0.    0.    0.
  0.    0.    0.    0.    0.    0.    0.    0.414 0.    0.    0.    0.
  0.    0.    0.    0.398 0.    0.443]
 [0.    0.    0.    0.    0.    0.    0.    0.    0.    0.    0.    0.
  0.    0.    0.    0.    0.    0.    0.    0.    0.    0.    0.    0.
  0.    0.    0.    0.    0.    0.   ]
 [0.    0.    0.    0.    0.432 0.    0.    0.    0.    0.    0.    0.
  0.    0.    0.    0.    0.    0.    0.    0.    0.    0.    0.    0.
  0.    0.    0.    0.322 0.    0.   ]
 [0.    0.    0.    0.    0.    0.    0.    0.    0.    0.    0.    0.
  0.    0.    0.    0.    0.    0.    0.    0.    0.    0.    0.    0.
  0.    0.    0.    0.    0.    0.   ]
 [0.    0.    0.    0.    0.357 0.    0.    0.    0.    0.    0.    0.
  0.    0.    0.    0.    0.    0.    0.    0.    0.    0.    0.    0.
  0.    0.    0.    0.    0.    0.   ]
 [0.    0.    0.    0.    0.    0.    0.    0.    0.    0.    0.    0.
  0.    0.    0.    0.    0.    0.    0.    0.    0.    0.    0.    0.
  0.    0.    0.    0.    0.    0.   ]
 [0.    0.    0.519 0.416 0.663 0.314 0.501 0.    0.393 0.    0.    0.
  0.    0.    0.    0.    0.    0.    0.    0.54  0.    0.    0.651 0.
  0.    0.337 0.    0.477 0.324 0.43 ]
 [0.    0.    0.    0.    0.    0.    0.    0.    0.    0.    0.    0.
  0.    0.    0.    0.    0.    0.    0.    0.    0.    0.    0.    0.
  0.    0.    0.    0.    0.    0.   ]
 [0.    0.    0.333 0.    0.321 0.456 0.577 0.    0.363 0.    0.    0.
  0.    0.    0.    0.    0.    0.    0.    0.    0.    0.    0.    0.
  0.    0.327 0.    0.    0.365 0.   ]
 [0.342 0.    1.176 0.594 0.426 0.649 1.078 0.    0.806 0.    0.    0.
  0.    0.    0.    0.    0.    0.    0.    0.606 0.    0.    0.379 0.339
  0.405 0.399 0.505 1.654 0.    0.45 ]
 [0.    0.    0.922 0.3   0.303 0.336 0.795 0.    0.505 0.    0.    0.
  0.    0.    0.    0.    0.    0.    0.    0.65  0.    0.    0.362 0.
  0.511 0.399 0.    0.325 0.    0.   ]
 [0.367 0.417 1.013 0.623 1.218 0.662 0.82  0.    0.957 0.347 0.    0.
  0.    0.    0.    0.309 0.    0.    0.    0.4   0.    0.    0.628 0.387
  0.507 0.58  0.485 0.631 0.482 0.404]
 [0.    0.347 0.702 0.586 0.758 0.    0.69  0.    0.78  0.    0.    0.
  0.    0.    0.    0.    0.    0.    0.    0.414 0.    0.    0.435 0.
  0.395 0.713 0.362 0.412 0.425 0.501]
 [0.    0.    0.78  0.517 0.603 0.304 0.654 0.    0.35  0.    0.    0.401
  0.    0.    0.    0.    0.324 0.    0.446 0.492 0.    0.    0.    0.478
  0.794 0.752 0.715 1.167 0.557 0.676]
 [0.    0.    0.42  0.    0.51  0.538 0.401 0.    0.918 0.    0.    0.
  0.    0.    0.    0.    0.    0.    0.    0.573 0.    0.    0.373 0.
  0.417 0.393 0.629 0.464 0.    0.   ]
 [0.    0.    0.46  0.    0.    0.51  0.707 0.    0.733 0.    0.    0.
  0.    0.    0.    0.    0.    0.    0.    0.358 0.    0.    0.435 0.
  0.    0.361 0.411 0.498 0.    0.341]
 [0.    0.    0.703 0.513 0.562 0.    0.    0.    0.367 0.    0.    0.
  0.    0.    0.    0.    0.    0.    0.    0.535 0.    0.    0.    0.
  0.    0.301 0.503 0.922 0.    0.   ]
 [0.    0.    0.378 0.    0.48  0.    0.448 0.    0.307 0.    0.    0.
  0.    0.    0.    0.    0.    0.    0.    0.422 0.    0.    0.    0.
  0.    0.356 0.307 0.387 0.322 0.   ]
 [0.    0.    0.    0.    0.    0.    0.    0.    0.    0.    0.    0.
  0.    0.    0.    0.    0.    0.    0.    0.    0.    0.    0.    0.
  0.    0.    0.    0.    0.    0.   ]
 [0.321 0.466 0.539 0.477 0.942 0.4   0.895 0.    0.586 0.    0.    0.
  0.    0.    0.    0.    0.    0.    0.    0.776 0.    0.    0.    0.383
  0.532 0.558 0.375 0.714 0.357 0.   ]
 [0.    0.    0.    0.    0.    0.335 0.471 0.    0.433 0.    0.    0.
  0.    0.    0.    0.    0.    0.    0.    0.332 0.    0.    0.317 0.
  0.515 0.469 0.386 0.56  0.309 0.629]
 [0.    0.    0.    0.    0.    0.    0.    0.    0.    0.    0.    0.
  0.    0.    0.    0.    0.    0.    0.    0.    0.    0.    0.    0.
  0.    0.    0.    0.    0.    0.   ]
 [0.    0.    0.    0.318 0.    0.    0.409 0.    0.569 0.    0.    0.
  0.    0.    0.    0.    0.    0.    0.    0.    0.    0.    0.    0.
  0.    0.    0.    0.305 0.    0.   ]
 [0.    0.    0.    0.    0.    0.    0.    0.    0.    0.    0.    0.
  0.    0.    0.    0.    0.    0.    0.    0.    0.    0.    0.    0.
  0.    0.    0.    0.    0.    0.   ]
 [0.    0.    0.    0.    0.    0.    0.    0.    0.    0.    0.    0.
  0.    0.    0.    0.    0.    0.    0.    0.    0.    0.    0.    0.
  0.    0.    0.    0.    0.    0.   ]
 [0.    0.    0.    0.    0.    0.    0.    0.    0.    0.    0.    0.
  0.    0.    0.    0.    0.    0.    0.    0.    0.    0.    0.    0.
  0.    0.    0.    0.    0.    0.   ]
 [0.    0.    0.    0.    0.    0.    0.    0.    0.    0.    0.    0.
  0.    0.    0.    0.    0.    0.    0.    0.    0.    0.    0.    0.
  0.    0.    0.    0.    0.    0.   ]
 [0.    0.    0.328 0.    0.304 0.    0.    0.    0.    0.    0.    0.
  0.    0.    0.    0.    0.    0.    0.    0.    0.    0.    0.    0.
  0.    0.    0.    0.    0.    0.   ]
 [0.    0.    0.323 0.    0.379 0.    0.    0.    0.    0.    0.    0.
  0.    0.    0.    0.    0.    0.    0.    0.    0.    0.    0.    0.
  0.    0.    0.    0.303 0.    0.   ]]
{'fdr': 0.8360655737704918, 'tpr': 0.5, 'fpr': 0.408, 'f1': 0.24691358024691354, 'shd': 177, 'npred': 183, 'ntrue': 60}
[8.188e-02 1.331e-01 5.372e-01 2.226e-01 1.199e-01 3.677e-01 3.166e-02
 3.528e-01 2.366e-02 2.728e-03 7.083e-02 3.794e-03 3.082e-02 6.265e-03
 2.701e-02 2.827e-02 8.200e-03 1.453e-02 3.677e-01 5.552e-03 6.086e-02
 1.235e-01 1.218e-01 1.311e-01 1.738e-01 1.613e-01 2.732e-01 1.528e-01
 2.685e-01 7.207e-02 5.444e-01 4.230e-01 3.782e-01 3.230e-01 7.536e-01
 1.730e-02 2.694e-01 4.331e-02 3.497e-02 3.475e-02 2.237e-03 2.328e-03
 4.106e-03 2.324e-02 3.380e-02 1.030e-02 8.393e-02 4.140e-01 1.870e-03
 1.056e-01 2.118e-01 1.993e-01 2.489e-01 2.294e-01 1.059e-01 3.981e-01
 2.782e-01 4.434e-01 1.786e-02 1.201e-03 2.431e-02 6.894e-02 2.284e-02
 2.150e-02 6.499e-04 1.256e-01 1.270e-03 3.512e-04 5.786e-04 4.368e-04
 6.428e-04 3.601e-04 1.651e-03 7.682e-04 7.466e-04 1.949e-03 2.407e-02
 8.976e-04 2.671e-03 5.978e-02 2.767e-03 1.890e-02 2.832e-02 1.208e-02
 7.568e-02 5.877e-03 5.148e-03 1.410e-03 1.397e-03 1.806e-01 4.322e-01
 3.386e-02 2.523e-01 2.698e-03 2.438e-01 1.087e-02 8.200e-04 5.247e-03
 8.431e-04 9.765e-04 9.517e-04 4.799e-03 1.074e-02 1.631e-03 1.399e-02
 1.666e-01 1.200e-03 9.907e-03 2.080e-02 5.561e-03 2.954e-02 1.323e-01
 5.453e-02 3.223e-01 5.785e-02 6.867e-02 4.426e-03 1.861e-03 1.051e-01
 1.625e-03 3.832e-03 3.515e-02 1.013e-03 7.630e-02 2.207e-03 1.125e-03
 2.734e-03 4.186e-04 7.300e-04 8.364e-04 8.423e-04 2.462e-03 9.700e-04
 1.755e-03 2.893e-02 4.077e-04 2.860e-03 1.001e-02 6.914e-03 1.108e-02
 4.164e-02 4.950e-02 6.708e-02 8.158e-03 2.429e-03 3.387e-02 4.453e-03
 1.666e-01 1.568e-01 3.566e-01 1.643e-01 5.091e-03 1.293e-01 1.667e-03
 5.684e-04 3.206e-03 8.985e-04 4.833e-03 2.913e-03 8.583e-04 1.077e-03
 6.789e-03 1.351e-02 1.945e-01 2.264e-03 5.621e-03 1.132e-01 1.233e-02
 8.229e-02 1.037e-01 1.671e-01 9.180e-02 1.637e-01 1.335e-01 1.751e-03
 7.449e-04 1.682e-01 9.732e-03 1.255e-01 3.055e-02 1.146e-03 1.365e-01
 1.126e-03 3.882e-04 7.746e-04 4.987e-04 7.064e-04 8.032e-04 1.943e-03
 8.943e-04 3.982e-03 1.607e-03 2.808e-02 5.648e-04 1.595e-03 2.117e-02
 2.103e-03 3.926e-02 8.213e-02 1.515e-02 9.923e-02 1.938e-02 7.517e-02
 1.281e-01 1.736e-01 5.189e-01 4.160e-01 6.634e-01 3.145e-01 5.015e-01
 3.925e-01 1.789e-01 1.069e-01 1.551e-01 3.707e-02 1.288e-02 1.589e-02
 1.311e-01 5.459e-02 1.694e-01 1.549e-01 5.401e-01 1.079e-01 1.886e-01
 6.507e-01 2.331e-01 2.838e-01 3.371e-01 2.086e-01 4.774e-01 3.243e-01
 4.300e-01 2.717e-03 3.446e-03 4.128e-02 1.185e-02 9.258e-02 2.770e-02
 5.249e-02 2.407e-03 1.924e-03 6.798e-04 1.031e-03 4.868e-04 3.739e-04
 1.434e-03 4.440e-04 8.724e-04 2.232e-03 4.391e-03 4.159e-02 1.044e-03
 2.204e-03 4.004e-02 1.311e-03 6.203e-02 1.396e-02 5.807e-02 1.512e-01
 1.902e-02 3.510e-02 1.959e-01 1.240e-01 3.334e-01 2.472e-01 3.214e-01
 4.557e-01 5.773e-01 3.376e-02 3.629e-01 6.741e-02 4.689e-02 3.965e-03
 3.699e-02 1.126e-02 1.970e-01 9.575e-02 6.775e-02 7.913e-02 2.468e-01
 3.627e-02 6.076e-02 2.591e-01 1.701e-01 1.559e-01 3.268e-01 2.196e-01
 2.694e-01 3.653e-01 2.438e-01 3.423e-01 1.265e-01 1.176e+00 5.942e-01
 4.257e-01 6.488e-01 1.078e+00 4.858e-02 8.059e-01 1.000e-01 1.414e-01
 1.764e-02 1.488e-01 4.073e-02 1.161e-01 1.878e-01 7.461e-02 2.815e-01
 6.063e-01 1.041e-01 1.829e-01 3.788e-01 3.394e-01 4.049e-01 3.993e-01
 5.054e-01 1.654e+00 2.834e-01 4.499e-01 7.454e-02 1.481e-01 9.219e-01
 3.003e-01 3.035e-01 3.364e-01 7.955e-01 3.780e-02 5.052e-01 1.279e-01
 3.455e-02 3.040e-02 8.999e-02 2.840e-03 1.095e-01 2.681e-02 1.145e-01
 8.639e-02 6.503e-01 5.341e-02 1.256e-01 3.625e-01 9.857e-02 5.114e-01
 3.993e-01 1.763e-01 3.249e-01 2.064e-01 2.286e-01 3.665e-01 4.174e-01
 1.013e+00 6.228e-01 1.218e+00 6.624e-01 8.203e-01 1.646e-01 9.572e-01
 3.468e-01 1.837e-01 1.607e-01 1.305e-01 1.175e-01 3.092e-01 2.263e-01
 1.449e-01 2.487e-01 4.004e-01 1.446e-01 1.769e-01 6.275e-01 3.872e-01
 5.068e-01 5.796e-01 4.851e-01 6.309e-01 4.825e-01 4.038e-01 1.458e-01
 3.465e-01 7.017e-01 5.862e-01 7.576e-01 2.526e-01 6.901e-01 1.949e-01
 7.799e-01 1.605e-01 3.512e-02 7.787e-02 4.931e-02 4.476e-02 1.177e-01
 1.237e-01 8.551e-02 1.419e-01 4.138e-01 1.017e-01 2.333e-01 4.351e-01
 2.345e-01 3.953e-01 7.127e-01 3.622e-01 4.123e-01 4.248e-01 5.012e-01
 2.963e-01 2.779e-01 7.803e-01 5.169e-01 6.034e-01 3.043e-01 6.538e-01
 1.753e-01 3.502e-01 2.506e-01 9.179e-02 4.014e-01 6.640e-02 1.050e-01
 2.372e-01 3.236e-01 1.678e-01 4.455e-01 4.924e-01 1.159e-01 1.789e-01
 2.617e-01 4.782e-01 7.944e-01 7.520e-01 7.146e-01 1.167e+00 5.573e-01
 6.756e-01 1.695e-01 2.235e-01 4.196e-01 2.586e-01 5.098e-01 5.385e-01
 4.007e-01 3.722e-02 9.179e-01 2.179e-02 5.526e-02 4.794e-02 3.554e-03
 3.681e-02 9.753e-03 8.592e-02 5.660e-02 1.496e-01 5.725e-01 8.397e-02
 1.304e-01 3.725e-01 2.607e-01 4.170e-01 3.929e-01 6.290e-01 4.637e-01
 1.810e-01 2.378e-01 1.688e-01 1.415e-01 4.599e-01 2.318e-01 2.478e-01
 5.103e-01 7.073e-01 1.233e-01 7.335e-01 7.406e-02 2.194e-02 1.633e-01
 1.257e-02 5.759e-02 5.436e-03 6.928e-02 3.210e-02 1.374e-01 3.584e-01
 1.130e-01 1.210e-01 4.349e-01 1.510e-01 2.544e-01 3.613e-01 4.107e-01
 4.976e-01 1.329e-01 3.412e-01 2.523e-01 2.280e-01 7.028e-01 5.135e-01
 5.624e-01 2.700e-01 2.681e-01 1.968e-02 3.671e-01 7.870e-02 8.309e-02
 6.570e-02 3.316e-02 6.893e-02 1.439e-02 9.952e-02 1.372e-01 2.546e-01
 5.355e-01 5.806e-02 8.469e-02 2.737e-01 1.035e-01 2.410e-01 3.009e-01
 5.028e-01 9.216e-01 2.039e-01 2.295e-01 1.953e-01 5.419e-02 3.779e-01
 2.157e-01 4.797e-01 1.993e-01 4.480e-01 3.165e-02 3.066e-01 7.898e-02
 4.848e-03 5.802e-02 6.824e-03 3.839e-02 1.471e-03 2.943e-02 3.817e-02
 4.774e-03 4.221e-01 7.325e-03 7.695e-02 1.957e-01 6.902e-02 2.487e-01
 3.561e-01 3.066e-01 3.873e-01 3.223e-01 2.036e-01 3.361e-03 2.032e-03
 1.683e-01 2.869e-02 1.280e-01 2.100e-02 1.661e-01 6.557e-04 1.469e-01
 6.807e-03 5.703e-04 1.034e-03 8.810e-04 9.614e-04 7.395e-04 9.160e-04
 1.273e-03 8.745e-04 1.754e-03 7.856e-04 2.202e-03 7.980e-02 1.653e-02
 4.881e-02 2.344e-02 1.476e-02 3.513e-02 2.277e-02 3.109e-02 3.210e-01
 4.659e-01 5.387e-01 4.773e-01 9.419e-01 4.001e-01 8.946e-01 6.574e-02
 5.861e-01 1.455e-01 6.678e-02 1.142e-01 4.598e-02 8.678e-02 4.793e-02
 6.808e-02 5.047e-02 1.010e-01 2.927e-01 7.758e-01 2.421e-01 1.671e-01
 3.829e-01 5.324e-01 5.578e-01 3.746e-01 7.140e-01 3.570e-01 2.731e-01
 8.379e-02 8.970e-02 2.960e-01 2.652e-01 2.527e-01 3.352e-01 4.709e-01
 2.228e-02 4.329e-01 8.665e-02 2.400e-02 4.529e-02 2.274e-02 1.418e-02
 1.689e-02 3.427e-02 5.338e-02 6.876e-02 7.003e-02 3.318e-01 9.401e-03
 3.170e-01 7.379e-02 5.150e-01 4.691e-01 3.860e-01 5.604e-01 3.087e-01
 6.294e-01 3.975e-02 1.731e-02 1.021e-01 1.942e-01 2.460e-01 5.475e-02
 1.634e-01 7.689e-04 1.269e-01 5.847e-03 1.744e-03 2.078e-03 8.612e-04
 1.552e-03 3.240e-03 2.783e-03 1.436e-03 4.625e-03 1.618e-02 6.155e-02
 7.087e-03 4.107e-03 1.959e-02 1.748e-02 6.770e-02 3.587e-02 2.249e-01
 5.320e-02 5.087e-02 4.735e-02 1.743e-02 2.849e-01 3.180e-01 2.713e-01
 2.328e-01 4.087e-01 1.232e-02 5.692e-01 3.377e-02 4.265e-03 6.048e-02
 3.425e-03 1.208e-02 1.172e-03 8.731e-03 3.615e-02 4.735e-02 6.485e-02
 2.041e-01 2.417e-03 7.655e-02 1.948e-01 2.718e-01 2.423e-01 1.779e-01
 3.047e-01 2.174e-01 1.341e-01 4.238e-02 1.002e-02 1.519e-01 1.568e-01
 2.352e-01 5.881e-02 1.138e-01 5.782e-03 1.025e-01 1.783e-02 1.611e-03
 1.052e-03 1.289e-03 2.732e-03 5.568e-04 2.186e-03 5.400e-03 7.270e-03
 9.212e-03 9.398e-02 9.939e-04 1.702e-03 2.286e-01 9.908e-03 1.352e-01
 7.149e-02 1.915e-01 6.374e-02 7.268e-02 1.505e-02 9.182e-03 1.719e-01
 3.159e-02 1.216e-01 4.789e-02 8.306e-02 2.979e-03 2.032e-01 2.639e-03
 1.672e-03 2.850e-03 8.446e-04 7.380e-04 7.068e-04 2.642e-03 2.442e-03
 4.412e-03 3.458e-03 1.875e-01 1.060e-03 1.301e-03 7.719e-02 5.267e-03
 4.241e-02 7.611e-02 5.876e-02 2.718e-02 1.042e-01 2.735e-02 5.497e-02
 2.503e-01 8.627e-02 1.137e-01 3.340e-02 2.258e-01 9.904e-03 9.918e-02
 1.322e-02 1.315e-03 1.776e-02 1.109e-03 2.244e-03 8.623e-04 1.188e-03
 1.844e-03 2.009e-03 6.549e-03 2.160e-01 2.537e-03 3.483e-03 1.414e-01
 2.470e-02 9.152e-02 8.160e-02 2.033e-01 8.554e-02 1.034e-01 4.914e-03
 2.180e-03 9.526e-02 5.461e-03 7.821e-02 6.886e-02 7.395e-02 1.219e-03
 3.760e-02 2.912e-03 2.397e-04 3.911e-03 8.007e-04 1.731e-03 3.397e-04
 1.199e-03 1.597e-03 3.484e-04 4.309e-03 1.246e-01 5.134e-04 1.188e-03
 9.213e-03 2.832e-03 1.748e-02 1.129e-01 1.404e-02 2.985e-02 4.301e-03
 3.410e-02 5.570e-03 3.278e-01 1.328e-01 3.037e-01 3.098e-02 1.953e-01
 3.346e-03 1.628e-01 2.831e-03 3.980e-03 1.662e-02 1.526e-03 2.506e-03
 9.876e-04 1.688e-02 1.782e-02 1.404e-02 3.907e-03 1.947e-01 2.241e-03
 5.835e-03 8.965e-02 1.078e-02 1.168e-01 1.664e-01 6.386e-02 1.188e-01
 2.810e-02 9.152e-03 1.536e-03 3.229e-01 1.025e-01 3.790e-01 2.582e-02
 7.377e-02 2.077e-03 1.599e-01 1.118e-02 1.539e-03 1.216e-02 1.453e-03
 1.116e-03 7.118e-04 4.513e-03 3.477e-03 1.048e-02 2.222e-02 1.478e-01
 2.514e-03 1.353e-03 1.347e-01 3.994e-02 9.604e-02 5.594e-02 7.916e-02
 3.032e-01 1.467e-01]
[[0. 0. 0. 0. 0. 0. 0. 0. 0. 0. 0. 0. 0. 0. 0. 0. 0. 0. 0. 1. 0. 0. 0. 0.
  0. 0. 0. 0. 0. 0.]
 [0. 0. 0. 0. 0. 1. 1. 0. 0. 0. 0. 0. 0. 0. 0. 0. 0. 0. 0. 0. 0. 0. 0. 0.
  0. 0. 0. 0. 0. 0.]
 [0. 0. 0. 0. 0. 0. 0. 0. 0. 0. 0. 0. 0. 0. 0. 0. 0. 0. 0. 0. 0. 0. 0. 0.
  0. 0. 0. 0. 0. 0.]
 [0. 0. 0. 0. 0. 0. 0. 0. 0. 0. 0. 0. 0. 0. 0. 0. 0. 0. 0. 0. 0. 0. 0. 0.
  0. 0. 0. 0. 0. 0.]
 [0. 0. 0. 0. 0. 0. 0. 0. 0. 0. 0. 0. 0. 0. 0. 0. 0. 0. 0. 0. 0. 0. 0. 0.
  0. 0. 0. 0. 0. 0.]
 [0. 0. 0. 0. 0. 0. 0. 0. 0. 0. 0. 0. 0. 0. 0. 0. 0. 0. 0. 1. 0. 0. 0. 0.
  0. 0. 0. 0. 0. 0.]
 [0. 0. 0. 0. 0. 0. 0. 0. 0. 0. 0. 0. 0. 0. 0. 0. 0. 0. 0. 0. 0. 0. 0. 0.
  0. 0. 0. 0. 0. 0.]
 [0. 0. 0. 1. 0. 0. 0. 0. 0. 0. 0. 0. 0. 0. 0. 0. 0. 0. 0. 0. 0. 0. 0. 0.
  0. 0. 0. 0. 0. 0.]
 [0. 0. 0. 0. 0. 0. 0. 0. 0. 0. 0. 0. 0. 0. 0. 0. 0. 0. 1. 1. 0. 0. 1. 0.
  0. 0. 0. 0. 0. 0.]
 [1. 0. 0. 0. 0. 1. 0. 1. 0. 0. 0. 1. 0. 0. 0. 0. 0. 0. 0. 0. 0. 0. 0. 0.
  0. 0. 1. 0. 0. 0.]
 [0. 0. 0. 0. 0. 0. 0. 0. 1. 0. 0. 0. 0. 0. 0. 0. 0. 0. 0. 0. 0. 0. 0. 0.
  0. 0. 0. 1. 0. 0.]
 [0. 0. 1. 0. 0. 0. 0. 0. 0. 0. 0. 0. 0. 0. 0. 0. 0. 0. 0. 0. 0. 0. 0. 0.
  0. 0. 1. 0. 0. 0.]
 [0. 0. 0. 0. 0. 0. 1. 0. 1. 0. 0. 0. 0. 0. 0. 0. 0. 0. 0. 0. 0. 0. 0. 1.
  0. 0. 1. 0. 0. 1.]
 [0. 0. 0. 0. 1. 0. 0. 0. 0. 0. 0. 0. 0. 0. 0. 0. 0. 1. 0. 1. 0. 0. 0. 0.
  0. 0. 1. 0. 0. 0.]
 [0. 0. 0. 0. 0. 0. 0. 0. 0. 0. 0. 1. 0. 0. 0. 0. 0. 0. 0. 0. 0. 0. 0. 1.
  0. 1. 0. 0. 0. 0.]
 [0. 0. 0. 0. 0. 0. 0. 0. 0. 0. 0. 0. 0. 0. 0. 0. 0. 0. 0. 0. 0. 0. 0. 0.
  0. 0. 0. 0. 0. 0.]
 [0. 0. 1. 0. 0. 0. 0. 0. 1. 0. 0. 0. 0. 0. 0. 0. 0. 0. 0. 0. 1. 1. 0. 0.
  0. 0. 0. 0. 0. 0.]
 [0. 0. 0. 0. 1. 0. 0. 1. 0. 0. 0. 0. 0. 0. 0. 0. 0. 0. 0. 0. 0. 0. 0. 0.
  0. 0. 1. 0. 0. 0.]
 [0. 0. 0. 0. 0. 0. 0. 0. 0. 0. 0. 0. 0. 0. 0. 0. 0. 0. 0. 0. 0. 0. 0. 0.
  0. 0. 0. 0. 0. 0.]
 [0. 0. 0. 0. 0. 0. 0. 0. 0. 0. 0. 0. 0. 0. 0. 0. 0. 0. 0. 0. 0. 0. 0. 0.
  0. 0. 0. 0. 0. 0.]
 [0. 0. 0. 0. 0. 1. 0. 0. 1. 0. 0. 0. 0. 0. 0. 0. 0. 0. 0. 0. 0. 0. 0. 0.
  0. 0. 0. 0. 1. 0.]
 [0. 0. 0. 1. 1. 0. 0. 0. 1. 0. 0. 0. 0. 0. 0. 0. 0. 1. 0. 0. 0. 0. 0. 0.
  0. 0. 0. 0. 1. 1.]
 [0. 0. 0. 0. 0. 0. 0. 0. 0. 0. 0. 0. 0. 0. 0. 1. 0. 0. 0. 0. 0. 0. 0. 0.
  0. 0. 0. 0. 0. 0.]
 [0. 0. 0. 1. 0. 0. 0. 0. 0. 0. 0. 0. 0. 0. 0. 0. 0. 0. 1. 0. 0. 0. 1. 0.
  0. 0. 1. 0. 0. 0.]
 [0. 0. 0. 0. 0. 0. 1. 0. 0. 0. 0. 0. 0. 0. 0. 0. 0. 0. 0. 0. 0. 0. 1. 0.
  0. 0. 0. 0. 0. 0.]
 [0. 0. 0. 0. 0. 0. 0. 1. 0. 0. 0. 0. 0. 0. 0. 0. 0. 1. 0. 0. 0. 0. 0. 1.
  0. 0. 0. 0. 1. 0.]
 [0. 0. 0. 0. 0. 0. 0. 0. 0. 0. 0. 0. 0. 0. 0. 1. 0. 0. 0. 0. 0. 0. 0. 0.
  0. 0. 0. 0. 0. 0.]
 [0. 0. 0. 0. 0. 0. 0. 1. 0. 0. 0. 0. 0. 0. 0. 0. 0. 0. 0. 0. 0. 0. 0. 0.
  0. 0. 0. 0. 0. 0.]
 [0. 0. 0. 0. 0. 0. 0. 0. 0. 0. 0. 0. 0. 0. 0. 0. 0. 0. 0. 0. 0. 0. 0. 0.
  0. 0. 0. 0. 0. 0.]
 [0. 0. 0. 0. 0. 1. 0. 0. 0. 0. 0. 0. 0. 0. 0. 0. 0. 0. 1. 0. 0. 0. 0. 0.
  0. 0. 0. 0. 0. 0.]]
[0. 0. 0. 0. 0. 0. 0. 0. 0. 0. 0. 0. 0. 0. 0. 0. 0. 0. 1. 0. 0. 0. 0. 0.
 0. 0. 0. 0. 0. 0. 0. 0. 0. 1. 1. 0. 0. 0. 0. 0. 0. 0. 0. 0. 0. 0. 0. 0.
 0. 0. 0. 0. 0. 0. 0. 0. 0. 0. 0. 0. 0. 0. 0. 0. 0. 0. 0. 0. 0. 0. 0. 0.
 0. 0. 0. 0. 0. 0. 0. 0. 0. 0. 0. 0. 0. 0. 0. 0. 0. 0. 0. 0. 0. 0. 0. 0.
 0. 0. 0. 0. 0. 0. 0. 0. 0. 0. 0. 0. 0. 0. 0. 0. 0. 0. 0. 0. 0. 0. 0. 0.
 0. 0. 0. 0. 0. 0. 0. 0. 0. 0. 0. 0. 0. 0. 0. 0. 0. 0. 0. 0. 0. 0. 0. 0.
 0. 0. 0. 0. 0. 0. 0. 0. 0. 0. 0. 0. 0. 0. 0. 0. 0. 0. 0. 1. 0. 0. 0. 0.
 0. 0. 0. 0. 0. 0. 0. 0. 0. 0. 0. 0. 0. 0. 0. 0. 0. 0. 0. 0. 0. 0. 0. 0.
 0. 0. 0. 0. 0. 0. 0. 0. 0. 0. 0. 0. 0. 0. 1. 0. 0. 0. 0. 0. 0. 0. 0. 0.
 0. 0. 0. 0. 0. 0. 0. 0. 0. 0. 0. 0. 0. 0. 0. 0. 0. 0. 0. 0. 0. 0. 0. 0.
 0. 0. 0. 0. 0. 0. 0. 0. 0. 1. 1. 0. 0. 1. 0. 0. 0. 0. 0. 0. 0. 1. 0. 0.
 0. 0. 1. 0. 1. 0. 0. 1. 0. 0. 0. 0. 0. 0. 0. 0. 0. 0. 0. 0. 0. 0. 1. 0.
 0. 0. 0. 0. 0. 0. 0. 0. 0. 0. 1. 0. 0. 0. 0. 0. 0. 0. 0. 0. 0. 0. 0. 0.
 0. 0. 0. 0. 1. 0. 0. 0. 0. 1. 0. 0. 0. 0. 0. 0. 0. 0. 0. 0. 0. 0. 0. 0.
 0. 0. 0. 0. 0. 0. 0. 0. 1. 0. 0. 0. 0. 0. 0. 0. 0. 0. 1. 0. 1. 0. 0. 0.
 0. 0. 0. 0. 0. 0. 0. 0. 0. 0. 1. 0. 0. 1. 0. 0. 1. 0. 0. 0. 0. 1. 0. 0.
 0. 0. 0. 0. 0. 0. 0. 0. 0. 1. 0. 1. 0. 0. 0. 0. 0. 0. 1. 0. 0. 0. 0. 0.
 0. 0. 0. 0. 0. 0. 0. 0. 0. 1. 0. 0. 0. 0. 0. 0. 0. 0. 0. 0. 1. 0. 1. 0.
 0. 0. 0. 0. 0. 0. 0. 0. 0. 0. 0. 0. 0. 0. 0. 0. 0. 0. 0. 0. 0. 0. 0. 0.
 0. 0. 0. 0. 0. 0. 0. 0. 0. 0. 1. 0. 0. 0. 0. 0. 1. 0. 0. 0. 0. 0. 0. 0.
 0. 0. 0. 1. 1. 0. 0. 0. 0. 0. 0. 0. 0. 0. 0. 0. 0. 1. 0. 0. 1. 0. 0. 0.
 0. 0. 0. 0. 0. 0. 0. 0. 0. 0. 0. 0. 0. 0. 1. 0. 0. 0. 0. 0. 0. 0. 0. 0.
 0. 0. 0. 0. 0. 0. 0. 0. 0. 0. 0. 0. 0. 0. 0. 0. 0. 0. 0. 0. 0. 0. 0. 0.
 0. 0. 0. 0. 0. 0. 0. 0. 0. 0. 0. 0. 0. 0. 0. 0. 0. 0. 0. 0. 0. 0. 0. 0.
 0. 0. 0. 0. 0. 0. 0. 0. 0. 1. 0. 0. 1. 0. 0. 0. 0. 0. 0. 0. 0. 0. 0. 0.
 0. 0. 0. 0. 0. 0. 0. 1. 0. 0. 0. 0. 1. 1. 0. 0. 0. 1. 0. 0. 0. 0. 0. 0.
 0. 0. 1. 0. 0. 0. 0. 0. 0. 0. 0. 0. 1. 1. 0. 0. 0. 0. 0. 0. 0. 0. 0. 0.
 0. 0. 0. 0. 0. 1. 0. 0. 0. 0. 0. 0. 0. 0. 0. 0. 0. 0. 0. 0. 0. 0. 1. 0.
 0. 0. 0. 0. 0. 0. 0. 0. 0. 0. 0. 0. 0. 1. 0. 0. 0. 1. 0. 0. 1. 0. 0. 0.
 0. 0. 0. 0. 0. 0. 1. 0. 0. 0. 0. 0. 0. 0. 0. 0. 0. 0. 0. 0. 0. 0. 1. 0.
 0. 0. 0. 0. 0. 0. 0. 0. 0. 0. 0. 0. 1. 0. 0. 0. 0. 0. 0. 0. 0. 0. 1. 0.
 0. 0. 0. 0. 1. 0. 0. 0. 1. 0. 0. 0. 0. 0. 0. 0. 0. 0. 0. 0. 0. 0. 0. 0.
 0. 1. 0. 0. 0. 0. 0. 0. 0. 0. 0. 0. 0. 0. 0. 0. 0. 0. 0. 0. 0. 0. 1. 0.
 0. 0. 0. 0. 0. 0. 0. 0. 0. 0. 0. 0. 0. 0. 0. 0. 0. 0. 0. 0. 0. 0. 0. 0.
 0. 0. 0. 0. 0. 0. 0. 0. 0. 0. 0. 0. 0. 0. 0. 0. 0. 0. 0. 0. 0. 0. 0. 0.
 0. 0. 0. 0. 0. 0. 1. 0. 0. 0. 0. 0. 0. 0. 0. 0. 0. 0. 0. 1. 0. 0. 0. 0.
 0. 0. 0. 0. 0. 0.]
aucroc, aucpr (0.6960288065843622, 0.18095118347393097)
Iterations 2250
Achieves (3.524517146579602, 1e-05)-DP
