samples  5000  graph  30 90 ER mlp  minibatch size  100  noise  0.8  minibatches per NN training  63 quantile adaptive clipping
cuda
cuda
iteration 1 in inner loop,alpha 0.0 rho 1.0 h 2.115034010050131
iteration 1 in outer loop, alpha = 2.115034010050131, rho = 1.0, h = 2.115034010050131
cuda
iteration 1 in inner loop,alpha 2.115034010050131 rho 1.0 h 1.3374026753201562
iteration 2 in inner loop,alpha 2.115034010050131 rho 10.0 h 0.573583912353012
iteration 3 in inner loop,alpha 2.115034010050131 rho 100.0 h 0.17819030954777304
iteration 2 in outer loop, alpha = 19.934064964827435, rho = 100.0, h = 0.17819030954777304
cuda
iteration 1 in inner loop,alpha 19.934064964827435 rho 100.0 h 0.09255305142148273
iteration 2 in inner loop,alpha 19.934064964827435 rho 1000.0 h 0.03501993171853002
iteration 3 in outer loop, alpha = 54.95399668335745, rho = 1000.0, h = 0.03501993171853002
cuda
iteration 1 in inner loop,alpha 54.95399668335745 rho 1000.0 h 0.016130093345399388
iteration 2 in inner loop,alpha 54.95399668335745 rho 10000.0 h 0.0054703286049111455
iteration 4 in outer loop, alpha = 109.6572827324689, rho = 10000.0, h = 0.0054703286049111455
cuda
iteration 1 in inner loop,alpha 109.6572827324689 rho 10000.0 h 0.0028503984821774964
iteration 2 in inner loop,alpha 109.6572827324689 rho 100000.0 h 0.000870709529998237
iteration 5 in outer loop, alpha = 196.7282357322926, rho = 100000.0, h = 0.000870709529998237
cuda
iteration 1 in inner loop,alpha 196.7282357322926 rho 100000.0 h 0.00035567258766278087
iteration 6 in outer loop, alpha = 552.4008233950735, rho = 1000000.0, h = 0.00035567258766278087
Threshold 0.3
[[0.005 0.001 0.001 2.198 0.001 0.001 0.002 0.    0.001 0.    0.    0.002
  0.    0.    0.    0.245 0.001 0.    1.176 0.235 0.    0.    1.73  0.
  0.    0.    0.065 0.    0.122 0.   ]
 [1.062 0.003 0.37  0.381 0.002 0.136 0.001 0.414 0.001 0.    0.    1.03
  0.    0.    0.004 1.623 0.002 0.003 1.068 0.378 0.001 0.001 0.098 0.006
  0.    0.001 0.512 0.001 0.19  0.002]
 [0.363 0.001 0.003 0.24  0.002 0.104 0.005 0.298 0.    0.    0.    0.311
  0.    0.    0.    0.231 0.    0.001 0.181 0.274 0.    0.    0.146 0.002
  0.    0.    0.321 0.    0.157 0.   ]
 [0.    0.    0.    0.005 0.    0.    0.001 0.    0.    0.    0.    0.001
  0.    0.    0.    1.731 0.    0.    1.108 1.315 0.    0.    0.268 0.
  0.    0.    0.08  0.    0.15  0.   ]
 [0.224 0.179 0.232 0.222 0.002 0.121 0.01  0.138 0.001 0.    0.    0.38
  0.    0.001 0.004 0.23  0.    0.    0.143 0.267 0.    0.    0.105 0.001
  0.    0.    0.051 0.    0.195 0.   ]
 [0.436 0.    0.001 0.175 0.001 0.002 0.001 0.    0.    0.    0.    0.002
  0.    0.    0.    0.132 0.    0.    1.029 1.244 0.    0.    0.096 0.
  0.    0.    0.071 0.    1.194 0.   ]
 [0.073 0.23  0.149 0.15  0.054 0.11  0.001 0.066 0.587 0.005 0.031 0.087
  0.001 0.005 0.    0.174 0.    0.    0.844 0.157 0.029 0.054 0.069 0.006
  0.002 0.003 0.135 0.004 0.061 0.003]
 [1.063 0.    0.004 0.514 0.002 2.049 0.003 0.002 0.001 0.    0.    0.003
  0.    0.    0.    0.203 0.    0.    0.176 1.225 0.    0.001 0.095 0.002
  0.    0.    0.06  0.    0.239 0.   ]
 [0.156 0.254 0.125 0.183 0.136 0.095 0.001 0.127 0.001 0.005 0.094 0.136
  0.    0.015 0.003 0.25  0.    0.004 0.135 1.211 0.096 0.146 0.097 0.011
  0.001 0.005 0.554 0.003 0.122 0.001]
 [0.137 0.132 0.168 1.742 0.062 0.348 0.023 2.581 0.017 0.004 0.429 0.592
  0.004 3.411 0.019 0.338 0.007 0.477 0.142 0.285 0.301 0.099 0.389 0.11
  0.    0.455 0.22  0.006 0.278 0.278]
 [1.07  0.098 0.127 2.058 0.147 0.182 0.031 0.223 0.004 0.001 0.001 0.251
  0.006 0.086 0.005 1.189 0.005 0.078 0.227 0.163 2.863 1.145 1.589 0.077
  0.001 0.278 0.128 0.006 0.1   0.081]
 [0.177 0.    0.002 0.306 0.    0.108 0.001 0.224 0.001 0.    0.    0.003
  0.    0.    0.    0.218 0.    0.    0.211 0.335 0.    0.    1.459 0.002
  0.    0.    0.01  0.    0.152 0.   ]
 [1.162 0.939 0.066 0.152 0.009 1.864 0.66  0.108 0.174 0.029 0.062 0.258
  0.001 0.005 0.006 0.118 0.009 0.165 0.771 0.116 0.017 0.024 0.191 0.05
  0.004 3.176 0.183 0.006 1.061 0.459]
 [0.952 2.195 1.885 0.571 0.03  0.282 0.011 1.917 0.009 0.    0.005 1.907
  0.005 0.001 0.007 0.338 0.006 0.202 0.359 0.883 0.124 0.015 0.26  0.006
  0.    0.019 0.175 0.002 0.243 0.067]
 [0.151 0.083 1.652 0.159 0.093 0.149 0.429 0.068 0.008 0.005 0.007 0.088
  0.009 0.038 0.    1.473 0.017 0.064 0.121 0.883 0.024 0.02  0.125 0.013
  0.006 0.082 0.013 0.03  0.056 0.061]
 [0.    0.    0.    0.001 0.    0.    0.    0.    0.    0.    0.    0.
  0.    0.    0.    0.002 0.    0.    0.014 0.283 0.    0.    0.005 0.
  0.    0.    0.001 0.    0.103 0.   ]
 [0.156 0.049 1.47  0.151 0.02  0.111 0.707 0.147 0.046 0.023 0.007 0.156
  0.007 0.006 0.007 0.105 0.001 0.041 0.112 0.943 0.057 0.022 0.09  0.029
  0.015 0.016 0.489 0.005 0.171 1.993]
 [0.153 0.134 0.164 1.712 1.382 0.094 0.192 0.281 0.15  0.    0.001 0.309
  0.    0.001 0.005 1.193 0.    0.001 0.16  0.287 0.023 0.003 0.187 0.003
  0.    0.    0.167 0.    1.037 0.   ]
 [0.001 0.    0.    0.002 0.001 0.    0.    0.    0.    0.    0.    0.001
  0.    0.    0.    0.132 0.    0.    0.007 0.017 0.    0.    0.005 0.
  0.    0.    0.008 0.    0.011 0.   ]
 [0.    0.    0.    0.    0.    0.    0.    0.    0.    0.    0.    0.
  0.    0.    0.    0.002 0.    0.    0.026 0.002 0.    0.    0.004 0.
  0.    0.    0.002 0.    1.218 0.   ]
 [0.926 1.304 1.857 0.335 2.15  0.092 0.005 0.119 0.001 0.    0.    1.408
  0.    0.002 0.005 0.628 0.003 0.009 0.174 1.073 0.002 0.001 0.167 0.005
  0.    0.004 0.277 0.008 0.15  0.006]
 [0.801 0.238 0.195 0.267 0.135 0.011 0.012 0.151 0.002 0.001 0.    0.279
  0.006 0.026 0.005 0.309 0.008 0.058 0.155 0.146 0.46  0.001 0.083 0.036
  0.    0.116 0.121 0.006 0.076 0.021]
 [0.    0.    0.    0.002 0.    0.    0.001 0.    0.    0.    0.    0.001
  0.    0.    0.    0.148 0.    0.    0.157 0.139 0.    0.    0.004 0.
  0.    0.    0.002 0.    0.34  0.   ]
 [1.213 0.075 0.084 0.14  0.108 0.036 0.072 0.265 0.006 0.002 0.004 0.129
  0.    0.037 0.005 0.088 0.007 0.192 0.092 0.109 0.08  0.001 0.1   0.001
  0.    0.    0.017 0.    0.175 0.095]
 [0.056 0.249 0.016 0.267 0.107 0.17  0.075 0.422 0.005 4.134 1.083 0.243
  0.014 0.325 0.007 0.028 0.01  0.178 0.078 0.067 0.099 0.017 0.218 0.007
  0.001 1.693 0.037 0.008 0.719 0.144]
 [0.512 0.414 0.203 0.247 0.097 1.999 0.088 0.136 0.05  0.001 0.001 0.066
  0.    0.017 0.004 0.148 0.006 0.397 0.191 0.224 0.14  0.003 0.061 0.256
  0.    0.001 0.709 0.015 1.215 1.95 ]
 [0.005 0.004 0.001 0.018 0.008 0.008 0.001 0.002 0.001 0.    0.    0.071
  0.    0.    0.    0.258 0.    0.003 0.42  0.208 0.001 0.    1.693 0.003
  0.    0.    0.005 0.002 1.197 0.001]
 [0.234 0.026 0.019 0.116 2.224 0.185 0.034 1.829 0.023 0.006 0.014 2.079
  0.005 0.037 0.004 0.149 0.024 1.046 0.117 0.359 0.006 0.038 0.099 1.513
  0.007 0.008 0.042 0.001 0.09  0.08 ]
 [0.    0.001 0.    0.    0.    0.    0.    0.    0.    0.    0.    0.
  0.    0.    0.    0.001 0.    0.    0.056 0.    0.    0.    0.001 0.
  0.    0.    0.002 0.    0.003 0.   ]
 [0.234 0.086 1.83  0.179 0.118 0.109 0.059 0.085 0.055 0.    0.    0.118
  0.    0.004 0.003 0.164 0.    1.126 0.157 0.193 0.04  0.002 0.108 0.004
  0.    0.    0.774 0.006 0.319 0.001]]
[[0.    0.    0.    2.198 0.    0.    0.    0.    0.    0.    0.    0.
  0.    0.    0.    0.    0.    0.    1.176 0.    0.    0.    1.73  0.
  0.    0.    0.    0.    0.    0.   ]
 [1.062 0.    0.37  0.381 0.    0.    0.    0.414 0.    0.    0.    1.03
  0.    0.    0.    1.623 0.    0.    1.068 0.378 0.    0.    0.    0.
  0.    0.    0.512 0.    0.    0.   ]
 [0.363 0.    0.    0.    0.    0.    0.    0.    0.    0.    0.    0.311
  0.    0.    0.    0.    0.    0.    0.    0.    0.    0.    0.    0.
  0.    0.    0.321 0.    0.    0.   ]
 [0.    0.    0.    0.    0.    0.    0.    0.    0.    0.    0.    0.
  0.    0.    0.    1.731 0.    0.    1.108 1.315 0.    0.    0.    0.
  0.    0.    0.    0.    0.    0.   ]
 [0.    0.    0.    0.    0.    0.    0.    0.    0.    0.    0.    0.38
  0.    0.    0.    0.    0.    0.    0.    0.    0.    0.    0.    0.
  0.    0.    0.    0.    0.    0.   ]
 [0.436 0.    0.    0.    0.    0.    0.    0.    0.    0.    0.    0.
  0.    0.    0.    0.    0.    0.    1.029 1.244 0.    0.    0.    0.
  0.    0.    0.    0.    1.194 0.   ]
 [0.    0.    0.    0.    0.    0.    0.    0.    0.587 0.    0.    0.
  0.    0.    0.    0.    0.    0.    0.844 0.    0.    0.    0.    0.
  0.    0.    0.    0.    0.    0.   ]
 [1.063 0.    0.    0.514 0.    2.049 0.    0.    0.    0.    0.    0.
  0.    0.    0.    0.    0.    0.    0.    1.225 0.    0.    0.    0.
  0.    0.    0.    0.    0.    0.   ]
 [0.    0.    0.    0.    0.    0.    0.    0.    0.    0.    0.    0.
  0.    0.    0.    0.    0.    0.    0.    1.211 0.    0.    0.    0.
  0.    0.    0.554 0.    0.    0.   ]
 [0.    0.    0.    1.742 0.    0.348 0.    2.581 0.    0.    0.429 0.592
  0.    3.411 0.    0.338 0.    0.477 0.    0.    0.301 0.    0.389 0.
  0.    0.455 0.    0.    0.    0.   ]
 [1.07  0.    0.    2.058 0.    0.    0.    0.    0.    0.    0.    0.
  0.    0.    0.    1.189 0.    0.    0.    0.    2.863 1.145 1.589 0.
  0.    0.    0.    0.    0.    0.   ]
 [0.    0.    0.    0.306 0.    0.    0.    0.    0.    0.    0.    0.
  0.    0.    0.    0.    0.    0.    0.    0.335 0.    0.    1.459 0.
  0.    0.    0.    0.    0.    0.   ]
 [1.162 0.939 0.    0.    0.    1.864 0.66  0.    0.    0.    0.    0.
  0.    0.    0.    0.    0.    0.    0.771 0.    0.    0.    0.    0.
  0.    3.176 0.    0.    1.061 0.459]
 [0.952 2.195 1.885 0.571 0.    0.    0.    1.917 0.    0.    0.    1.907
  0.    0.    0.    0.338 0.    0.    0.359 0.883 0.    0.    0.    0.
  0.    0.    0.    0.    0.    0.   ]
 [0.    0.    1.652 0.    0.    0.    0.429 0.    0.    0.    0.    0.
  0.    0.    0.    1.473 0.    0.    0.    0.883 0.    0.    0.    0.
  0.    0.    0.    0.    0.    0.   ]
 [0.    0.    0.    0.    0.    0.    0.    0.    0.    0.    0.    0.
  0.    0.    0.    0.    0.    0.    0.    0.    0.    0.    0.    0.
  0.    0.    0.    0.    0.    0.   ]
 [0.    0.    1.47  0.    0.    0.    0.707 0.    0.    0.    0.    0.
  0.    0.    0.    0.    0.    0.    0.    0.943 0.    0.    0.    0.
  0.    0.    0.489 0.    0.    1.993]
 [0.    0.    0.    1.712 1.382 0.    0.    0.    0.    0.    0.    0.309
  0.    0.    0.    1.193 0.    0.    0.    0.    0.    0.    0.    0.
  0.    0.    0.    0.    1.037 0.   ]
 [0.    0.    0.    0.    0.    0.    0.    0.    0.    0.    0.    0.
  0.    0.    0.    0.    0.    0.    0.    0.    0.    0.    0.    0.
  0.    0.    0.    0.    0.    0.   ]
 [0.    0.    0.    0.    0.    0.    0.    0.    0.    0.    0.    0.
  0.    0.    0.    0.    0.    0.    0.    0.    0.    0.    0.    0.
  0.    0.    0.    0.    1.218 0.   ]
 [0.926 1.304 1.857 0.335 2.15  0.    0.    0.    0.    0.    0.    1.408
  0.    0.    0.    0.628 0.    0.    0.    1.073 0.    0.    0.    0.
  0.    0.    0.    0.    0.    0.   ]
 [0.801 0.    0.    0.    0.    0.    0.    0.    0.    0.    0.    0.
  0.    0.    0.    0.309 0.    0.    0.    0.    0.46  0.    0.    0.
  0.    0.    0.    0.    0.    0.   ]
 [0.    0.    0.    0.    0.    0.    0.    0.    0.    0.    0.    0.
  0.    0.    0.    0.    0.    0.    0.    0.    0.    0.    0.    0.
  0.    0.    0.    0.    0.34  0.   ]
 [1.213 0.    0.    0.    0.    0.    0.    0.    0.    0.    0.    0.
  0.    0.    0.    0.    0.    0.    0.    0.    0.    0.    0.    0.
  0.    0.    0.    0.    0.    0.   ]
 [0.    0.    0.    0.    0.    0.    0.    0.422 0.    4.134 1.083 0.
  0.    0.325 0.    0.    0.    0.    0.    0.    0.    0.    0.    0.
  0.    1.693 0.    0.    0.719 0.   ]
 [0.512 0.414 0.    0.    0.    1.999 0.    0.    0.    0.    0.    0.
  0.    0.    0.    0.    0.    0.397 0.    0.    0.    0.    0.    0.
  0.    0.    0.709 0.    1.215 1.95 ]
 [0.    0.    0.    0.    0.    0.    0.    0.    0.    0.    0.    0.
  0.    0.    0.    0.    0.    0.    0.42  0.    0.    0.    1.693 0.
  0.    0.    0.    0.    1.197 0.   ]
 [0.    0.    0.    0.    2.224 0.    0.    1.829 0.    0.    0.    2.079
  0.    0.    0.    0.    0.    1.046 0.    0.359 0.    0.    0.    1.513
  0.    0.    0.    0.    0.    0.   ]
 [0.    0.    0.    0.    0.    0.    0.    0.    0.    0.    0.    0.
  0.    0.    0.    0.    0.    0.    0.    0.    0.    0.    0.    0.
  0.    0.    0.    0.    0.    0.   ]
 [0.    0.    1.83  0.    0.    0.    0.    0.    0.    0.    0.    0.
  0.    0.    0.    0.    0.    1.126 0.    0.    0.    0.    0.    0.
  0.    0.    0.774 0.    0.319 0.   ]]
{'fdr': 0.319672131147541, 'tpr': 0.9222222222222223, 'fpr': 0.11304347826086956, 'f1': 0.7830188679245282, 'shd': 45, 'npred': 122, 'ntrue': 90}
[8.195e-04 5.718e-04 2.198e+00 1.134e-03 5.307e-04 2.335e-03 4.041e-04
 7.111e-04 2.724e-05 3.446e-05 2.082e-03 4.926e-05 1.657e-05 5.571e-05
 2.451e-01 8.336e-04 2.627e-04 1.176e+00 2.348e-01 3.839e-04 1.213e-04
 1.730e+00 3.304e-05 1.774e-05 3.662e-05 6.457e-02 1.777e-05 1.224e-01
 1.276e-04 1.062e+00 3.702e-01 3.808e-01 2.448e-03 1.355e-01 8.834e-04
 4.141e-01 1.161e-03 2.055e-05 1.760e-05 1.030e+00 2.954e-04 1.624e-05
 3.714e-03 1.623e+00 2.127e-03 2.717e-03 1.068e+00 3.782e-01 6.677e-04
 6.814e-04 9.757e-02 5.535e-03 9.965e-07 6.213e-04 5.125e-01 1.286e-03
 1.903e-01 1.829e-03 3.627e-01 1.323e-03 2.397e-01 2.195e-03 1.041e-01
 5.112e-03 2.981e-01 1.516e-04 1.763e-04 7.421e-06 3.113e-01 6.262e-05
 2.089e-04 1.221e-05 2.313e-01 9.012e-05 1.175e-03 1.805e-01 2.745e-01
 1.610e-04 1.632e-04 1.460e-01 1.835e-03 5.071e-05 4.097e-06 3.207e-01
 2.224e-04 1.575e-01 1.109e-04 1.374e-04 7.641e-05 1.369e-04 2.522e-04
 1.093e-04 1.442e-03 3.836e-05 3.147e-04 3.800e-05 7.573e-05 5.284e-04
 7.652e-06 1.313e-05 8.385e-05 1.731e+00 2.921e-06 9.217e-05 1.108e+00
 1.315e+00 5.333e-05 2.660e-05 2.683e-01 3.410e-05 2.935e-06 2.561e-05
 8.008e-02 4.046e-06 1.501e-01 3.094e-05 2.241e-01 1.793e-01 2.318e-01
 2.218e-01 1.208e-01 9.793e-03 1.378e-01 8.303e-04 1.063e-04 8.953e-06
 3.805e-01 9.264e-05 1.142e-03 3.636e-03 2.297e-01 7.819e-06 2.838e-04
 1.431e-01 2.674e-01 4.098e-04 1.929e-04 1.046e-01 9.879e-04 1.495e-05
 1.047e-04 5.116e-02 6.570e-07 1.950e-01 1.347e-04 4.355e-01 4.456e-04
 6.035e-04 1.748e-01 7.420e-04 1.384e-03 4.483e-04 2.234e-04 7.926e-06
 2.848e-05 1.558e-03 2.770e-05 5.162e-05 4.862e-05 1.319e-01 7.656e-05
 2.206e-04 1.029e+00 1.244e+00 5.971e-05 4.167e-04 9.642e-02 8.525e-05
 8.753e-06 8.392e-05 7.125e-02 3.951e-05 1.194e+00 1.566e-04 7.319e-02
 2.303e-01 1.492e-01 1.497e-01 5.361e-02 1.103e-01 6.592e-02 5.871e-01
 5.418e-03 3.075e-02 8.658e-02 6.577e-04 4.522e-03 1.994e-04 1.745e-01
 4.005e-04 4.522e-04 8.438e-01 1.575e-01 2.853e-02 5.392e-02 6.901e-02
 5.707e-03 2.001e-03 2.777e-03 1.346e-01 4.042e-03 6.134e-02 2.539e-03
 1.063e+00 4.193e-04 3.841e-03 5.139e-01 1.972e-03 2.049e+00 2.656e-03
 7.171e-04 7.891e-06 2.415e-05 3.498e-03 1.004e-04 1.109e-04 6.028e-05
 2.034e-01 1.524e-04 3.645e-04 1.758e-01 1.225e+00 7.940e-05 5.423e-04
 9.514e-02 1.596e-03 1.067e-05 1.785e-04 5.976e-02 6.483e-05 2.390e-01
 3.950e-04 1.562e-01 2.544e-01 1.251e-01 1.835e-01 1.361e-01 9.498e-02
 8.309e-04 1.266e-01 4.605e-03 9.383e-02 1.358e-01 2.803e-04 1.524e-02
 2.998e-03 2.501e-01 4.625e-04 4.100e-03 1.351e-01 1.211e+00 9.618e-02
 1.460e-01 9.737e-02 1.096e-02 1.046e-03 5.136e-03 5.539e-01 2.545e-03
 1.219e-01 1.271e-03 1.372e-01 1.321e-01 1.684e-01 1.742e+00 6.240e-02
 3.483e-01 2.327e-02 2.581e+00 1.719e-02 4.290e-01 5.922e-01 4.432e-03
 3.411e+00 1.915e-02 3.381e-01 6.705e-03 4.769e-01 1.416e-01 2.851e-01
 3.013e-01 9.882e-02 3.892e-01 1.096e-01 4.801e-04 4.555e-01 2.204e-01
 6.223e-03 2.783e-01 2.783e-01 1.070e+00 9.793e-02 1.268e-01 2.058e+00
 1.469e-01 1.817e-01 3.136e-02 2.233e-01 4.454e-03 1.000e-03 2.513e-01
 5.992e-03 8.595e-02 5.080e-03 1.189e+00 4.838e-03 7.751e-02 2.268e-01
 1.632e-01 2.863e+00 1.145e+00 1.589e+00 7.737e-02 1.117e-03 2.783e-01
 1.278e-01 6.368e-03 1.003e-01 8.067e-02 1.774e-01 1.198e-04 1.712e-03
 3.060e-01 3.739e-04 1.082e-01 1.409e-03 2.244e-01 5.779e-04 2.886e-05
 2.424e-05 3.291e-05 5.876e-05 9.499e-05 2.176e-01 3.954e-05 2.407e-04
 2.114e-01 3.347e-01 1.411e-04 5.787e-05 1.459e+00 2.198e-03 2.089e-05
 1.489e-04 9.841e-03 1.526e-04 1.523e-01 9.071e-05 1.162e+00 9.392e-01
 6.578e-02 1.525e-01 9.148e-03 1.864e+00 6.600e-01 1.081e-01 1.744e-01
 2.898e-02 6.179e-02 2.578e-01 4.576e-03 5.591e-03 1.175e-01 9.350e-03
 1.652e-01 7.712e-01 1.157e-01 1.711e-02 2.352e-02 1.914e-01 4.974e-02
 4.293e-03 3.176e+00 1.832e-01 5.683e-03 1.061e+00 4.592e-01 9.518e-01
 2.195e+00 1.885e+00 5.712e-01 3.008e-02 2.816e-01 1.084e-02 1.917e+00
 8.637e-03 2.247e-04 5.088e-03 1.907e+00 5.277e-03 6.858e-03 3.384e-01
 5.949e-03 2.025e-01 3.589e-01 8.825e-01 1.239e-01 1.517e-02 2.603e-01
 6.080e-03 7.186e-05 1.897e-02 1.749e-01 1.720e-03 2.433e-01 6.662e-02
 1.512e-01 8.262e-02 1.652e+00 1.591e-01 9.316e-02 1.491e-01 4.294e-01
 6.818e-02 7.900e-03 4.594e-03 6.912e-03 8.757e-02 8.804e-03 3.772e-02
 1.473e+00 1.745e-02 6.361e-02 1.206e-01 8.828e-01 2.425e-02 1.964e-02
 1.251e-01 1.265e-02 6.125e-03 8.211e-02 1.293e-02 2.962e-02 5.573e-02
 6.055e-02 1.288e-05 9.661e-05 9.964e-05 5.567e-04 1.262e-04 4.195e-05
 2.221e-04 3.603e-05 1.650e-05 1.844e-05 3.176e-05 2.711e-04 9.959e-06
 5.507e-06 1.856e-05 1.833e-05 5.728e-05 1.393e-02 2.834e-01 2.915e-05
 4.155e-05 4.680e-03 1.526e-05 8.303e-06 1.712e-05 1.266e-03 4.349e-06
 1.031e-01 3.142e-05 1.565e-01 4.912e-02 1.470e+00 1.515e-01 2.031e-02
 1.114e-01 7.074e-01 1.469e-01 4.602e-02 2.309e-02 7.016e-03 1.564e-01
 7.310e-03 5.857e-03 7.316e-03 1.051e-01 4.096e-02 1.124e-01 9.426e-01
 5.707e-02 2.215e-02 8.971e-02 2.928e-02 1.527e-02 1.599e-02 4.889e-01
 5.148e-03 1.709e-01 1.993e+00 1.529e-01 1.343e-01 1.638e-01 1.712e+00
 1.382e+00 9.424e-02 1.921e-01 2.807e-01 1.504e-01 1.039e-04 1.231e-03
 3.089e-01 2.109e-05 8.707e-04 5.373e-03 1.193e+00 3.079e-05 1.602e-01
 2.869e-01 2.331e-02 3.095e-03 1.872e-01 2.892e-03 4.992e-07 8.539e-05
 1.672e-01 3.167e-05 1.037e+00 1.794e-04 9.542e-04 1.369e-04 9.438e-05
 2.475e-03 5.226e-04 1.266e-04 3.429e-04 1.291e-04 2.170e-04 1.797e-05
 8.961e-05 5.792e-04 3.056e-05 1.453e-05 2.512e-05 1.325e-01 4.967e-05
 7.651e-05 1.743e-02 6.605e-05 7.915e-05 5.215e-03 5.331e-05 8.136e-06
 1.657e-05 8.390e-03 7.265e-06 1.142e-02 5.087e-05 2.382e-05 5.012e-05
 1.109e-04 4.490e-04 1.002e-04 1.211e-04 1.040e-04 1.480e-05 1.838e-05
 4.924e-06 3.065e-05 2.314e-04 1.288e-05 1.252e-05 3.058e-05 1.728e-03
 5.151e-05 1.358e-05 2.574e-02 3.829e-05 1.534e-05 4.343e-03 3.040e-05
 1.282e-05 8.873e-06 1.845e-03 2.132e-05 1.218e+00 2.389e-05 9.261e-01
 1.304e+00 1.857e+00 3.348e-01 2.150e+00 9.232e-02 5.299e-03 1.190e-01
 1.063e-03 8.993e-05 1.305e-05 1.408e+00 4.671e-04 1.682e-03 5.377e-03
 6.280e-01 2.793e-03 8.840e-03 1.743e-01 1.073e+00 5.689e-04 1.670e-01
 4.761e-03 1.368e-05 4.412e-03 2.773e-01 8.236e-03 1.499e-01 5.800e-03
 8.012e-01 2.378e-01 1.946e-01 2.672e-01 1.347e-01 1.103e-02 1.155e-02
 1.510e-01 1.592e-03 6.815e-04 9.368e-05 2.793e-01 5.613e-03 2.571e-02
 4.524e-03 3.086e-01 7.603e-03 5.791e-02 1.555e-01 1.463e-01 4.596e-01
 8.253e-02 3.630e-02 3.023e-04 1.158e-01 1.209e-01 6.317e-03 7.643e-02
 2.149e-02 9.005e-05 4.789e-04 2.927e-04 2.165e-03 4.769e-04 2.937e-04
 6.305e-04 4.038e-05 4.789e-04 1.594e-05 1.071e-04 9.383e-04 4.595e-05
 9.591e-06 9.284e-05 1.481e-01 1.968e-04 1.865e-04 1.570e-01 1.389e-01
 2.369e-04 8.382e-06 3.540e-05 2.755e-05 1.046e-04 2.470e-03 6.118e-05
 3.400e-01 2.587e-04 1.213e+00 7.480e-02 8.372e-02 1.405e-01 1.078e-01
 3.619e-02 7.165e-02 2.650e-01 6.181e-03 2.066e-03 3.736e-03 1.287e-01
 1.576e-04 3.726e-02 5.190e-03 8.828e-02 6.570e-03 1.922e-01 9.158e-02
 1.095e-01 7.979e-02 1.475e-03 9.987e-02 5.392e-05 4.893e-04 1.694e-02
 1.355e-04 1.749e-01 9.508e-02 5.575e-02 2.490e-01 1.620e-02 2.670e-01
 1.067e-01 1.704e-01 7.524e-02 4.216e-01 5.128e-03 4.134e+00 1.083e+00
 2.434e-01 1.403e-02 3.248e-01 6.532e-03 2.780e-02 9.718e-03 1.785e-01
 7.782e-02 6.682e-02 9.945e-02 1.679e-02 2.177e-01 6.517e-03 1.693e+00
 3.708e-02 7.574e-03 7.186e-01 1.443e-01 5.117e-01 4.136e-01 2.029e-01
 2.469e-01 9.712e-02 1.999e+00 8.802e-02 1.364e-01 4.993e-02 1.128e-03
 7.588e-04 6.566e-02 1.048e-05 1.683e-02 4.051e-03 1.476e-01 5.978e-03
 3.971e-01 1.910e-01 2.239e-01 1.395e-01 3.255e-03 6.128e-02 2.564e-01
 4.987e-04 7.089e-01 1.545e-02 1.215e+00 1.950e+00 4.706e-03 4.334e-03
 6.414e-04 1.796e-02 8.091e-03 7.577e-03 1.302e-03 2.098e-03 5.726e-04
 2.742e-05 3.037e-05 7.069e-02 6.462e-05 2.149e-04 1.516e-05 2.576e-01
 1.454e-04 2.681e-03 4.196e-01 2.080e-01 8.693e-04 1.621e-04 1.693e+00
 3.020e-03 2.146e-05 1.589e-04 2.132e-03 1.197e+00 5.269e-04 2.343e-01
 2.564e-02 1.891e-02 1.158e-01 2.224e+00 1.848e-01 3.432e-02 1.829e+00
 2.282e-02 5.682e-03 1.369e-02 2.079e+00 5.106e-03 3.734e-02 4.203e-03
 1.486e-01 2.447e-02 1.046e+00 1.171e-01 3.586e-01 6.435e-03 3.786e-02
 9.889e-02 1.513e+00 6.531e-03 7.530e-03 4.214e-02 9.033e-02 7.976e-02
 6.889e-05 5.010e-04 1.879e-04 1.484e-04 2.985e-04 6.294e-05 4.093e-04
 7.320e-06 7.551e-05 5.757e-06 1.202e-05 1.874e-04 1.217e-05 7.977e-06
 4.000e-05 1.154e-03 5.890e-05 3.887e-05 5.578e-02 1.361e-04 1.131e-04
 2.650e-04 7.995e-04 1.663e-05 1.967e-05 8.684e-05 1.772e-03 6.707e-06
 4.518e-05 2.345e-01 8.582e-02 1.830e+00 1.787e-01 1.177e-01 1.088e-01
 5.886e-02 8.540e-02 5.486e-02 8.728e-05 3.383e-04 1.179e-01 1.210e-05
 3.827e-03 3.373e-03 1.636e-01 9.341e-05 1.126e+00 1.575e-01 1.933e-01
 3.991e-02 1.554e-03 1.084e-01 3.771e-03 4.767e-05 9.417e-05 7.737e-01
 6.093e-03 3.193e-01]
[[0. 0. 0. 1. 0. 0. 0. 0. 0. 0. 0. 0. 0. 0. 0. 0. 0. 0. 1. 0. 0. 0. 1. 0.
  0. 0. 0. 0. 0. 0.]
 [1. 0. 0. 0. 0. 0. 0. 0. 0. 0. 0. 0. 0. 0. 0. 1. 0. 0. 1. 0. 0. 0. 0. 0.
  0. 0. 1. 0. 0. 0.]
 [0. 0. 0. 0. 0. 0. 0. 0. 0. 0. 0. 0. 0. 0. 0. 0. 0. 0. 0. 0. 0. 0. 0. 0.
  0. 0. 0. 0. 0. 0.]
 [0. 0. 0. 0. 0. 0. 0. 0. 0. 0. 0. 0. 0. 0. 0. 1. 0. 0. 1. 1. 0. 0. 0. 0.
  0. 0. 0. 0. 0. 0.]
 [0. 0. 0. 0. 0. 0. 0. 0. 0. 0. 0. 0. 0. 0. 0. 0. 0. 0. 0. 0. 0. 0. 0. 0.
  0. 0. 0. 0. 0. 0.]
 [0. 0. 0. 0. 0. 0. 0. 0. 0. 0. 0. 0. 0. 0. 0. 0. 0. 0. 1. 1. 0. 0. 0. 0.
  0. 0. 0. 0. 1. 0.]
 [0. 0. 0. 0. 0. 0. 0. 0. 0. 0. 0. 0. 0. 0. 0. 0. 0. 0. 1. 0. 0. 0. 0. 0.
  0. 0. 0. 0. 0. 0.]
 [1. 0. 0. 0. 0. 1. 0. 0. 0. 0. 0. 0. 0. 0. 0. 0. 0. 0. 0. 1. 0. 0. 0. 0.
  0. 0. 0. 0. 0. 0.]
 [0. 0. 0. 0. 0. 0. 1. 0. 0. 0. 0. 0. 0. 0. 0. 0. 0. 0. 0. 1. 0. 0. 0. 0.
  0. 0. 1. 0. 0. 0.]
 [0. 0. 0. 1. 0. 0. 0. 1. 0. 0. 0. 0. 0. 1. 0. 0. 0. 0. 0. 0. 0. 0. 0. 0.
  0. 0. 0. 0. 0. 0.]
 [1. 0. 0. 1. 0. 0. 0. 0. 0. 0. 0. 0. 0. 0. 0. 1. 0. 0. 0. 0. 1. 1. 1. 0.
  0. 0. 0. 0. 0. 0.]
 [0. 0. 0. 0. 0. 0. 0. 0. 0. 0. 0. 0. 0. 0. 0. 0. 0. 0. 0. 0. 0. 0. 1. 0.
  0. 0. 0. 0. 0. 0.]
 [1. 1. 0. 0. 0. 1. 1. 0. 0. 0. 0. 0. 0. 0. 0. 0. 0. 0. 1. 0. 0. 0. 0. 0.
  0. 1. 0. 0. 1. 0.]
 [1. 1. 1. 0. 0. 0. 0. 1. 0. 0. 0. 1. 0. 0. 0. 0. 0. 0. 0. 1. 0. 0. 0. 0.
  0. 0. 0. 0. 0. 0.]
 [0. 0. 1. 0. 0. 0. 1. 0. 0. 0. 0. 0. 0. 0. 0. 1. 0. 0. 0. 1. 0. 0. 0. 0.
  0. 0. 0. 0. 0. 0.]
 [0. 0. 0. 0. 0. 0. 0. 0. 0. 0. 0. 0. 0. 0. 0. 0. 0. 0. 0. 0. 0. 0. 0. 0.
  0. 0. 0. 0. 0. 0.]
 [0. 0. 1. 0. 0. 0. 1. 0. 0. 0. 0. 0. 1. 0. 0. 0. 0. 0. 0. 1. 0. 0. 0. 0.
  0. 0. 1. 0. 0. 1.]
 [0. 0. 0. 1. 1. 0. 0. 0. 1. 0. 0. 0. 0. 0. 0. 1. 0. 0. 0. 0. 0. 0. 0. 0.
  0. 0. 0. 0. 1. 0.]
 [0. 0. 0. 0. 0. 0. 0. 0. 0. 0. 0. 0. 0. 0. 0. 0. 0. 0. 0. 0. 0. 0. 0. 0.
  0. 0. 0. 0. 0. 0.]
 [0. 0. 0. 0. 0. 0. 0. 0. 0. 0. 0. 0. 0. 0. 0. 0. 0. 0. 0. 0. 0. 0. 0. 0.
  0. 0. 0. 0. 1. 0.]
 [1. 1. 1. 0. 1. 0. 0. 0. 0. 0. 0. 1. 0. 0. 0. 0. 0. 0. 0. 1. 0. 0. 0. 0.
  0. 0. 0. 0. 0. 0.]
 [1. 0. 0. 0. 0. 0. 0. 0. 0. 0. 0. 0. 0. 0. 0. 0. 0. 0. 0. 0. 0. 0. 0. 0.
  0. 0. 0. 0. 0. 0.]
 [0. 0. 0. 0. 0. 0. 0. 0. 0. 0. 0. 0. 0. 0. 0. 0. 0. 0. 0. 0. 0. 0. 0. 0.
  0. 0. 0. 0. 0. 0.]
 [1. 0. 0. 0. 0. 0. 0. 0. 0. 0. 0. 0. 0. 0. 0. 0. 0. 0. 0. 0. 0. 0. 0. 0.
  0. 0. 0. 0. 0. 0.]
 [0. 0. 0. 0. 0. 1. 0. 0. 0. 1. 1. 0. 0. 0. 0. 0. 0. 1. 0. 0. 0. 0. 1. 0.
  0. 1. 0. 0. 1. 0.]
 [0. 0. 0. 0. 0. 1. 0. 0. 0. 0. 0. 0. 0. 0. 0. 0. 0. 0. 0. 0. 0. 0. 0. 1.
  0. 0. 1. 0. 1. 1.]
 [0. 0. 0. 0. 0. 0. 0. 0. 0. 0. 0. 0. 0. 0. 0. 0. 0. 0. 1. 0. 0. 0. 1. 0.
  0. 0. 0. 0. 1. 0.]
 [0. 0. 0. 0. 1. 0. 0. 1. 0. 0. 0. 1. 0. 0. 0. 0. 0. 1. 0. 0. 0. 0. 0. 1.
  0. 0. 0. 0. 0. 0.]
 [0. 0. 0. 0. 0. 0. 0. 0. 0. 0. 0. 0. 0. 0. 0. 0. 0. 0. 0. 0. 0. 0. 0. 0.
  0. 0. 0. 0. 0. 0.]
 [0. 0. 1. 0. 0. 0. 0. 0. 0. 0. 0. 0. 0. 0. 0. 0. 0. 1. 0. 0. 0. 0. 0. 0.
  0. 0. 1. 0. 0. 0.]]
[0. 0. 1. 0. 0. 0. 0. 0. 0. 0. 0. 0. 0. 0. 0. 0. 0. 1. 0. 0. 0. 1. 0. 0.
 0. 0. 0. 0. 0. 1. 0. 0. 0. 0. 0. 0. 0. 0. 0. 0. 0. 0. 0. 1. 0. 0. 1. 0.
 0. 0. 0. 0. 0. 0. 1. 0. 0. 0. 0. 0. 0. 0. 0. 0. 0. 0. 0. 0. 0. 0. 0. 0.
 0. 0. 0. 0. 0. 0. 0. 0. 0. 0. 0. 0. 0. 0. 0. 0. 0. 0. 0. 0. 0. 0. 0. 0.
 0. 0. 0. 0. 0. 1. 0. 0. 1. 1. 0. 0. 0. 0. 0. 0. 0. 0. 0. 0. 0. 0. 0. 0.
 0. 0. 0. 0. 0. 0. 0. 0. 0. 0. 0. 0. 0. 0. 0. 0. 0. 0. 0. 0. 0. 0. 0. 0.
 0. 0. 0. 0. 0. 0. 0. 0. 0. 0. 0. 0. 0. 0. 0. 0. 0. 0. 1. 1. 0. 0. 0. 0.
 0. 0. 0. 0. 1. 0. 0. 0. 0. 0. 0. 0. 0. 0. 0. 0. 0. 0. 0. 0. 0. 0. 0. 1.
 0. 0. 0. 0. 0. 0. 0. 0. 0. 0. 0. 1. 0. 0. 0. 0. 1. 0. 0. 0. 0. 0. 0. 0.
 0. 0. 0. 0. 0. 1. 0. 0. 0. 0. 0. 0. 0. 0. 0. 0. 0. 0. 0. 0. 0. 0. 1. 0.
 0. 0. 0. 0. 0. 0. 0. 0. 0. 0. 1. 0. 0. 0. 0. 0. 0. 1. 0. 0. 0. 0. 0. 0.
 1. 0. 0. 0. 1. 0. 0. 0. 0. 1. 0. 0. 0. 0. 0. 0. 0. 0. 0. 0. 0. 0. 0. 0.
 0. 0. 1. 0. 0. 1. 0. 0. 0. 0. 0. 0. 0. 0. 0. 0. 1. 0. 0. 0. 0. 1. 1. 1.
 0. 0. 0. 0. 0. 0. 0. 0. 0. 0. 0. 0. 0. 0. 0. 0. 0. 0. 0. 0. 0. 0. 0. 0.
 0. 0. 0. 0. 1. 0. 0. 0. 0. 0. 0. 0. 1. 1. 0. 0. 0. 1. 1. 0. 0. 0. 0. 0.
 0. 0. 0. 0. 0. 1. 0. 0. 0. 0. 0. 0. 1. 0. 0. 1. 0. 1. 1. 1. 0. 0. 0. 0.
 1. 0. 0. 0. 1. 0. 0. 0. 0. 0. 0. 1. 0. 0. 0. 0. 0. 0. 0. 0. 0. 0. 0. 0.
 1. 0. 0. 0. 1. 0. 0. 0. 0. 0. 0. 0. 1. 0. 0. 0. 1. 0. 0. 0. 0. 0. 0. 0.
 0. 0. 0. 0. 0. 0. 0. 0. 0. 0. 0. 0. 0. 0. 0. 0. 0. 0. 0. 0. 0. 0. 0. 0.
 0. 0. 0. 0. 0. 0. 0. 0. 0. 0. 1. 0. 0. 0. 1. 0. 0. 0. 0. 0. 1. 0. 0. 0.
 0. 0. 1. 0. 0. 0. 0. 0. 0. 1. 0. 0. 1. 0. 0. 0. 1. 1. 0. 0. 0. 1. 0. 0.
 0. 0. 0. 0. 1. 0. 0. 0. 0. 0. 0. 0. 0. 0. 0. 0. 1. 0. 0. 0. 0. 0. 0. 0.
 0. 0. 0. 0. 0. 0. 0. 0. 0. 0. 0. 0. 0. 0. 0. 0. 0. 0. 0. 0. 0. 0. 0. 0.
 0. 0. 0. 0. 0. 0. 0. 0. 0. 0. 0. 0. 0. 0. 0. 0. 0. 0. 0. 0. 0. 0. 0. 0.
 0. 0. 1. 0. 1. 1. 1. 0. 1. 0. 0. 0. 0. 0. 0. 1. 0. 0. 0. 0. 0. 0. 0. 1.
 0. 0. 0. 0. 0. 0. 0. 0. 0. 1. 0. 0. 0. 0. 0. 0. 0. 0. 0. 0. 0. 0. 0. 0.
 0. 0. 0. 0. 0. 0. 0. 0. 0. 0. 0. 0. 0. 0. 0. 0. 0. 0. 0. 0. 0. 0. 0. 0.
 0. 0. 0. 0. 0. 0. 0. 0. 0. 0. 0. 0. 0. 0. 0. 0. 0. 0. 0. 1. 0. 0. 0. 0.
 0. 0. 0. 0. 0. 0. 0. 0. 0. 0. 0. 0. 0. 0. 0. 0. 0. 0. 0. 0. 0. 0. 0. 0.
 0. 0. 0. 0. 0. 1. 0. 0. 0. 1. 1. 0. 0. 0. 0. 0. 0. 1. 0. 0. 0. 0. 1. 0.
 1. 0. 0. 1. 0. 0. 0. 0. 0. 0. 1. 0. 0. 0. 0. 0. 0. 0. 0. 0. 0. 0. 0. 0.
 0. 0. 0. 0. 1. 0. 1. 0. 1. 1. 0. 0. 0. 0. 0. 0. 0. 0. 0. 0. 0. 0. 0. 0.
 0. 0. 0. 0. 1. 0. 0. 0. 1. 0. 0. 0. 0. 1. 0. 0. 0. 0. 0. 1. 0. 0. 1. 0.
 0. 0. 1. 0. 0. 0. 0. 0. 1. 0. 0. 0. 0. 0. 1. 0. 0. 0. 0. 0. 0. 0. 0. 0.
 0. 0. 0. 0. 0. 0. 0. 0. 0. 0. 0. 0. 0. 0. 0. 0. 0. 0. 0. 0. 0. 0. 0. 0.
 0. 0. 0. 1. 0. 0. 0. 0. 0. 0. 0. 0. 0. 0. 0. 0. 0. 0. 1. 0. 0. 0. 0. 0.
 0. 0. 0. 1. 0. 0.]
aucroc, aucpr (0.97994301994302, 0.9447018984999592)
cuda
noise_multiplier  0.8  noise_multiplier_b  5.0  noise_multiplier_delta  0.802572353905128
cuda
Objective function 982.29 = squared loss an data 726.28 + 0.5*rho*h**2 254.631624 + alpha*h 0.000000 + L2reg 0.55 + L1reg 0.82 ; SHD = 415 ; DAG False
total norm for a microbatch 93.18996793591049 clip 12.00582138917335
total norm for a microbatch 69.52871852419464 clip 35.06061853556806
total norm for a microbatch 72.77075419082426 clip 38.01845405262689
total norm for a microbatch 73.18770798738456 clip 50.467788351620946
total norm for a microbatch 75.10223630475414 clip 60.95631311844038
total norm for a microbatch 52.14379514542448 clip 56.791755467233344
total norm for a microbatch 50.520376738330434 clip 60.3615717125076
cuda
Objective function 153.71 = squared loss an data 147.57 + 0.5*rho*h**2 4.797277 + alpha*h 0.000000 + L2reg 0.80 + L1reg 0.54 ; SHD = 167 ; DAG False
Proportion of microbatches that were clipped  0.9336297237218164
iteration 1 in inner loop, alpha 0.0 rho 1.0 h 3.097507867395464
iteration 1 in outer loop, alpha = 3.097507867395464, rho = 1.0, h = 3.097507867395464
cuda
noise_multiplier  0.8  noise_multiplier_b  5.0  noise_multiplier_delta  0.802572353905128
cuda
Objective function 163.31 = squared loss an data 147.57 + 0.5*rho*h**2 4.797277 + alpha*h 9.594555 + L2reg 0.80 + L1reg 0.54 ; SHD = 167 ; DAG False
total norm for a microbatch 63.863102330932804 clip 3.4131879900929336
total norm for a microbatch 53.63922098793499 clip 3.4131879900929336
total norm for a microbatch 102.76263606085763 clip 4.820963555372713
total norm for a microbatch 79.86712600661494 clip 29.087445742306315
total norm for a microbatch 103.67776430991931 clip 64.47518871830117
cuda
Objective function 67.06 = squared loss an data 51.89 + 0.5*rho*h**2 4.204628 + alpha*h 8.982376 + L2reg 1.44 + L1reg 0.54 ; SHD = 162 ; DAG False
Proportion of microbatches that were clipped  0.9570014603277625
iteration 1 in inner loop, alpha 3.097507867395464 rho 1.0 h 2.899871874913458
noise_multiplier  0.8  noise_multiplier_b  5.0  noise_multiplier_delta  0.802572353905128
cuda
Objective function 104.90 = squared loss an data 51.89 + 0.5*rho*h**2 42.046284 + alpha*h 8.982376 + L2reg 1.44 + L1reg 0.54 ; SHD = 162 ; DAG False
total norm for a microbatch 186.57338082688776 clip 36.79796548227031
total norm for a microbatch 160.44758288509257 clip 83.04117112107555
total norm for a microbatch 150.93935529998507 clip 139.2034229575752
cuda
Objective function 63.70 = squared loss an data 46.49 + 0.5*rho*h**2 10.555273 + alpha*h 4.500514 + L2reg 1.68 + L1reg 0.48 ; SHD = 125 ; DAG False
Proportion of microbatches that were clipped  0.9696119682094436
iteration 2 in inner loop, alpha 3.097507867395464 rho 10.0 h 1.4529468650504533
noise_multiplier  0.8  noise_multiplier_b  5.0  noise_multiplier_delta  0.802572353905128
cuda
Objective function 158.70 = squared loss an data 46.49 + 0.5*rho*h**2 105.552730 + alpha*h 4.500514 + L2reg 1.68 + L1reg 0.48 ; SHD = 125 ; DAG False
total norm for a microbatch 235.03489995164023 clip 1.0
total norm for a microbatch 315.8343987929212 clip 1.0
total norm for a microbatch 220.8827017817092 clip 1.5648840600930325
total norm for a microbatch 177.67297416805368 clip 2.926702094052304
total norm for a microbatch 125.68228104079552 clip 4.234580085031198
total norm for a microbatch 162.26982586527674 clip 8.811315503583273
total norm for a microbatch 169.83317276890668 clip 10.387705013295742
total norm for a microbatch 192.32808459846984 clip 11.254737657111313
total norm for a microbatch 282.2398708194845 clip 57.68371436458633
cuda
Objective function 66.65 = squared loss an data 48.29 + 0.5*rho*h**2 14.498938 + alpha*h 1.667998 + L2reg 1.80 + L1reg 0.40 ; SHD = 99 ; DAG True
Proportion of microbatches that were clipped  0.9810433965220116
iteration 3 in inner loop, alpha 3.097507867395464 rho 100.0 h 0.5384967684380371
iteration 2 in outer loop, alpha = 56.94718471119917, rho = 100.0, h = 0.5384967684380371
cuda
noise_multiplier  0.8  noise_multiplier_b  5.0  noise_multiplier_delta  0.802572353905128
cuda
Objective function 95.65 = squared loss an data 48.29 + 0.5*rho*h**2 14.498938 + alpha*h 30.665875 + L2reg 1.80 + L1reg 0.40 ; SHD = 99 ; DAG True
total norm for a microbatch 183.87745605827294 clip 1.6939865349067824
total norm for a microbatch 216.71573145946476 clip 3.7441693006401096
total norm for a microbatch 186.05555403462728 clip 9.11322667207144
total norm for a microbatch 257.0648323309961 clip 9.11322667207144
total norm for a microbatch 236.07425239224187 clip 9.979120953609183
total norm for a microbatch 215.55190496049246 clip 12.059476234698849
total norm for a microbatch 310.61701042536595 clip 17.2151696874288
total norm for a microbatch 232.37554386540452 clip 39.08457219985914
total norm for a microbatch 342.41210937877133 clip 128.0774118110437
cuda
Objective function 78.26 = squared loss an data 47.48 + 0.5*rho*h**2 7.063734 + alpha*h 21.404467 + L2reg 1.93 + L1reg 0.39 ; SHD = 106 ; DAG True
Proportion of microbatches that were clipped  0.9821050919147551
iteration 1 in inner loop, alpha 56.94718471119917 rho 100.0 h 0.375865230538281
noise_multiplier  0.8  noise_multiplier_b  5.0  noise_multiplier_delta  0.802572353905128
cuda
Objective function 141.83 = squared loss an data 47.48 + 0.5*rho*h**2 70.637336 + alpha*h 21.404467 + L2reg 1.93 + L1reg 0.39 ; SHD = 106 ; DAG True
total norm for a microbatch 213.6092848167314 clip 3.6382018604394717
total norm for a microbatch 313.30268380242717 clip 6.075932641169995
total norm for a microbatch 319.43523167054724 clip 13.339768351385509
total norm for a microbatch 215.6865278179542 clip 16.16904256427811
total norm for a microbatch 240.94468334604912 clip 214.92923076842106
cuda
Objective function 77.32 = squared loss an data 49.63 + 0.5*rho*h**2 15.325391 + alpha*h 9.969951 + L2reg 2.05 + L1reg 0.35 ; SHD = 108 ; DAG True
Proportion of microbatches that were clipped  0.989056968136466
iteration 2 in inner loop, alpha 56.94718471119917 rho 1000.0 h 0.17507364543087078
noise_multiplier  0.8  noise_multiplier_b  5.0  noise_multiplier_delta  0.802572353905128
cuda
Objective function 215.25 = squared loss an data 49.63 + 0.5*rho*h**2 153.253907 + alpha*h 9.969951 + L2reg 2.05 + L1reg 0.35 ; SHD = 108 ; DAG True
total norm for a microbatch 279.71372398284143 clip 6.8288313689966476
total norm for a microbatch 273.93086446945637 clip 34.69307974756193
total norm for a microbatch 334.8593039342565 clip 77.9516918096071
total norm for a microbatch 266.50714483930835 clip 172.53920073293935
total norm for a microbatch 280.2996288763191 clip 241.05658825855107
cuda
Objective function 75.90 = squared loss an data 49.22 + 0.5*rho*h**2 20.555277 + alpha*h 3.651312 + L2reg 2.16 + L1reg 0.31 ; SHD = 118 ; DAG True
Proportion of microbatches that were clipped  0.9915979964453062
iteration 3 in inner loop, alpha 56.94718471119917 rho 10000.0 h 0.06411751218756478
iteration 3 in outer loop, alpha = 698.122306586847, rho = 10000.0, h = 0.06411751218756478
cuda
noise_multiplier  0.8  noise_multiplier_b  5.0  noise_multiplier_delta  0.802572353905128
cuda
Objective function 117.01 = squared loss an data 49.22 + 0.5*rho*h**2 20.555277 + alpha*h 44.761866 + L2reg 2.16 + L1reg 0.31 ; SHD = 118 ; DAG True
total norm for a microbatch 309.84067635106635 clip 7.253741245615108
total norm for a microbatch 371.5355089262153 clip 8.630585512024298
total norm for a microbatch 270.9764884819364 clip 10.284651800574519
cuda
Objective function 88.24 = squared loss an data 47.99 + 0.5*rho*h**2 8.639826 + alpha*h 29.020107 + L2reg 2.27 + L1reg 0.31 ; SHD = 121 ; DAG True
Proportion of microbatches that were clipped  0.9969774101177219
iteration 1 in inner loop, alpha 698.122306586847 rho 10000.0 h 0.04156880019178999
noise_multiplier  0.8  noise_multiplier_b  5.0  noise_multiplier_delta  0.802572353905128
cuda
Objective function 166.00 = squared loss an data 47.99 + 0.5*rho*h**2 86.398257 + alpha*h 29.020107 + L2reg 2.27 + L1reg 0.31 ; SHD = 121 ; DAG True
total norm for a microbatch 2362.069599056655 clip 1.1008330059175793
total norm for a microbatch 327.71331210319534 clip 4.888243459385719
total norm for a microbatch 331.0840639052711 clip 22.005536755326045
cuda
Objective function 91.24 = squared loss an data 48.10 + 0.5*rho*h**2 24.890410 + alpha*h 15.576237 + L2reg 2.37 + L1reg 0.31 ; SHD = 126 ; DAG True
Proportion of microbatches that were clipped  1.0
iteration 2 in inner loop, alpha 698.122306586847 rho 100000.0 h 0.022311615777486082
iteration 4 in outer loop, alpha = 23009.73808407293, rho = 1000000.0, h = 0.022311615777486082
Threshold 0.3
[[0.004 0.421 0.339 0.089 0.302 0.234 0.079 0.017 0.25  0.024 0.014 0.169
  0.028 0.143 0.158 0.115 0.055 0.143 0.463 0.056 0.047 0.205 0.298 0.163
  0.022 0.041 0.047 0.124 0.208 0.07 ]
 [0.008 0.006 0.107 0.032 0.098 0.065 0.05  0.014 0.071 0.019 0.01  0.02
  0.015 0.041 0.024 0.033 0.016 0.095 0.173 0.025 0.013 0.039 0.058 0.065
  0.008 0.018 0.012 0.027 0.05  0.022]
 [0.02  0.089 0.008 0.063 0.036 0.045 0.024 0.009 0.053 0.009 0.006 0.032
  0.021 0.008 0.034 0.018 0.01  0.057 0.076 0.021 0.009 0.037 0.05  0.016
  0.013 0.012 0.02  0.019 0.021 0.01 ]
 [0.077 0.242 0.122 0.006 0.166 0.093 0.073 0.021 0.131 0.016 0.008 0.04
  0.045 0.02  0.036 0.052 0.041 0.245 0.553 0.022 0.043 0.045 0.151 0.121
  0.01  0.021 0.043 0.034 0.055 0.041]
 [0.019 0.077 0.138 0.04  0.007 0.035 0.075 0.022 0.093 0.016 0.017 0.061
  0.016 0.058 0.034 0.089 0.018 0.075 0.09  0.017 0.005 0.076 0.057 0.072
  0.014 0.013 0.025 0.015 0.03  0.016]
 [0.021 0.082 0.121 0.094 0.119 0.008 0.056 0.006 0.067 0.034 0.013 0.066
  0.013 0.035 0.055 0.074 0.063 0.164 0.167 0.061 0.049 0.074 0.049 0.108
  0.013 0.01  0.023 0.044 0.064 0.053]
 [0.085 0.102 0.24  0.101 0.111 0.108 0.004 0.02  0.159 0.022 0.017 0.044
  0.071 0.1   0.118 0.078 0.035 0.075 0.293 0.046 0.012 0.05  0.065 0.174
  0.024 0.021 0.03  0.038 0.056 0.057]
 [0.441 0.496 0.62  0.316 0.268 1.369 0.266 0.007 0.506 0.175 0.047 0.328
  0.191 0.642 0.41  0.494 0.062 0.439 0.346 0.227 0.154 0.393 0.347 0.525
  0.037 0.057 0.063 0.111 0.23  0.141]
 [0.032 0.069 0.077 0.055 0.059 0.104 0.039 0.006 0.008 0.044 0.013 0.062
  0.012 0.058 0.058 0.075 0.041 0.111 0.036 0.088 0.015 0.132 0.098 0.105
  0.014 0.026 0.02  0.04  0.095 0.059]
 [0.227 0.324 0.635 0.426 0.268 0.105 0.198 0.044 0.178 0.005 0.007 0.316
  0.041 1.008 0.093 0.505 0.088 0.14  0.165 0.331 0.124 0.189 0.271 0.23
  0.008 0.014 0.037 0.169 0.088 0.056]
 [0.441 0.389 0.567 0.757 0.295 0.374 0.33  0.148 0.424 0.975 0.006 0.366
  0.124 0.524 0.385 0.34  0.168 0.572 0.537 0.41  0.098 0.54  0.849 0.485
  0.019 0.118 0.11  0.153 0.497 0.181]
 [0.046 0.285 0.162 0.151 0.114 0.103 0.185 0.02  0.118 0.019 0.012 0.006
  0.034 0.025 0.075 0.135 0.04  0.138 0.135 0.1   0.045 0.098 0.7   0.166
  0.01  0.023 0.041 0.037 0.032 0.062]
 [0.149 0.643 0.294 0.158 0.348 0.41  0.089 0.047 0.276 0.093 0.059 0.126
  0.007 0.137 0.147 0.22  0.13  0.216 0.708 0.076 0.053 0.3   0.283 0.176
  0.024 0.1   0.043 0.16  0.067 0.089]
 [0.041 0.149 0.882 0.22  0.124 0.143 0.069 0.014 0.12  0.006 0.009 0.289
  0.042 0.006 0.15  0.125 0.025 0.127 0.142 0.089 0.051 0.07  0.135 0.086
  0.008 0.014 0.022 0.035 0.04  0.051]
 [0.03  0.311 0.225 0.138 0.201 0.131 0.089 0.018 0.105 0.044 0.018 0.076
  0.054 0.034 0.006 0.086 0.037 0.158 0.317 0.078 0.041 0.131 0.18  0.091
  0.016 0.059 0.027 0.04  0.069 0.028]
 [0.05  0.188 0.287 0.139 0.083 0.101 0.089 0.01  0.088 0.008 0.009 0.042
  0.03  0.056 0.077 0.007 0.042 0.156 0.148 0.065 0.022 0.053 0.143 0.058
  0.008 0.01  0.03  0.039 0.024 0.034]
 [0.179 0.289 0.571 0.173 0.278 0.084 0.171 0.079 0.107 0.104 0.048 0.164
  0.042 0.194 0.113 0.139 0.008 0.156 0.188 0.264 0.052 0.184 0.294 0.206
  0.037 0.052 0.075 0.051 0.067 0.141]
 [0.035 0.037 0.142 0.031 0.133 0.057 0.071 0.013 0.062 0.043 0.014 0.019
  0.021 0.043 0.047 0.048 0.037 0.008 0.072 0.065 0.012 0.046 0.057 0.042
  0.014 0.012 0.026 0.03  0.056 0.029]
 [0.013 0.06  0.069 0.013 0.067 0.044 0.015 0.009 0.141 0.025 0.011 0.061
  0.012 0.035 0.02  0.047 0.025 0.102 0.005 0.029 0.013 0.034 0.067 0.038
  0.011 0.015 0.015 0.035 0.017 0.012]
 [0.114 0.201 0.282 0.157 0.328 0.119 0.11  0.032 0.106 0.019 0.016 0.08
  0.1   0.078 0.054 0.119 0.022 0.087 0.204 0.008 0.041 0.148 0.143 0.109
  0.01  0.033 0.049 0.07  0.05  0.103]
 [0.143 0.513 0.62  0.14  0.981 0.098 0.394 0.052 0.396 0.06  0.075 0.174
  0.088 0.131 0.191 0.315 0.12  0.386 0.318 0.144 0.009 0.123 0.324 0.277
  0.043 0.035 0.03  0.136 0.206 0.12 ]
 [0.037 0.209 0.197 0.105 0.086 0.1   0.105 0.013 0.05  0.039 0.012 0.057
  0.031 0.109 0.054 0.163 0.039 0.09  0.217 0.046 0.049 0.004 0.079 0.127
  0.019 0.037 0.014 0.032 0.061 0.034]
 [0.021 0.141 0.131 0.042 0.095 0.116 0.157 0.011 0.088 0.016 0.006 0.011
  0.023 0.04  0.049 0.051 0.018 0.126 0.062 0.045 0.02  0.086 0.006 0.03
  0.012 0.025 0.003 0.014 0.043 0.046]
 [0.035 0.114 0.346 0.055 0.068 0.08  0.047 0.012 0.106 0.033 0.013 0.053
  0.037 0.101 0.09  0.095 0.034 0.111 0.19  0.036 0.018 0.072 0.178 0.006
  0.015 0.017 0.032 0.039 0.079 0.044]
 [0.282 0.521 0.324 0.566 0.442 0.462 0.205 0.228 0.263 0.88  0.314 0.391
  0.309 0.267 0.427 0.625 0.123 0.306 0.382 0.484 0.142 0.292 0.493 0.362
  0.008 0.315 0.157 0.215 0.373 0.185]
 [0.178 0.409 0.391 0.231 0.253 0.563 0.227 0.094 0.226 0.431 0.079 0.261
  0.068 0.288 0.126 0.435 0.155 0.533 0.451 0.178 0.262 0.146 0.2   0.271
  0.015 0.007 0.061 0.123 0.31  0.133]
 [0.131 0.4   0.197 0.174 0.105 0.233 0.228 0.077 0.294 0.169 0.051 0.219
  0.174 0.192 0.216 0.206 0.063 0.281 0.193 0.162 0.274 0.473 1.289 0.236
  0.027 0.083 0.008 0.117 0.272 0.159]
 [0.077 0.216 0.336 0.206 0.418 0.206 0.176 0.049 0.143 0.041 0.046 0.216
  0.047 0.155 0.175 0.126 0.132 0.234 0.126 0.119 0.046 0.233 0.363 0.198
  0.028 0.059 0.05  0.005 0.133 0.128]
 [0.028 0.074 0.326 0.163 0.149 0.12  0.106 0.03  0.069 0.048 0.014 0.153
  0.106 0.149 0.114 0.206 0.077 0.167 0.319 0.135 0.02  0.112 0.124 0.131
  0.015 0.025 0.023 0.07  0.006 0.1  ]
 [0.085 0.176 0.644 0.137 0.329 0.166 0.128 0.046 0.072 0.132 0.024 0.084
  0.058 0.103 0.163 0.201 0.054 0.268 0.338 0.067 0.07  0.217 0.14  0.188
  0.041 0.049 0.039 0.052 0.101 0.006]]
[[0.    0.421 0.339 0.    0.302 0.    0.    0.    0.    0.    0.    0.
  0.    0.    0.    0.    0.    0.    0.463 0.    0.    0.    0.    0.
  0.    0.    0.    0.    0.    0.   ]
 [0.    0.    0.    0.    0.    0.    0.    0.    0.    0.    0.    0.
  0.    0.    0.    0.    0.    0.    0.    0.    0.    0.    0.    0.
  0.    0.    0.    0.    0.    0.   ]
 [0.    0.    0.    0.    0.    0.    0.    0.    0.    0.    0.    0.
  0.    0.    0.    0.    0.    0.    0.    0.    0.    0.    0.    0.
  0.    0.    0.    0.    0.    0.   ]
 [0.    0.    0.    0.    0.    0.    0.    0.    0.    0.    0.    0.
  0.    0.    0.    0.    0.    0.    0.553 0.    0.    0.    0.    0.
  0.    0.    0.    0.    0.    0.   ]
 [0.    0.    0.    0.    0.    0.    0.    0.    0.    0.    0.    0.
  0.    0.    0.    0.    0.    0.    0.    0.    0.    0.    0.    0.
  0.    0.    0.    0.    0.    0.   ]
 [0.    0.    0.    0.    0.    0.    0.    0.    0.    0.    0.    0.
  0.    0.    0.    0.    0.    0.    0.    0.    0.    0.    0.    0.
  0.    0.    0.    0.    0.    0.   ]
 [0.    0.    0.    0.    0.    0.    0.    0.    0.    0.    0.    0.
  0.    0.    0.    0.    0.    0.    0.    0.    0.    0.    0.    0.
  0.    0.    0.    0.    0.    0.   ]
 [0.441 0.496 0.62  0.316 0.    1.369 0.    0.    0.506 0.    0.    0.328
  0.    0.642 0.41  0.494 0.    0.439 0.346 0.    0.    0.393 0.347 0.525
  0.    0.    0.    0.    0.    0.   ]
 [0.    0.    0.    0.    0.    0.    0.    0.    0.    0.    0.    0.
  0.    0.    0.    0.    0.    0.    0.    0.    0.    0.    0.    0.
  0.    0.    0.    0.    0.    0.   ]
 [0.    0.324 0.635 0.426 0.    0.    0.    0.    0.    0.    0.    0.316
  0.    1.008 0.    0.505 0.    0.    0.    0.331 0.    0.    0.    0.
  0.    0.    0.    0.    0.    0.   ]
 [0.441 0.389 0.567 0.757 0.    0.374 0.33  0.    0.424 0.975 0.    0.366
  0.    0.524 0.385 0.34  0.    0.572 0.537 0.41  0.    0.54  0.849 0.485
  0.    0.    0.    0.    0.497 0.   ]
 [0.    0.    0.    0.    0.    0.    0.    0.    0.    0.    0.    0.
  0.    0.    0.    0.    0.    0.    0.    0.    0.    0.    0.7   0.
  0.    0.    0.    0.    0.    0.   ]
 [0.    0.643 0.    0.    0.348 0.41  0.    0.    0.    0.    0.    0.
  0.    0.    0.    0.    0.    0.    0.708 0.    0.    0.    0.    0.
  0.    0.    0.    0.    0.    0.   ]
 [0.    0.    0.882 0.    0.    0.    0.    0.    0.    0.    0.    0.
  0.    0.    0.    0.    0.    0.    0.    0.    0.    0.    0.    0.
  0.    0.    0.    0.    0.    0.   ]
 [0.    0.311 0.    0.    0.    0.    0.    0.    0.    0.    0.    0.
  0.    0.    0.    0.    0.    0.    0.317 0.    0.    0.    0.    0.
  0.    0.    0.    0.    0.    0.   ]
 [0.    0.    0.    0.    0.    0.    0.    0.    0.    0.    0.    0.
  0.    0.    0.    0.    0.    0.    0.    0.    0.    0.    0.    0.
  0.    0.    0.    0.    0.    0.   ]
 [0.    0.    0.571 0.    0.    0.    0.    0.    0.    0.    0.    0.
  0.    0.    0.    0.    0.    0.    0.    0.    0.    0.    0.    0.
  0.    0.    0.    0.    0.    0.   ]
 [0.    0.    0.    0.    0.    0.    0.    0.    0.    0.    0.    0.
  0.    0.    0.    0.    0.    0.    0.    0.    0.    0.    0.    0.
  0.    0.    0.    0.    0.    0.   ]
 [0.    0.    0.    0.    0.    0.    0.    0.    0.    0.    0.    0.
  0.    0.    0.    0.    0.    0.    0.    0.    0.    0.    0.    0.
  0.    0.    0.    0.    0.    0.   ]
 [0.    0.    0.    0.    0.328 0.    0.    0.    0.    0.    0.    0.
  0.    0.    0.    0.    0.    0.    0.    0.    0.    0.    0.    0.
  0.    0.    0.    0.    0.    0.   ]
 [0.    0.513 0.62  0.    0.981 0.    0.394 0.    0.396 0.    0.    0.
  0.    0.    0.    0.315 0.    0.386 0.318 0.    0.    0.    0.324 0.
  0.    0.    0.    0.    0.    0.   ]
 [0.    0.    0.    0.    0.    0.    0.    0.    0.    0.    0.    0.
  0.    0.    0.    0.    0.    0.    0.    0.    0.    0.    0.    0.
  0.    0.    0.    0.    0.    0.   ]
 [0.    0.    0.    0.    0.    0.    0.    0.    0.    0.    0.    0.
  0.    0.    0.    0.    0.    0.    0.    0.    0.    0.    0.    0.
  0.    0.    0.    0.    0.    0.   ]
 [0.    0.    0.346 0.    0.    0.    0.    0.    0.    0.    0.    0.
  0.    0.    0.    0.    0.    0.    0.    0.    0.    0.    0.    0.
  0.    0.    0.    0.    0.    0.   ]
 [0.    0.521 0.324 0.566 0.442 0.462 0.    0.    0.    0.88  0.314 0.391
  0.309 0.    0.427 0.625 0.    0.306 0.382 0.484 0.    0.    0.493 0.362
  0.    0.315 0.    0.    0.373 0.   ]
 [0.    0.409 0.391 0.    0.    0.563 0.    0.    0.    0.431 0.    0.
  0.    0.    0.    0.435 0.    0.533 0.451 0.    0.    0.    0.    0.
  0.    0.    0.    0.    0.31  0.   ]
 [0.    0.4   0.    0.    0.    0.    0.    0.    0.    0.    0.    0.
  0.    0.    0.    0.    0.    0.    0.    0.    0.    0.473 1.289 0.
  0.    0.    0.    0.    0.    0.   ]
 [0.    0.    0.336 0.    0.418 0.    0.    0.    0.    0.    0.    0.
  0.    0.    0.    0.    0.    0.    0.    0.    0.    0.    0.363 0.
  0.    0.    0.    0.    0.    0.   ]
 [0.    0.    0.326 0.    0.    0.    0.    0.    0.    0.    0.    0.
  0.    0.    0.    0.    0.    0.    0.319 0.    0.    0.    0.    0.
  0.    0.    0.    0.    0.    0.   ]
 [0.    0.    0.644 0.    0.329 0.    0.    0.    0.    0.    0.    0.
  0.    0.    0.    0.    0.    0.    0.338 0.    0.    0.    0.    0.
  0.    0.    0.    0.    0.    0.   ]]
{'fdr': 0.6893203883495146, 'tpr': 0.35555555555555557, 'fpr': 0.20579710144927535, 'f1': 0.3316062176165803, 'shd': 126, 'npred': 103, 'ntrue': 90}
[0.421 0.339 0.089 0.302 0.234 0.079 0.017 0.25  0.024 0.014 0.169 0.028
 0.143 0.158 0.115 0.055 0.143 0.463 0.056 0.047 0.205 0.298 0.163 0.022
 0.041 0.047 0.124 0.208 0.07  0.008 0.107 0.032 0.098 0.065 0.05  0.014
 0.071 0.019 0.01  0.02  0.015 0.041 0.024 0.033 0.016 0.095 0.173 0.025
 0.013 0.039 0.058 0.065 0.008 0.018 0.012 0.027 0.05  0.022 0.02  0.089
 0.063 0.036 0.045 0.024 0.009 0.053 0.009 0.006 0.032 0.021 0.008 0.034
 0.018 0.01  0.057 0.076 0.021 0.009 0.037 0.05  0.016 0.013 0.012 0.02
 0.019 0.021 0.01  0.077 0.242 0.122 0.166 0.093 0.073 0.021 0.131 0.016
 0.008 0.04  0.045 0.02  0.036 0.052 0.041 0.245 0.553 0.022 0.043 0.045
 0.151 0.121 0.01  0.021 0.043 0.034 0.055 0.041 0.019 0.077 0.138 0.04
 0.035 0.075 0.022 0.093 0.016 0.017 0.061 0.016 0.058 0.034 0.089 0.018
 0.075 0.09  0.017 0.005 0.076 0.057 0.072 0.014 0.013 0.025 0.015 0.03
 0.016 0.021 0.082 0.121 0.094 0.119 0.056 0.006 0.067 0.034 0.013 0.066
 0.013 0.035 0.055 0.074 0.063 0.164 0.167 0.061 0.049 0.074 0.049 0.108
 0.013 0.01  0.023 0.044 0.064 0.053 0.085 0.102 0.24  0.101 0.111 0.108
 0.02  0.159 0.022 0.017 0.044 0.071 0.1   0.118 0.078 0.035 0.075 0.293
 0.046 0.012 0.05  0.065 0.174 0.024 0.021 0.03  0.038 0.056 0.057 0.441
 0.496 0.62  0.316 0.268 1.369 0.266 0.506 0.175 0.047 0.328 0.191 0.642
 0.41  0.494 0.062 0.439 0.346 0.227 0.154 0.393 0.347 0.525 0.037 0.057
 0.063 0.111 0.23  0.141 0.032 0.069 0.077 0.055 0.059 0.104 0.039 0.006
 0.044 0.013 0.062 0.012 0.058 0.058 0.075 0.041 0.111 0.036 0.088 0.015
 0.132 0.098 0.105 0.014 0.026 0.02  0.04  0.095 0.059 0.227 0.324 0.635
 0.426 0.268 0.105 0.198 0.044 0.178 0.007 0.316 0.041 1.008 0.093 0.505
 0.088 0.14  0.165 0.331 0.124 0.189 0.271 0.23  0.008 0.014 0.037 0.169
 0.088 0.056 0.441 0.389 0.567 0.757 0.295 0.374 0.33  0.148 0.424 0.975
 0.366 0.124 0.524 0.385 0.34  0.168 0.572 0.537 0.41  0.098 0.54  0.849
 0.485 0.019 0.118 0.11  0.153 0.497 0.181 0.046 0.285 0.162 0.151 0.114
 0.103 0.185 0.02  0.118 0.019 0.012 0.034 0.025 0.075 0.135 0.04  0.138
 0.135 0.1   0.045 0.098 0.7   0.166 0.01  0.023 0.041 0.037 0.032 0.062
 0.149 0.643 0.294 0.158 0.348 0.41  0.089 0.047 0.276 0.093 0.059 0.126
 0.137 0.147 0.22  0.13  0.216 0.708 0.076 0.053 0.3   0.283 0.176 0.024
 0.1   0.043 0.16  0.067 0.089 0.041 0.149 0.882 0.22  0.124 0.143 0.069
 0.014 0.12  0.006 0.009 0.289 0.042 0.15  0.125 0.025 0.127 0.142 0.089
 0.051 0.07  0.135 0.086 0.008 0.014 0.022 0.035 0.04  0.051 0.03  0.311
 0.225 0.138 0.201 0.131 0.089 0.018 0.105 0.044 0.018 0.076 0.054 0.034
 0.086 0.037 0.158 0.317 0.078 0.041 0.131 0.18  0.091 0.016 0.059 0.027
 0.04  0.069 0.028 0.05  0.188 0.287 0.139 0.083 0.101 0.089 0.01  0.088
 0.008 0.009 0.042 0.03  0.056 0.077 0.042 0.156 0.148 0.065 0.022 0.053
 0.143 0.058 0.008 0.01  0.03  0.039 0.024 0.034 0.179 0.289 0.571 0.173
 0.278 0.084 0.171 0.079 0.107 0.104 0.048 0.164 0.042 0.194 0.113 0.139
 0.156 0.188 0.264 0.052 0.184 0.294 0.206 0.037 0.052 0.075 0.051 0.067
 0.141 0.035 0.037 0.142 0.031 0.133 0.057 0.071 0.013 0.062 0.043 0.014
 0.019 0.021 0.043 0.047 0.048 0.037 0.072 0.065 0.012 0.046 0.057 0.042
 0.014 0.012 0.026 0.03  0.056 0.029 0.013 0.06  0.069 0.013 0.067 0.044
 0.015 0.009 0.141 0.025 0.011 0.061 0.012 0.035 0.02  0.047 0.025 0.102
 0.029 0.013 0.034 0.067 0.038 0.011 0.015 0.015 0.035 0.017 0.012 0.114
 0.201 0.282 0.157 0.328 0.119 0.11  0.032 0.106 0.019 0.016 0.08  0.1
 0.078 0.054 0.119 0.022 0.087 0.204 0.041 0.148 0.143 0.109 0.01  0.033
 0.049 0.07  0.05  0.103 0.143 0.513 0.62  0.14  0.981 0.098 0.394 0.052
 0.396 0.06  0.075 0.174 0.088 0.131 0.191 0.315 0.12  0.386 0.318 0.144
 0.123 0.324 0.277 0.043 0.035 0.03  0.136 0.206 0.12  0.037 0.209 0.197
 0.105 0.086 0.1   0.105 0.013 0.05  0.039 0.012 0.057 0.031 0.109 0.054
 0.163 0.039 0.09  0.217 0.046 0.049 0.079 0.127 0.019 0.037 0.014 0.032
 0.061 0.034 0.021 0.141 0.131 0.042 0.095 0.116 0.157 0.011 0.088 0.016
 0.006 0.011 0.023 0.04  0.049 0.051 0.018 0.126 0.062 0.045 0.02  0.086
 0.03  0.012 0.025 0.003 0.014 0.043 0.046 0.035 0.114 0.346 0.055 0.068
 0.08  0.047 0.012 0.106 0.033 0.013 0.053 0.037 0.101 0.09  0.095 0.034
 0.111 0.19  0.036 0.018 0.072 0.178 0.015 0.017 0.032 0.039 0.079 0.044
 0.282 0.521 0.324 0.566 0.442 0.462 0.205 0.228 0.263 0.88  0.314 0.391
 0.309 0.267 0.427 0.625 0.123 0.306 0.382 0.484 0.142 0.292 0.493 0.362
 0.315 0.157 0.215 0.373 0.185 0.178 0.409 0.391 0.231 0.253 0.563 0.227
 0.094 0.226 0.431 0.079 0.261 0.068 0.288 0.126 0.435 0.155 0.533 0.451
 0.178 0.262 0.146 0.2   0.271 0.015 0.061 0.123 0.31  0.133 0.131 0.4
 0.197 0.174 0.105 0.233 0.228 0.077 0.294 0.169 0.051 0.219 0.174 0.192
 0.216 0.206 0.063 0.281 0.193 0.162 0.274 0.473 1.289 0.236 0.027 0.083
 0.117 0.272 0.159 0.077 0.216 0.336 0.206 0.418 0.206 0.176 0.049 0.143
 0.041 0.046 0.216 0.047 0.155 0.175 0.126 0.132 0.234 0.126 0.119 0.046
 0.233 0.363 0.198 0.028 0.059 0.05  0.133 0.128 0.028 0.074 0.326 0.163
 0.149 0.12  0.106 0.03  0.069 0.048 0.014 0.153 0.106 0.149 0.114 0.206
 0.077 0.167 0.319 0.135 0.02  0.112 0.124 0.131 0.015 0.025 0.023 0.07
 0.1   0.085 0.176 0.644 0.137 0.329 0.166 0.128 0.046 0.072 0.132 0.024
 0.084 0.058 0.103 0.163 0.201 0.054 0.268 0.338 0.067 0.07  0.217 0.14
 0.188 0.041 0.049 0.039 0.052 0.101]
[[0. 0. 0. 1. 0. 0. 0. 0. 0. 0. 0. 0. 0. 0. 0. 0. 0. 0. 1. 0. 0. 0. 1. 0.
  0. 0. 0. 0. 0. 0.]
 [1. 0. 0. 0. 0. 0. 0. 0. 0. 0. 0. 0. 0. 0. 0. 1. 0. 0. 1. 0. 0. 0. 0. 0.
  0. 0. 1. 0. 0. 0.]
 [0. 0. 0. 0. 0. 0. 0. 0. 0. 0. 0. 0. 0. 0. 0. 0. 0. 0. 0. 0. 0. 0. 0. 0.
  0. 0. 0. 0. 0. 0.]
 [0. 0. 0. 0. 0. 0. 0. 0. 0. 0. 0. 0. 0. 0. 0. 1. 0. 0. 1. 1. 0. 0. 0. 0.
  0. 0. 0. 0. 0. 0.]
 [0. 0. 0. 0. 0. 0. 0. 0. 0. 0. 0. 0. 0. 0. 0. 0. 0. 0. 0. 0. 0. 0. 0. 0.
  0. 0. 0. 0. 0. 0.]
 [0. 0. 0. 0. 0. 0. 0. 0. 0. 0. 0. 0. 0. 0. 0. 0. 0. 0. 1. 1. 0. 0. 0. 0.
  0. 0. 0. 0. 1. 0.]
 [0. 0. 0. 0. 0. 0. 0. 0. 0. 0. 0. 0. 0. 0. 0. 0. 0. 0. 1. 0. 0. 0. 0. 0.
  0. 0. 0. 0. 0. 0.]
 [1. 0. 0. 0. 0. 1. 0. 0. 0. 0. 0. 0. 0. 0. 0. 0. 0. 0. 0. 1. 0. 0. 0. 0.
  0. 0. 0. 0. 0. 0.]
 [0. 0. 0. 0. 0. 0. 1. 0. 0. 0. 0. 0. 0. 0. 0. 0. 0. 0. 0. 1. 0. 0. 0. 0.
  0. 0. 1. 0. 0. 0.]
 [0. 0. 0. 1. 0. 0. 0. 1. 0. 0. 0. 0. 0. 1. 0. 0. 0. 0. 0. 0. 0. 0. 0. 0.
  0. 0. 0. 0. 0. 0.]
 [1. 0. 0. 1. 0. 0. 0. 0. 0. 0. 0. 0. 0. 0. 0. 1. 0. 0. 0. 0. 1. 1. 1. 0.
  0. 0. 0. 0. 0. 0.]
 [0. 0. 0. 0. 0. 0. 0. 0. 0. 0. 0. 0. 0. 0. 0. 0. 0. 0. 0. 0. 0. 0. 1. 0.
  0. 0. 0. 0. 0. 0.]
 [1. 1. 0. 0. 0. 1. 1. 0. 0. 0. 0. 0. 0. 0. 0. 0. 0. 0. 1. 0. 0. 0. 0. 0.
  0. 1. 0. 0. 1. 0.]
 [1. 1. 1. 0. 0. 0. 0. 1. 0. 0. 0. 1. 0. 0. 0. 0. 0. 0. 0. 1. 0. 0. 0. 0.
  0. 0. 0. 0. 0. 0.]
 [0. 0. 1. 0. 0. 0. 1. 0. 0. 0. 0. 0. 0. 0. 0. 1. 0. 0. 0. 1. 0. 0. 0. 0.
  0. 0. 0. 0. 0. 0.]
 [0. 0. 0. 0. 0. 0. 0. 0. 0. 0. 0. 0. 0. 0. 0. 0. 0. 0. 0. 0. 0. 0. 0. 0.
  0. 0. 0. 0. 0. 0.]
 [0. 0. 1. 0. 0. 0. 1. 0. 0. 0. 0. 0. 1. 0. 0. 0. 0. 0. 0. 1. 0. 0. 0. 0.
  0. 0. 1. 0. 0. 1.]
 [0. 0. 0. 1. 1. 0. 0. 0. 1. 0. 0. 0. 0. 0. 0. 1. 0. 0. 0. 0. 0. 0. 0. 0.
  0. 0. 0. 0. 1. 0.]
 [0. 0. 0. 0. 0. 0. 0. 0. 0. 0. 0. 0. 0. 0. 0. 0. 0. 0. 0. 0. 0. 0. 0. 0.
  0. 0. 0. 0. 0. 0.]
 [0. 0. 0. 0. 0. 0. 0. 0. 0. 0. 0. 0. 0. 0. 0. 0. 0. 0. 0. 0. 0. 0. 0. 0.
  0. 0. 0. 0. 1. 0.]
 [1. 1. 1. 0. 1. 0. 0. 0. 0. 0. 0. 1. 0. 0. 0. 0. 0. 0. 0. 1. 0. 0. 0. 0.
  0. 0. 0. 0. 0. 0.]
 [1. 0. 0. 0. 0. 0. 0. 0. 0. 0. 0. 0. 0. 0. 0. 0. 0. 0. 0. 0. 0. 0. 0. 0.
  0. 0. 0. 0. 0. 0.]
 [0. 0. 0. 0. 0. 0. 0. 0. 0. 0. 0. 0. 0. 0. 0. 0. 0. 0. 0. 0. 0. 0. 0. 0.
  0. 0. 0. 0. 0. 0.]
 [1. 0. 0. 0. 0. 0. 0. 0. 0. 0. 0. 0. 0. 0. 0. 0. 0. 0. 0. 0. 0. 0. 0. 0.
  0. 0. 0. 0. 0. 0.]
 [0. 0. 0. 0. 0. 1. 0. 0. 0. 1. 1. 0. 0. 0. 0. 0. 0. 1. 0. 0. 0. 0. 1. 0.
  0. 1. 0. 0. 1. 0.]
 [0. 0. 0. 0. 0. 1. 0. 0. 0. 0. 0. 0. 0. 0. 0. 0. 0. 0. 0. 0. 0. 0. 0. 1.
  0. 0. 1. 0. 1. 1.]
 [0. 0. 0. 0. 0. 0. 0. 0. 0. 0. 0. 0. 0. 0. 0. 0. 0. 0. 1. 0. 0. 0. 1. 0.
  0. 0. 0. 0. 1. 0.]
 [0. 0. 0. 0. 1. 0. 0. 1. 0. 0. 0. 1. 0. 0. 0. 0. 0. 1. 0. 0. 0. 0. 0. 1.
  0. 0. 0. 0. 0. 0.]
 [0. 0. 0. 0. 0. 0. 0. 0. 0. 0. 0. 0. 0. 0. 0. 0. 0. 0. 0. 0. 0. 0. 0. 0.
  0. 0. 0. 0. 0. 0.]
 [0. 0. 1. 0. 0. 0. 0. 0. 0. 0. 0. 0. 0. 0. 0. 0. 0. 1. 0. 0. 0. 0. 0. 0.
  0. 0. 1. 0. 0. 0.]]
[0. 0. 1. 0. 0. 0. 0. 0. 0. 0. 0. 0. 0. 0. 0. 0. 0. 1. 0. 0. 0. 1. 0. 0.
 0. 0. 0. 0. 0. 1. 0. 0. 0. 0. 0. 0. 0. 0. 0. 0. 0. 0. 0. 1. 0. 0. 1. 0.
 0. 0. 0. 0. 0. 0. 1. 0. 0. 0. 0. 0. 0. 0. 0. 0. 0. 0. 0. 0. 0. 0. 0. 0.
 0. 0. 0. 0. 0. 0. 0. 0. 0. 0. 0. 0. 0. 0. 0. 0. 0. 0. 0. 0. 0. 0. 0. 0.
 0. 0. 0. 0. 0. 1. 0. 0. 1. 1. 0. 0. 0. 0. 0. 0. 0. 0. 0. 0. 0. 0. 0. 0.
 0. 0. 0. 0. 0. 0. 0. 0. 0. 0. 0. 0. 0. 0. 0. 0. 0. 0. 0. 0. 0. 0. 0. 0.
 0. 0. 0. 0. 0. 0. 0. 0. 0. 0. 0. 0. 0. 0. 0. 0. 0. 0. 1. 1. 0. 0. 0. 0.
 0. 0. 0. 0. 1. 0. 0. 0. 0. 0. 0. 0. 0. 0. 0. 0. 0. 0. 0. 0. 0. 0. 0. 1.
 0. 0. 0. 0. 0. 0. 0. 0. 0. 0. 0. 1. 0. 0. 0. 0. 1. 0. 0. 0. 0. 0. 0. 0.
 0. 0. 0. 0. 0. 1. 0. 0. 0. 0. 0. 0. 0. 0. 0. 0. 0. 0. 0. 0. 0. 0. 1. 0.
 0. 0. 0. 0. 0. 0. 0. 0. 0. 0. 1. 0. 0. 0. 0. 0. 0. 1. 0. 0. 0. 0. 0. 0.
 1. 0. 0. 0. 1. 0. 0. 0. 0. 1. 0. 0. 0. 0. 0. 0. 0. 0. 0. 0. 0. 0. 0. 0.
 0. 0. 1. 0. 0. 1. 0. 0. 0. 0. 0. 0. 0. 0. 0. 0. 1. 0. 0. 0. 0. 1. 1. 1.
 0. 0. 0. 0. 0. 0. 0. 0. 0. 0. 0. 0. 0. 0. 0. 0. 0. 0. 0. 0. 0. 0. 0. 0.
 0. 0. 0. 0. 1. 0. 0. 0. 0. 0. 0. 0. 1. 1. 0. 0. 0. 1. 1. 0. 0. 0. 0. 0.
 0. 0. 0. 0. 0. 1. 0. 0. 0. 0. 0. 0. 1. 0. 0. 1. 0. 1. 1. 1. 0. 0. 0. 0.
 1. 0. 0. 0. 1. 0. 0. 0. 0. 0. 0. 1. 0. 0. 0. 0. 0. 0. 0. 0. 0. 0. 0. 0.
 1. 0. 0. 0. 1. 0. 0. 0. 0. 0. 0. 0. 1. 0. 0. 0. 1. 0. 0. 0. 0. 0. 0. 0.
 0. 0. 0. 0. 0. 0. 0. 0. 0. 0. 0. 0. 0. 0. 0. 0. 0. 0. 0. 0. 0. 0. 0. 0.
 0. 0. 0. 0. 0. 0. 0. 0. 0. 0. 1. 0. 0. 0. 1. 0. 0. 0. 0. 0. 1. 0. 0. 0.
 0. 0. 1. 0. 0. 0. 0. 0. 0. 1. 0. 0. 1. 0. 0. 0. 1. 1. 0. 0. 0. 1. 0. 0.
 0. 0. 0. 0. 1. 0. 0. 0. 0. 0. 0. 0. 0. 0. 0. 0. 1. 0. 0. 0. 0. 0. 0. 0.
 0. 0. 0. 0. 0. 0. 0. 0. 0. 0. 0. 0. 0. 0. 0. 0. 0. 0. 0. 0. 0. 0. 0. 0.
 0. 0. 0. 0. 0. 0. 0. 0. 0. 0. 0. 0. 0. 0. 0. 0. 0. 0. 0. 0. 0. 0. 0. 0.
 0. 0. 1. 0. 1. 1. 1. 0. 1. 0. 0. 0. 0. 0. 0. 1. 0. 0. 0. 0. 0. 0. 0. 1.
 0. 0. 0. 0. 0. 0. 0. 0. 0. 1. 0. 0. 0. 0. 0. 0. 0. 0. 0. 0. 0. 0. 0. 0.
 0. 0. 0. 0. 0. 0. 0. 0. 0. 0. 0. 0. 0. 0. 0. 0. 0. 0. 0. 0. 0. 0. 0. 0.
 0. 0. 0. 0. 0. 0. 0. 0. 0. 0. 0. 0. 0. 0. 0. 0. 0. 0. 0. 1. 0. 0. 0. 0.
 0. 0. 0. 0. 0. 0. 0. 0. 0. 0. 0. 0. 0. 0. 0. 0. 0. 0. 0. 0. 0. 0. 0. 0.
 0. 0. 0. 0. 0. 1. 0. 0. 0. 1. 1. 0. 0. 0. 0. 0. 0. 1. 0. 0. 0. 0. 1. 0.
 1. 0. 0. 1. 0. 0. 0. 0. 0. 0. 1. 0. 0. 0. 0. 0. 0. 0. 0. 0. 0. 0. 0. 0.
 0. 0. 0. 0. 1. 0. 1. 0. 1. 1. 0. 0. 0. 0. 0. 0. 0. 0. 0. 0. 0. 0. 0. 0.
 0. 0. 0. 0. 1. 0. 0. 0. 1. 0. 0. 0. 0. 1. 0. 0. 0. 0. 0. 1. 0. 0. 1. 0.
 0. 0. 1. 0. 0. 0. 0. 0. 1. 0. 0. 0. 0. 0. 1. 0. 0. 0. 0. 0. 0. 0. 0. 0.
 0. 0. 0. 0. 0. 0. 0. 0. 0. 0. 0. 0. 0. 0. 0. 0. 0. 0. 0. 0. 0. 0. 0. 0.
 0. 0. 0. 1. 0. 0. 0. 0. 0. 0. 0. 0. 0. 0. 0. 0. 0. 0. 1. 0. 0. 0. 0. 0.
 0. 0. 0. 1. 0. 0.]
aucroc, aucpr (0.7021509971509972, 0.3488182799288577)
Iterations 567
Achieves (6.423795639751447, 1e-05)-DP
