samples  5000  graph  30 60 ER mim  minibatch size  50  noise  0.8  minibatches per NN training  250 quantile adaptive clipping
cuda
cuda
iteration 1 in inner loop,alpha 0.0 rho 1.0 h 2.144444827137683
iteration 1 in outer loop, alpha = 2.144444827137683, rho = 1.0, h = 2.144444827137683
cuda
iteration 1 in inner loop,alpha 2.144444827137683 rho 1.0 h 1.3256466874605835
iteration 2 in inner loop,alpha 2.144444827137683 rho 10.0 h 0.5131010328032026
iteration 2 in outer loop, alpha = 7.275455155169709, rho = 10.0, h = 0.5131010328032026
cuda
iteration 1 in inner loop,alpha 7.275455155169709 rho 10.0 h 0.28442514981965417
iteration 2 in inner loop,alpha 7.275455155169709 rho 100.0 h 0.09687583592673477
iteration 3 in outer loop, alpha = 16.963038747843186, rho = 100.0, h = 0.09687583592673477
cuda
iteration 1 in inner loop,alpha 16.963038747843186 rho 100.0 h 0.05565872169768937
iteration 2 in inner loop,alpha 16.963038747843186 rho 1000.0 h 0.017246591836673986
iteration 4 in outer loop, alpha = 34.20963058451717, rho = 1000.0, h = 0.017246591836673986
cuda
iteration 1 in inner loop,alpha 34.20963058451717 rho 1000.0 h 0.007536379858688491
iteration 2 in inner loop,alpha 34.20963058451717 rho 10000.0 h 0.0024562545468960195
iteration 5 in outer loop, alpha = 58.77217605347737, rho = 10000.0, h = 0.0024562545468960195
cuda
iteration 1 in inner loop,alpha 58.77217605347737 rho 10000.0 h 0.0010357752655245633
iteration 2 in inner loop,alpha 58.77217605347737 rho 100000.0 h 0.00042272518694019823
iteration 6 in outer loop, alpha = 101.04469474749719, rho = 100000.0, h = 0.00042272518694019823
cuda
iteration 1 in inner loop,alpha 101.04469474749719 rho 100000.0 h 0.00024072549712883529
iteration 7 in outer loop, alpha = 341.7701918763325, rho = 1000000.0, h = 0.00024072549712883529
Threshold 0.3
[[0.    0.    0.1   0.045 0.057 0.001 0.114 0.022 0.057 0.348 0.    0.046
  0.    0.    0.    0.025 0.    0.047 0.056 0.878 0.044 0.001 0.148 0.026
  0.    0.034 0.014 0.017 0.022 0.022]
 [0.    0.    0.017 0.003 0.011 0.679 1.879 0.085 0.112 0.002 0.    0.034
  0.    0.    0.    0.056 0.    0.071 0.028 0.052 0.004 0.    0.103 0.054
  0.    0.012 0.    0.081 0.085 0.03 ]
 [0.    0.    0.004 0.009 0.106 0.    0.068 0.049 0.001 0.    0.    0.
  0.    0.    0.    0.006 0.    0.014 0.058 0.122 0.001 0.    0.01  0.019
  0.    0.    0.018 0.013 0.023 0.008]
 [0.    0.    0.006 0.002 0.02  0.003 0.02  0.    0.    0.    0.    0.001
  0.    0.    0.    0.002 0.    0.    0.001 0.053 0.    0.    0.001 0.001
  0.    0.    0.    0.    0.059 0.   ]
 [0.    0.    0.003 0.006 0.003 0.003 0.013 0.012 0.002 0.    0.    0.
  0.    0.    0.    0.001 0.    0.001 0.001 0.165 0.    0.    0.009 0.001
  0.    0.    0.001 0.01  0.013 0.001]
 [0.    0.    0.051 0.041 0.017 0.003 0.048 0.041 0.087 0.    0.    0.061
  0.    0.    0.    0.003 0.    0.006 0.003 0.83  0.001 0.    0.029 0.009
  0.    0.001 0.009 0.004 0.003 0.001]
 [0.    0.    0.011 0.028 0.025 0.001 0.003 0.02  0.006 0.    0.    0.001
  0.    0.    0.    0.017 0.    0.009 0.008 0.09  0.001 0.    0.093 0.046
  0.    0.    0.004 0.01  0.021 0.002]
 [0.    0.    0.009 1.485 0.009 0.015 0.027 0.003 0.001 0.    0.    0.001
  0.    0.    0.    0.004 0.    0.    0.001 0.008 0.001 0.    0.006 0.001
  0.    0.    0.001 0.    0.042 0.002]
 [0.    0.    0.051 0.001 0.042 0.005 0.04  0.057 0.003 0.001 0.    0.058
  0.    0.    0.    0.081 0.    0.047 0.754 1.088 0.    0.001 1.677 0.064
  0.    0.003 0.05  0.001 0.054 0.009]
 [0.    0.    0.126 0.142 0.029 1.131 0.056 0.635 0.09  0.    0.    2.425
  0.    0.    0.    0.237 0.    0.173 0.024 0.098 0.009 0.    0.059 0.005
  0.    0.013 0.551 0.021 0.011 0.024]
 [0.    0.    0.03  0.186 0.033 0.015 0.09  0.079 0.901 0.015 0.    0.036
  0.    0.    0.024 0.028 0.    0.058 0.064 0.104 0.049 0.012 0.03  0.068
  0.    0.038 0.087 4.125 0.041 0.013]
 [0.    0.    4.281 0.009 0.03  0.011 0.019 0.056 0.013 0.    0.    0.002
  0.    0.    0.    0.116 0.    0.086 0.033 0.15  0.002 0.    0.002 0.06
  0.    0.    0.387 0.024 0.029 0.013]
 [0.    0.    0.    0.052 0.048 0.007 1.878 0.013 1.179 0.02  0.    0.052
  0.    0.    0.    0.114 0.    0.095 0.001 0.    0.022 0.022 0.082 0.293
  0.    0.037 0.429 0.039 0.02  3.055]
 [0.    0.    0.082 0.001 1.225 0.042 0.023 0.126 0.064 0.001 0.    0.07
  0.    0.    0.001 0.103 0.    0.908 0.029 1.338 0.019 0.    0.044 0.037
  0.    0.005 0.127 0.067 0.009 0.   ]
 [0.    0.    0.032 0.057 0.06  0.059 0.038 0.101 0.048 0.    0.    1.699
  0.    0.    0.    0.011 0.    0.179 0.022 0.003 0.013 0.011 0.108 0.742
  0.    3.165 0.001 0.014 0.121 0.056]
 [0.    0.    0.046 0.003 0.07  0.03  0.019 0.054 0.016 0.001 0.    0.005
  0.    0.    0.    0.004 0.    0.081 0.009 0.026 0.004 0.002 0.445 0.013
  0.    0.007 0.705 0.005 0.008 0.074]
 [0.    0.    2.536 0.093 0.089 0.018 0.034 0.013 0.456 0.    0.    0.001
  0.    0.    0.    0.013 0.    0.118 0.002 0.034 2.834 0.398 0.121 0.017
  0.    0.    0.045 0.05  0.074 0.041]
 [0.    0.    0.014 0.06  1.531 0.088 0.015 1.117 0.002 0.    0.    0.
  0.    0.    0.    0.005 0.    0.004 0.003 0.097 0.002 0.    0.019 0.001
  0.    0.001 0.004 0.011 0.207 0.001]
 [0.    0.    0.007 0.026 0.021 0.008 0.005 0.036 0.001 0.    0.    0.
  0.    0.    0.    0.001 0.    0.132 0.002 0.008 0.    0.    0.018 0.001
  0.    0.    0.011 0.006 0.034 0.001]
 [0.    0.    0.004 0.003 0.001 0.001 0.007 0.    0.001 0.    0.    0.001
  0.    0.    0.    0.023 0.    0.001 0.018 0.003 0.    0.    0.073 0.01
  0.    0.    0.006 0.003 0.009 0.001]
 [0.    0.    0.037 0.    0.003 0.839 0.014 0.031 1.734 0.    0.    0.062
  0.    0.    0.    0.011 0.    0.074 0.023 0.081 0.002 0.001 0.003 0.031
  0.    0.018 0.008 0.013 2.129 0.037]
 [0.    0.    0.045 1.337 1.12  0.025 0.052 0.121 0.238 0.    0.    0.043
  0.    0.    0.    0.051 0.    0.693 0.069 0.067 0.331 0.001 0.099 0.203
  0.    0.028 0.222 0.049 1.579 2.032]
 [0.    0.    0.002 0.122 0.055 0.002 0.002 0.098 0.    0.    0.    0.002
  0.    0.    0.    0.005 0.    0.008 0.026 0.    0.    0.    0.004 0.
  0.    0.    0.147 0.    0.006 0.   ]
 [0.    0.    0.005 0.616 0.001 0.023 0.011 0.087 0.012 0.    0.    0.005
  0.    0.    0.    0.023 0.    0.126 1.183 0.025 0.005 0.    2.421 0.003
  0.    0.    0.349 0.004 0.176 0.   ]
 [0.    0.    0.058 0.076 0.016 0.099 1.494 0.026 0.003 0.034 0.    0.016
  0.    0.    0.001 0.078 0.    0.056 0.065 0.059 0.039 0.069 1.709 0.039
  0.    0.035 0.071 0.061 0.01  0.053]
 [0.    0.    0.046 0.062 0.179 0.042 0.007 2.522 0.041 0.    0.    0.306
  0.    0.    0.    0.138 0.    1.157 0.071 0.036 0.003 0.    0.166 1.572
  0.    0.002 0.197 0.029 2.217 0.069]
 [0.    0.    0.041 0.01  0.177 0.026 0.033 0.065 0.003 0.    0.    0.003
  0.    0.    0.    0.003 0.    0.592 0.056 0.03  0.001 0.001 0.015 0.004
  0.    0.    0.004 0.01  0.044 0.002]
 [0.    0.    0.036 0.087 0.001 0.034 0.029 1.36  0.162 0.001 0.    0.007
  0.    0.    0.    0.02  0.    0.033 0.04  0.054 0.043 0.005 0.01  0.02
  0.    0.015 0.001 0.003 0.024 0.014]
 [0.    0.    0.036 0.003 0.051 0.111 0.016 0.006 0.014 0.    0.    0.002
  0.    0.    0.    0.022 0.    0.002 0.01  0.058 0.    0.    0.047 0.001
  0.    0.    0.    0.    0.002 0.002]
 [0.    0.    0.029 0.082 0.062 0.618 0.201 0.047 0.036 0.001 0.    0.018
  0.    0.    0.    0.002 0.    0.192 1.024 0.036 0.007 0.    0.053 0.382
  0.    0.001 0.037 0.015 0.069 0.002]]
[[0.    0.    0.    0.    0.    0.    0.    0.    0.    0.348 0.    0.
  0.    0.    0.    0.    0.    0.    0.    0.878 0.    0.    0.    0.
  0.    0.    0.    0.    0.    0.   ]
 [0.    0.    0.    0.    0.    0.679 1.879 0.    0.    0.    0.    0.
  0.    0.    0.    0.    0.    0.    0.    0.    0.    0.    0.    0.
  0.    0.    0.    0.    0.    0.   ]
 [0.    0.    0.    0.    0.    0.    0.    0.    0.    0.    0.    0.
  0.    0.    0.    0.    0.    0.    0.    0.    0.    0.    0.    0.
  0.    0.    0.    0.    0.    0.   ]
 [0.    0.    0.    0.    0.    0.    0.    0.    0.    0.    0.    0.
  0.    0.    0.    0.    0.    0.    0.    0.    0.    0.    0.    0.
  0.    0.    0.    0.    0.    0.   ]
 [0.    0.    0.    0.    0.    0.    0.    0.    0.    0.    0.    0.
  0.    0.    0.    0.    0.    0.    0.    0.    0.    0.    0.    0.
  0.    0.    0.    0.    0.    0.   ]
 [0.    0.    0.    0.    0.    0.    0.    0.    0.    0.    0.    0.
  0.    0.    0.    0.    0.    0.    0.    0.83  0.    0.    0.    0.
  0.    0.    0.    0.    0.    0.   ]
 [0.    0.    0.    0.    0.    0.    0.    0.    0.    0.    0.    0.
  0.    0.    0.    0.    0.    0.    0.    0.    0.    0.    0.    0.
  0.    0.    0.    0.    0.    0.   ]
 [0.    0.    0.    1.485 0.    0.    0.    0.    0.    0.    0.    0.
  0.    0.    0.    0.    0.    0.    0.    0.    0.    0.    0.    0.
  0.    0.    0.    0.    0.    0.   ]
 [0.    0.    0.    0.    0.    0.    0.    0.    0.    0.    0.    0.
  0.    0.    0.    0.    0.    0.    0.754 1.088 0.    0.    1.677 0.
  0.    0.    0.    0.    0.    0.   ]
 [0.    0.    0.    0.    0.    1.131 0.    0.635 0.    0.    0.    2.425
  0.    0.    0.    0.    0.    0.    0.    0.    0.    0.    0.    0.
  0.    0.    0.551 0.    0.    0.   ]
 [0.    0.    0.    0.    0.    0.    0.    0.    0.901 0.    0.    0.
  0.    0.    0.    0.    0.    0.    0.    0.    0.    0.    0.    0.
  0.    0.    0.    4.125 0.    0.   ]
 [0.    0.    4.281 0.    0.    0.    0.    0.    0.    0.    0.    0.
  0.    0.    0.    0.    0.    0.    0.    0.    0.    0.    0.    0.
  0.    0.    0.387 0.    0.    0.   ]
 [0.    0.    0.    0.    0.    0.    1.878 0.    1.179 0.    0.    0.
  0.    0.    0.    0.    0.    0.    0.    0.    0.    0.    0.    0.
  0.    0.    0.429 0.    0.    3.055]
 [0.    0.    0.    0.    1.225 0.    0.    0.    0.    0.    0.    0.
  0.    0.    0.    0.    0.    0.908 0.    1.338 0.    0.    0.    0.
  0.    0.    0.    0.    0.    0.   ]
 [0.    0.    0.    0.    0.    0.    0.    0.    0.    0.    0.    1.699
  0.    0.    0.    0.    0.    0.    0.    0.    0.    0.    0.    0.742
  0.    3.165 0.    0.    0.    0.   ]
 [0.    0.    0.    0.    0.    0.    0.    0.    0.    0.    0.    0.
  0.    0.    0.    0.    0.    0.    0.    0.    0.    0.    0.445 0.
  0.    0.    0.705 0.    0.    0.   ]
 [0.    0.    2.536 0.    0.    0.    0.    0.    0.456 0.    0.    0.
  0.    0.    0.    0.    0.    0.    0.    0.    2.834 0.398 0.    0.
  0.    0.    0.    0.    0.    0.   ]
 [0.    0.    0.    0.    1.531 0.    0.    1.117 0.    0.    0.    0.
  0.    0.    0.    0.    0.    0.    0.    0.    0.    0.    0.    0.
  0.    0.    0.    0.    0.    0.   ]
 [0.    0.    0.    0.    0.    0.    0.    0.    0.    0.    0.    0.
  0.    0.    0.    0.    0.    0.    0.    0.    0.    0.    0.    0.
  0.    0.    0.    0.    0.    0.   ]
 [0.    0.    0.    0.    0.    0.    0.    0.    0.    0.    0.    0.
  0.    0.    0.    0.    0.    0.    0.    0.    0.    0.    0.    0.
  0.    0.    0.    0.    0.    0.   ]
 [0.    0.    0.    0.    0.    0.839 0.    0.    1.734 0.    0.    0.
  0.    0.    0.    0.    0.    0.    0.    0.    0.    0.    0.    0.
  0.    0.    0.    0.    2.129 0.   ]
 [0.    0.    0.    1.337 1.12  0.    0.    0.    0.    0.    0.    0.
  0.    0.    0.    0.    0.    0.693 0.    0.    0.331 0.    0.    0.
  0.    0.    0.    0.    1.579 2.032]
 [0.    0.    0.    0.    0.    0.    0.    0.    0.    0.    0.    0.
  0.    0.    0.    0.    0.    0.    0.    0.    0.    0.    0.    0.
  0.    0.    0.    0.    0.    0.   ]
 [0.    0.    0.    0.616 0.    0.    0.    0.    0.    0.    0.    0.
  0.    0.    0.    0.    0.    0.    1.183 0.    0.    0.    2.421 0.
  0.    0.    0.349 0.    0.    0.   ]
 [0.    0.    0.    0.    0.    0.    1.494 0.    0.    0.    0.    0.
  0.    0.    0.    0.    0.    0.    0.    0.    0.    0.    1.709 0.
  0.    0.    0.    0.    0.    0.   ]
 [0.    0.    0.    0.    0.    0.    0.    2.522 0.    0.    0.    0.306
  0.    0.    0.    0.    0.    1.157 0.    0.    0.    0.    0.    1.572
  0.    0.    0.    0.    2.217 0.   ]
 [0.    0.    0.    0.    0.    0.    0.    0.    0.    0.    0.    0.
  0.    0.    0.    0.    0.    0.592 0.    0.    0.    0.    0.    0.
  0.    0.    0.    0.    0.    0.   ]
 [0.    0.    0.    0.    0.    0.    0.    1.36  0.    0.    0.    0.
  0.    0.    0.    0.    0.    0.    0.    0.    0.    0.    0.    0.
  0.    0.    0.    0.    0.    0.   ]
 [0.    0.    0.    0.    0.    0.    0.    0.    0.    0.    0.    0.
  0.    0.    0.    0.    0.    0.    0.    0.    0.    0.    0.    0.
  0.    0.    0.    0.    0.    0.   ]
 [0.    0.    0.    0.    0.    0.618 0.    0.    0.    0.    0.    0.
  0.    0.    0.    0.    0.    0.    1.024 0.    0.    0.    0.    0.382
  0.    0.    0.    0.    0.    0.   ]]
{'fdr': 0.11666666666666667, 'tpr': 0.8833333333333333, 'fpr': 0.018666666666666668, 'f1': 0.8833333333333333, 'shd': 10, 'npred': 60, 'ntrue': 60}
[8.299e-05 1.005e-01 4.524e-02 5.739e-02 5.704e-04 1.139e-01 2.189e-02
 5.670e-02 3.476e-01 1.460e-04 4.639e-02 1.065e-04 1.558e-04 3.643e-04
 2.473e-02 1.772e-04 4.730e-02 5.571e-02 8.776e-01 4.428e-02 5.875e-04
 1.478e-01 2.647e-02 1.597e-04 3.424e-02 1.377e-02 1.735e-02 2.242e-02
 2.214e-02 1.159e-04 1.698e-02 2.855e-03 1.099e-02 6.793e-01 1.879e+00
 8.497e-02 1.118e-01 2.295e-03 1.576e-04 3.360e-02 1.194e-04 1.339e-04
 1.444e-04 5.576e-02 1.338e-04 7.092e-02 2.813e-02 5.210e-02 3.857e-03
 1.585e-04 1.029e-01 5.423e-02 1.376e-04 1.240e-02 3.698e-04 8.129e-02
 8.489e-02 3.013e-02 4.674e-06 1.511e-04 9.366e-03 1.057e-01 1.282e-04
 6.842e-02 4.910e-02 1.102e-03 6.006e-06 8.828e-05 5.940e-05 5.464e-05
 1.161e-04 1.848e-06 5.515e-03 4.188e-06 1.444e-02 5.821e-02 1.216e-01
 7.584e-04 1.660e-04 1.042e-02 1.931e-02 2.012e-04 3.646e-05 1.755e-02
 1.325e-02 2.277e-02 8.037e-03 1.840e-04 1.907e-04 6.007e-03 2.046e-02
 3.099e-03 1.963e-02 4.570e-04 3.712e-04 8.317e-05 9.117e-06 8.117e-04
 2.260e-05 2.482e-05 1.781e-07 2.131e-03 2.012e-05 7.490e-05 9.861e-04
 5.301e-02 2.997e-04 1.124e-04 1.256e-03 1.151e-03 2.666e-04 1.630e-05
 1.248e-04 5.828e-05 5.909e-02 4.426e-04 1.867e-04 1.839e-04 2.628e-03
 5.686e-03 2.667e-03 1.271e-02 1.207e-02 1.537e-03 3.259e-05 7.836e-05
 3.090e-04 1.886e-05 9.498e-06 6.082e-06 8.521e-04 1.750e-05 6.979e-04
 1.069e-03 1.645e-01 1.939e-04 8.903e-05 8.508e-03 1.390e-03 2.706e-04
 1.567e-04 1.343e-03 9.587e-03 1.318e-02 1.140e-03 5.321e-05 2.313e-05
 5.060e-02 4.065e-02 1.685e-02 4.849e-02 4.114e-02 8.693e-02 1.350e-04
 1.098e-04 6.111e-02 6.850e-06 1.531e-04 2.551e-05 3.443e-03 2.988e-06
 6.427e-03 3.272e-03 8.295e-01 6.208e-04 1.377e-04 2.858e-02 9.406e-03
 1.987e-04 5.635e-04 8.732e-03 3.552e-03 3.188e-03 1.153e-03 1.997e-04
 2.358e-06 1.059e-02 2.841e-02 2.528e-02 5.092e-04 2.001e-02 5.956e-03
 1.319e-04 1.131e-04 5.403e-04 6.615e-06 1.220e-04 7.455e-05 1.734e-02
 2.027e-04 9.457e-03 8.459e-03 8.971e-02 6.097e-04 1.304e-04 9.293e-02
 4.640e-02 5.583e-06 1.130e-04 3.900e-03 9.590e-03 2.109e-02 2.077e-03
 1.922e-04 2.220e-04 9.394e-03 1.485e+00 8.589e-03 1.506e-02 2.727e-02
 6.445e-04 1.071e-04 2.434e-06 1.392e-03 2.483e-05 1.821e-05 1.436e-06
 3.788e-03 1.815e-04 3.691e-04 8.566e-04 8.343e-03 7.846e-04 2.128e-04
 5.970e-03 5.558e-04 1.498e-04 9.981e-05 1.007e-03 3.198e-04 4.216e-02
 1.869e-03 1.392e-04 1.370e-05 5.147e-02 7.742e-04 4.169e-02 5.084e-03
 3.992e-02 5.658e-02 8.534e-04 9.337e-06 5.763e-02 5.353e-06 1.970e-04
 6.528e-05 8.114e-02 1.120e-05 4.742e-02 7.543e-01 1.088e+00 2.309e-04
 5.747e-04 1.677e+00 6.381e-02 1.698e-04 2.634e-03 4.983e-02 1.477e-03
 5.403e-02 8.625e-03 2.401e-05 1.319e-04 1.259e-01 1.418e-01 2.925e-02
 1.131e+00 5.554e-02 6.351e-01 9.039e-02 1.904e-04 2.425e+00 1.504e-04
 1.014e-04 7.771e-05 2.374e-01 9.156e-05 1.734e-01 2.378e-02 9.840e-02
 8.693e-03 1.238e-04 5.899e-02 5.140e-03 1.306e-04 1.324e-02 5.508e-01
 2.103e-02 1.051e-02 2.443e-02 4.227e-04 1.565e-04 2.978e-02 1.861e-01
 3.288e-02 1.549e-02 8.958e-02 7.921e-02 9.010e-01 1.473e-02 3.580e-02
 1.011e-04 8.522e-05 2.434e-02 2.753e-02 9.187e-05 5.812e-02 6.389e-02
 1.035e-01 4.920e-02 1.225e-02 3.042e-02 6.784e-02 1.295e-04 3.779e-02
 8.738e-02 4.125e+00 4.133e-02 1.307e-02 2.067e-05 1.343e-04 4.281e+00
 8.562e-03 2.964e-02 1.137e-02 1.941e-02 5.578e-02 1.324e-02 2.939e-05
 1.211e-04 1.330e-04 1.328e-04 4.730e-06 1.161e-01 2.691e-04 8.630e-02
 3.299e-02 1.500e-01 1.868e-03 3.265e-04 2.362e-03 6.038e-02 7.749e-06
 2.176e-04 3.871e-01 2.394e-02 2.930e-02 1.278e-02 9.179e-05 1.733e-04
 3.392e-04 5.181e-02 4.805e-02 7.119e-03 1.878e+00 1.319e-02 1.179e+00
 1.984e-02 1.591e-04 5.173e-02 2.099e-05 1.345e-04 1.139e-01 1.742e-04
 9.549e-02 1.123e-03 1.180e-04 2.227e-02 2.192e-02 8.202e-02 2.928e-01
 1.251e-04 3.745e-02 4.287e-01 3.859e-02 2.026e-02 3.055e+00 1.351e-04
 1.878e-04 8.216e-02 1.492e-03 1.225e+00 4.242e-02 2.306e-02 1.256e-01
 6.426e-02 6.481e-04 1.851e-04 7.013e-02 3.748e-04 5.740e-04 1.026e-01
 2.623e-05 9.083e-01 2.945e-02 1.338e+00 1.939e-02 3.807e-04 4.392e-02
 3.723e-02 1.515e-04 4.700e-03 1.268e-01 6.748e-02 9.163e-03 2.659e-04
 4.050e-04 6.830e-05 3.237e-02 5.730e-02 5.986e-02 5.910e-02 3.818e-02
 1.013e-01 4.824e-02 2.901e-04 8.513e-05 1.699e+00 1.054e-04 1.291e-04
 1.143e-02 1.441e-04 1.787e-01 2.155e-02 2.791e-03 1.314e-02 1.126e-02
 1.083e-01 7.418e-01 1.163e-04 3.165e+00 8.477e-04 1.381e-02 1.214e-01
 5.618e-02 1.814e-04 1.492e-04 4.637e-02 3.310e-03 7.036e-02 3.023e-02
 1.918e-02 5.399e-02 1.639e-02 6.170e-04 6.596e-05 5.288e-03 2.069e-04
 1.385e-04 4.135e-05 2.614e-04 8.054e-02 8.863e-03 2.555e-02 3.870e-03
 1.790e-03 4.454e-01 1.324e-02 1.546e-04 7.010e-03 7.045e-01 4.826e-03
 8.305e-03 7.398e-02 3.624e-05 1.439e-04 2.536e+00 9.323e-02 8.866e-02
 1.839e-02 3.351e-02 1.251e-02 4.555e-01 1.862e-04 2.147e-04 1.488e-03
 3.964e-04 1.690e-04 1.438e-04 1.327e-02 1.184e-01 1.565e-03 3.357e-02
 2.834e+00 3.980e-01 1.210e-01 1.718e-02 3.311e-05 2.768e-04 4.483e-02
 5.048e-02 7.437e-02 4.097e-02 9.968e-05 1.952e-04 1.394e-02 6.017e-02
 1.531e+00 8.773e-02 1.496e-02 1.117e+00 1.568e-03 1.909e-05 1.639e-04
 3.931e-04 1.754e-05 2.040e-05 2.328e-05 4.871e-03 1.482e-04 2.785e-03
 9.653e-02 2.255e-03 3.844e-04 1.925e-02 8.533e-04 9.294e-05 5.701e-04
 3.818e-03 1.103e-02 2.075e-01 1.355e-03 1.525e-04 9.687e-05 6.889e-03
 2.576e-02 2.050e-02 7.681e-03 4.976e-03 3.582e-02 1.004e-03 1.145e-04
 2.067e-05 1.377e-04 1.758e-05 1.470e-04 8.744e-06 5.681e-04 6.933e-06
 1.320e-01 8.457e-03 1.865e-04 6.278e-05 1.846e-02 6.837e-04 1.373e-05
 1.688e-04 1.054e-02 6.206e-03 3.444e-02 5.515e-04 8.074e-06 6.120e-06
 4.285e-03 3.331e-03 6.913e-04 9.371e-04 7.195e-03 4.786e-04 7.032e-04
 4.586e-05 1.909e-05 5.134e-04 5.618e-06 7.196e-06 9.390e-06 2.323e-02
 5.177e-06 8.915e-04 1.795e-02 1.456e-04 1.371e-04 7.326e-02 9.682e-03
 3.902e-05 4.138e-04 6.033e-03 2.837e-03 8.718e-03 9.393e-04 1.669e-04
 1.567e-04 3.702e-02 1.304e-04 3.035e-03 8.386e-01 1.355e-02 3.068e-02
 1.734e+00 1.310e-04 1.429e-04 6.175e-02 1.770e-04 1.078e-04 1.650e-04
 1.150e-02 1.651e-05 7.410e-02 2.293e-02 8.131e-02 1.489e-03 2.880e-03
 3.135e-02 1.458e-04 1.798e-02 8.087e-03 1.260e-02 2.129e+00 3.679e-02
 1.752e-04 1.827e-04 4.464e-02 1.337e+00 1.120e+00 2.536e-02 5.171e-02
 1.209e-01 2.379e-01 1.908e-04 8.981e-05 4.307e-02 3.234e-04 1.221e-04
 1.559e-04 5.116e-02 1.846e-05 6.927e-01 6.884e-02 6.651e-02 3.310e-01
 9.911e-02 2.027e-01 1.809e-04 2.766e-02 2.219e-01 4.892e-02 1.579e+00
 2.032e+00 1.135e-04 2.034e-05 1.570e-03 1.218e-01 5.478e-02 1.962e-03
 1.657e-03 9.846e-02 2.382e-04 2.863e-04 4.052e-06 2.253e-03 1.102e-05
 1.327e-04 2.047e-06 5.328e-03 8.151e-06 7.921e-03 2.619e-02 4.339e-04
 4.651e-05 4.506e-05 2.184e-04 8.504e-06 6.317e-05 1.468e-01 4.699e-04
 5.551e-03 6.327e-05 2.039e-04 1.534e-04 5.422e-03 6.163e-01 8.482e-04
 2.281e-02 1.064e-02 8.692e-02 1.192e-02 2.559e-04 1.774e-04 4.849e-03
 3.177e-05 1.579e-04 7.174e-06 2.276e-02 2.041e-05 1.258e-01 1.183e+00
 2.467e-02 5.295e-03 3.701e-05 2.421e+00 1.494e-04 3.168e-04 3.492e-01
 3.910e-03 1.763e-01 4.339e-04 1.640e-04 1.549e-04 5.756e-02 7.590e-02
 1.649e-02 9.857e-02 1.494e+00 2.565e-02 3.005e-03 3.404e-02 1.011e-04
 1.625e-02 1.878e-04 1.494e-04 5.636e-04 7.811e-02 1.650e-04 5.644e-02
 6.543e-02 5.935e-02 3.870e-02 6.918e-02 1.709e+00 3.932e-02 3.545e-02
 7.119e-02 6.059e-02 9.641e-03 5.285e-02 1.587e-04 9.655e-05 4.624e-02
 6.226e-02 1.792e-01 4.171e-02 6.933e-03 2.522e+00 4.108e-02 1.531e-04
 1.639e-04 3.064e-01 1.357e-04 1.553e-04 1.172e-05 1.377e-01 3.498e-04
 1.157e+00 7.113e-02 3.597e-02 3.204e-03 4.403e-04 1.659e-01 1.572e+00
 1.686e-04 1.966e-01 2.862e-02 2.217e+00 6.922e-02 1.514e-04 1.589e-04
 4.138e-02 9.897e-03 1.768e-01 2.614e-02 3.286e-02 6.550e-02 2.740e-03
 2.443e-04 1.636e-04 2.619e-03 2.241e-05 2.575e-04 7.094e-06 3.078e-03
 5.399e-05 5.916e-01 5.580e-02 2.951e-02 8.529e-04 1.061e-03 1.466e-02
 3.518e-03 1.190e-04 4.045e-04 9.826e-03 4.415e-02 2.371e-03 8.171e-05
 1.236e-04 3.648e-02 8.717e-02 7.757e-04 3.433e-02 2.916e-02 1.360e+00
 1.616e-01 6.655e-04 6.432e-07 6.534e-03 9.216e-05 1.344e-04 1.175e-04
 2.000e-02 1.045e-04 3.280e-02 3.967e-02 5.411e-02 4.270e-02 5.225e-03
 1.006e-02 1.968e-02 9.357e-05 1.454e-02 1.006e-03 2.377e-02 1.371e-02
 1.291e-04 1.858e-04 3.584e-02 2.870e-03 5.082e-02 1.111e-01 1.606e-02
 5.739e-03 1.425e-02 1.149e-04 2.218e-05 1.658e-03 7.863e-05 1.988e-04
 1.830e-06 2.206e-02 1.143e-06 2.047e-03 9.637e-03 5.837e-02 1.078e-04
 9.532e-05 4.697e-02 1.405e-03 3.721e-05 1.437e-04 6.723e-05 7.120e-05
 1.764e-03 1.192e-04 8.217e-05 2.917e-02 8.159e-02 6.205e-02 6.181e-01
 2.013e-01 4.730e-02 3.622e-02 1.307e-03 1.488e-04 1.755e-02 6.492e-06
 1.748e-04 2.170e-04 1.727e-03 1.134e-05 1.919e-01 1.024e+00 3.623e-02
 6.684e-03 8.607e-05 5.262e-02 3.815e-01 1.189e-04 5.903e-04 3.706e-02
 1.542e-02 6.877e-02]
[[0. 0. 0. 0. 0. 0. 0. 0. 0. 0. 0. 0. 0. 0. 0. 0. 0. 0. 0. 1. 0. 0. 0. 0.
  0. 0. 0. 0. 0. 0.]
 [0. 0. 0. 0. 0. 1. 1. 0. 0. 0. 0. 0. 0. 0. 0. 0. 0. 0. 0. 0. 0. 0. 0. 0.
  0. 0. 0. 0. 0. 0.]
 [0. 0. 0. 0. 0. 0. 0. 0. 0. 0. 0. 0. 0. 0. 0. 0. 0. 0. 0. 0. 0. 0. 0. 0.
  0. 0. 0. 0. 0. 0.]
 [0. 0. 0. 0. 0. 0. 0. 0. 0. 0. 0. 0. 0. 0. 0. 0. 0. 0. 0. 0. 0. 0. 0. 0.
  0. 0. 0. 0. 0. 0.]
 [0. 0. 0. 0. 0. 0. 0. 0. 0. 0. 0. 0. 0. 0. 0. 0. 0. 0. 0. 0. 0. 0. 0. 0.
  0. 0. 0. 0. 0. 0.]
 [0. 0. 0. 0. 0. 0. 0. 0. 0. 0. 0. 0. 0. 0. 0. 0. 0. 0. 0. 1. 0. 0. 0. 0.
  0. 0. 0. 0. 0. 0.]
 [0. 0. 0. 0. 0. 0. 0. 0. 0. 0. 0. 0. 0. 0. 0. 0. 0. 0. 0. 0. 0. 0. 0. 0.
  0. 0. 0. 0. 0. 0.]
 [0. 0. 0. 1. 0. 0. 0. 0. 0. 0. 0. 0. 0. 0. 0. 0. 0. 0. 0. 0. 0. 0. 0. 0.
  0. 0. 0. 0. 0. 0.]
 [0. 0. 0. 0. 0. 0. 0. 0. 0. 0. 0. 0. 0. 0. 0. 0. 0. 0. 1. 1. 0. 0. 1. 0.
  0. 0. 0. 0. 0. 0.]
 [1. 0. 0. 0. 0. 1. 0. 1. 0. 0. 0. 1. 0. 0. 0. 0. 0. 0. 0. 0. 0. 0. 0. 0.
  0. 0. 1. 0. 0. 0.]
 [0. 0. 0. 0. 0. 0. 0. 0. 1. 0. 0. 0. 0. 0. 0. 0. 0. 0. 0. 0. 0. 0. 0. 0.
  0. 0. 0. 1. 0. 0.]
 [0. 0. 1. 0. 0. 0. 0. 0. 0. 0. 0. 0. 0. 0. 0. 0. 0. 0. 0. 0. 0. 0. 0. 0.
  0. 0. 1. 0. 0. 0.]
 [0. 0. 0. 0. 0. 0. 1. 0. 1. 0. 0. 0. 0. 0. 0. 0. 0. 0. 0. 0. 0. 0. 0. 1.
  0. 0. 1. 0. 0. 1.]
 [0. 0. 0. 0. 1. 0. 0. 0. 0. 0. 0. 0. 0. 0. 0. 0. 0. 1. 0. 1. 0. 0. 0. 0.
  0. 0. 1. 0. 0. 0.]
 [0. 0. 0. 0. 0. 0. 0. 0. 0. 0. 0. 1. 0. 0. 0. 0. 0. 0. 0. 0. 0. 0. 0. 1.
  0. 1. 0. 0. 0. 0.]
 [0. 0. 0. 0. 0. 0. 0. 0. 0. 0. 0. 0. 0. 0. 0. 0. 0. 0. 0. 0. 0. 0. 0. 0.
  0. 0. 0. 0. 0. 0.]
 [0. 0. 1. 0. 0. 0. 0. 0. 1. 0. 0. 0. 0. 0. 0. 0. 0. 0. 0. 0. 1. 1. 0. 0.
  0. 0. 0. 0. 0. 0.]
 [0. 0. 0. 0. 1. 0. 0. 1. 0. 0. 0. 0. 0. 0. 0. 0. 0. 0. 0. 0. 0. 0. 0. 0.
  0. 0. 1. 0. 0. 0.]
 [0. 0. 0. 0. 0. 0. 0. 0. 0. 0. 0. 0. 0. 0. 0. 0. 0. 0. 0. 0. 0. 0. 0. 0.
  0. 0. 0. 0. 0. 0.]
 [0. 0. 0. 0. 0. 0. 0. 0. 0. 0. 0. 0. 0. 0. 0. 0. 0. 0. 0. 0. 0. 0. 0. 0.
  0. 0. 0. 0. 0. 0.]
 [0. 0. 0. 0. 0. 1. 0. 0. 1. 0. 0. 0. 0. 0. 0. 0. 0. 0. 0. 0. 0. 0. 0. 0.
  0. 0. 0. 0. 1. 0.]
 [0. 0. 0. 1. 1. 0. 0. 0. 1. 0. 0. 0. 0. 0. 0. 0. 0. 1. 0. 0. 0. 0. 0. 0.
  0. 0. 0. 0. 1. 1.]
 [0. 0. 0. 0. 0. 0. 0. 0. 0. 0. 0. 0. 0. 0. 0. 1. 0. 0. 0. 0. 0. 0. 0. 0.
  0. 0. 0. 0. 0. 0.]
 [0. 0. 0. 1. 0. 0. 0. 0. 0. 0. 0. 0. 0. 0. 0. 0. 0. 0. 1. 0. 0. 0. 1. 0.
  0. 0. 1. 0. 0. 0.]
 [0. 0. 0. 0. 0. 0. 1. 0. 0. 0. 0. 0. 0. 0. 0. 0. 0. 0. 0. 0. 0. 0. 1. 0.
  0. 0. 0. 0. 0. 0.]
 [0. 0. 0. 0. 0. 0. 0. 1. 0. 0. 0. 0. 0. 0. 0. 0. 0. 1. 0. 0. 0. 0. 0. 1.
  0. 0. 0. 0. 1. 0.]
 [0. 0. 0. 0. 0. 0. 0. 0. 0. 0. 0. 0. 0. 0. 0. 1. 0. 0. 0. 0. 0. 0. 0. 0.
  0. 0. 0. 0. 0. 0.]
 [0. 0. 0. 0. 0. 0. 0. 1. 0. 0. 0. 0. 0. 0. 0. 0. 0. 0. 0. 0. 0. 0. 0. 0.
  0. 0. 0. 0. 0. 0.]
 [0. 0. 0. 0. 0. 0. 0. 0. 0. 0. 0. 0. 0. 0. 0. 0. 0. 0. 0. 0. 0. 0. 0. 0.
  0. 0. 0. 0. 0. 0.]
 [0. 0. 0. 0. 0. 1. 0. 0. 0. 0. 0. 0. 0. 0. 0. 0. 0. 0. 1. 0. 0. 0. 0. 0.
  0. 0. 0. 0. 0. 0.]]
[0. 0. 0. 0. 0. 0. 0. 0. 0. 0. 0. 0. 0. 0. 0. 0. 0. 0. 1. 0. 0. 0. 0. 0.
 0. 0. 0. 0. 0. 0. 0. 0. 0. 1. 1. 0. 0. 0. 0. 0. 0. 0. 0. 0. 0. 0. 0. 0.
 0. 0. 0. 0. 0. 0. 0. 0. 0. 0. 0. 0. 0. 0. 0. 0. 0. 0. 0. 0. 0. 0. 0. 0.
 0. 0. 0. 0. 0. 0. 0. 0. 0. 0. 0. 0. 0. 0. 0. 0. 0. 0. 0. 0. 0. 0. 0. 0.
 0. 0. 0. 0. 0. 0. 0. 0. 0. 0. 0. 0. 0. 0. 0. 0. 0. 0. 0. 0. 0. 0. 0. 0.
 0. 0. 0. 0. 0. 0. 0. 0. 0. 0. 0. 0. 0. 0. 0. 0. 0. 0. 0. 0. 0. 0. 0. 0.
 0. 0. 0. 0. 0. 0. 0. 0. 0. 0. 0. 0. 0. 0. 0. 0. 0. 0. 0. 1. 0. 0. 0. 0.
 0. 0. 0. 0. 0. 0. 0. 0. 0. 0. 0. 0. 0. 0. 0. 0. 0. 0. 0. 0. 0. 0. 0. 0.
 0. 0. 0. 0. 0. 0. 0. 0. 0. 0. 0. 0. 0. 0. 1. 0. 0. 0. 0. 0. 0. 0. 0. 0.
 0. 0. 0. 0. 0. 0. 0. 0. 0. 0. 0. 0. 0. 0. 0. 0. 0. 0. 0. 0. 0. 0. 0. 0.
 0. 0. 0. 0. 0. 0. 0. 0. 0. 1. 1. 0. 0. 1. 0. 0. 0. 0. 0. 0. 0. 1. 0. 0.
 0. 0. 1. 0. 1. 0. 0. 1. 0. 0. 0. 0. 0. 0. 0. 0. 0. 0. 0. 0. 0. 0. 1. 0.
 0. 0. 0. 0. 0. 0. 0. 0. 0. 0. 1. 0. 0. 0. 0. 0. 0. 0. 0. 0. 0. 0. 0. 0.
 0. 0. 0. 0. 1. 0. 0. 0. 0. 1. 0. 0. 0. 0. 0. 0. 0. 0. 0. 0. 0. 0. 0. 0.
 0. 0. 0. 0. 0. 0. 0. 0. 1. 0. 0. 0. 0. 0. 0. 0. 0. 0. 1. 0. 1. 0. 0. 0.
 0. 0. 0. 0. 0. 0. 0. 0. 0. 0. 1. 0. 0. 1. 0. 0. 1. 0. 0. 0. 0. 1. 0. 0.
 0. 0. 0. 0. 0. 0. 0. 0. 0. 1. 0. 1. 0. 0. 0. 0. 0. 0. 1. 0. 0. 0. 0. 0.
 0. 0. 0. 0. 0. 0. 0. 0. 0. 1. 0. 0. 0. 0. 0. 0. 0. 0. 0. 0. 1. 0. 1. 0.
 0. 0. 0. 0. 0. 0. 0. 0. 0. 0. 0. 0. 0. 0. 0. 0. 0. 0. 0. 0. 0. 0. 0. 0.
 0. 0. 0. 0. 0. 0. 0. 0. 0. 0. 1. 0. 0. 0. 0. 0. 1. 0. 0. 0. 0. 0. 0. 0.
 0. 0. 0. 1. 1. 0. 0. 0. 0. 0. 0. 0. 0. 0. 0. 0. 0. 1. 0. 0. 1. 0. 0. 0.
 0. 0. 0. 0. 0. 0. 0. 0. 0. 0. 0. 0. 0. 0. 1. 0. 0. 0. 0. 0. 0. 0. 0. 0.
 0. 0. 0. 0. 0. 0. 0. 0. 0. 0. 0. 0. 0. 0. 0. 0. 0. 0. 0. 0. 0. 0. 0. 0.
 0. 0. 0. 0. 0. 0. 0. 0. 0. 0. 0. 0. 0. 0. 0. 0. 0. 0. 0. 0. 0. 0. 0. 0.
 0. 0. 0. 0. 0. 0. 0. 0. 0. 1. 0. 0. 1. 0. 0. 0. 0. 0. 0. 0. 0. 0. 0. 0.
 0. 0. 0. 0. 0. 0. 0. 1. 0. 0. 0. 0. 1. 1. 0. 0. 0. 1. 0. 0. 0. 0. 0. 0.
 0. 0. 1. 0. 0. 0. 0. 0. 0. 0. 0. 0. 1. 1. 0. 0. 0. 0. 0. 0. 0. 0. 0. 0.
 0. 0. 0. 0. 0. 1. 0. 0. 0. 0. 0. 0. 0. 0. 0. 0. 0. 0. 0. 0. 0. 0. 1. 0.
 0. 0. 0. 0. 0. 0. 0. 0. 0. 0. 0. 0. 0. 1. 0. 0. 0. 1. 0. 0. 1. 0. 0. 0.
 0. 0. 0. 0. 0. 0. 1. 0. 0. 0. 0. 0. 0. 0. 0. 0. 0. 0. 0. 0. 0. 0. 1. 0.
 0. 0. 0. 0. 0. 0. 0. 0. 0. 0. 0. 0. 1. 0. 0. 0. 0. 0. 0. 0. 0. 0. 1. 0.
 0. 0. 0. 0. 1. 0. 0. 0. 1. 0. 0. 0. 0. 0. 0. 0. 0. 0. 0. 0. 0. 0. 0. 0.
 0. 1. 0. 0. 0. 0. 0. 0. 0. 0. 0. 0. 0. 0. 0. 0. 0. 0. 0. 0. 0. 0. 1. 0.
 0. 0. 0. 0. 0. 0. 0. 0. 0. 0. 0. 0. 0. 0. 0. 0. 0. 0. 0. 0. 0. 0. 0. 0.
 0. 0. 0. 0. 0. 0. 0. 0. 0. 0. 0. 0. 0. 0. 0. 0. 0. 0. 0. 0. 0. 0. 0. 0.
 0. 0. 0. 0. 0. 0. 1. 0. 0. 0. 0. 0. 0. 0. 0. 0. 0. 0. 0. 1. 0. 0. 0. 0.
 0. 0. 0. 0. 0. 0.]
aucroc, aucpr (0.9591152263374486, 0.9244548039726102)
cuda
noise_multiplier  0.8  noise_multiplier_b  2.5  noise_multiplier_delta  0.8104408984731079
cuda
Objective function 291.21 = squared loss an data 35.20 + 0.5*rho*h**2 254.631624 + alpha*h 0.000000 + L2reg 0.55 + L1reg 0.82 ; SHD = 416 ; DAG False
total norm for a microbatch 24.67310425373172 clip 1.8511579101054196
total norm for a microbatch 15.876393999899708 clip 16.283029226837634
total norm for a microbatch 14.442755189648107 clip 16.534454933653446
total norm for a microbatch 19.40874468910065 clip 16.205367243411814
total norm for a microbatch 19.32386600293353 clip 18.019418205944056
total norm for a microbatch 15.490896366790741 clip 17.010326320670856
total norm for a microbatch 25.049817320797054 clip 17.434237183189175
total norm for a microbatch 18.64457900500959 clip 17.602697850835078
total norm for a microbatch 20.354328057704695 clip 19.207419429436847
total norm for a microbatch 15.790315411270514 clip 18.755421600588278
total norm for a microbatch 25.29107085264161 clip 19.117610245352118
total norm for a microbatch 33.32585514079112 clip 20.085509192991402
cuda
Objective function 28.14 = squared loss an data 24.44 + 0.5*rho*h**2 2.649790 + alpha*h 0.000000 + L2reg 0.54 + L1reg 0.50 ; SHD = 96 ; DAG False
Proportion of microbatches that were clipped  0.8030841272404328
iteration 1 in inner loop, alpha 0.0 rho 1.0 h 2.302081783424775
iteration 1 in outer loop, alpha = 2.302081783424775, rho = 1.0, h = 2.302081783424775
cuda
noise_multiplier  0.8  noise_multiplier_b  2.5  noise_multiplier_delta  0.8104408984731079
cuda
Objective function 33.44 = squared loss an data 24.44 + 0.5*rho*h**2 2.649790 + alpha*h 5.299581 + L2reg 0.54 + L1reg 0.50 ; SHD = 96 ; DAG False
total norm for a microbatch 26.992675695100104 clip 2.9274048785051345
total norm for a microbatch 23.548764326178848 clip 9.827362307325945
total norm for a microbatch 32.96942507819421 clip 12.751562309647179
total norm for a microbatch 29.214994116161762 clip 22.024860867066277
total norm for a microbatch 23.06933346346647 clip 22.67263291732334
total norm for a microbatch 29.032175345697343 clip 21.83269844850828
total norm for a microbatch 19.35744913713289 clip 21.230874484312253
total norm for a microbatch 25.35816865711458 clip 22.602125284644355
cuda
Objective function 29.78 = squared loss an data 23.74 + 0.5*rho*h**2 1.217575 + alpha*h 3.592392 + L2reg 0.76 + L1reg 0.47 ; SHD = 84 ; DAG True
Proportion of microbatches that were clipped  0.8033547756697338
iteration 1 in inner loop, alpha 2.302081783424775 rho 1.0 h 1.5604969123033214
noise_multiplier  0.8  noise_multiplier_b  2.5  noise_multiplier_delta  0.8104408984731079
cuda
Objective function 40.73 = squared loss an data 23.74 + 0.5*rho*h**2 12.175753 + alpha*h 3.592392 + L2reg 0.76 + L1reg 0.47 ; SHD = 84 ; DAG True
total norm for a microbatch 29.12277751542893 clip 3.259756890234208
total norm for a microbatch 27.67337385547495 clip 26.47757534488167
total norm for a microbatch 31.189241592724304 clip 28.688078055154772
total norm for a microbatch 35.947043890045954 clip 27.00978198367008
total norm for a microbatch 28.199968915617212 clip 28.833604631329695
total norm for a microbatch 52.78891440285756 clip 26.263501641392416
total norm for a microbatch 30.040330867827773 clip 26.757536786952397
total norm for a microbatch 29.915488084543593 clip 26.203658837150712
total norm for a microbatch 31.610518089088448 clip 26.478781328165407
total norm for a microbatch 22.35178997276215 clip 27.433882658419478
total norm for a microbatch 31.092467949023067 clip 27.14818938099576
total norm for a microbatch 24.687155840998248 clip 27.255571586986346
total norm for a microbatch 37.990910920969384 clip 27.352189621676654
cuda
Objective function 30.10 = squared loss an data 24.69 + 0.5*rho*h**2 2.461512 + alpha*h 1.615239 + L2reg 0.91 + L1reg 0.43 ; SHD = 96 ; DAG True
Proportion of microbatches that were clipped  0.808409712172375
iteration 2 in inner loop, alpha 2.302081783424775 rho 10.0 h 0.7016426548455499
noise_multiplier  0.8  noise_multiplier_b  2.5  noise_multiplier_delta  0.8104408984731079
cuda
Objective function 52.25 = squared loss an data 24.69 + 0.5*rho*h**2 24.615121 + alpha*h 1.615239 + L2reg 0.91 + L1reg 0.43 ; SHD = 96 ; DAG True
total norm for a microbatch 72.30035164864537 clip 1.0
total norm for a microbatch 39.82622139541432 clip 6.895783329617075
total norm for a microbatch 29.56136420283355 clip 6.895783329617075
total norm for a microbatch 41.88115298196744 clip 18.477762008719147
total norm for a microbatch 45.97097613620421 clip 29.59042772599913
total norm for a microbatch 31.06764530179062 clip 32.695678967213574
total norm for a microbatch 44.539928155974366 clip 32.77608349906728
total norm for a microbatch 56.781965579455026 clip 30.23834459177363
total norm for a microbatch 43.61662602427135 clip 29.905395408958963
total norm for a microbatch 32.710692523915014 clip 29.248545231944373
total norm for a microbatch 28.536852292315285 clip 29.51086663347267
total norm for a microbatch 26.565130437463374 clip 29.99736000413624
total norm for a microbatch 27.999926409257547 clip 30.210693265266766
total norm for a microbatch 34.438479801774456 clip 29.79968034955278
total norm for a microbatch 41.04182889054711 clip 29.884106538217235
total norm for a microbatch 28.17808145803651 clip 30.0364284383208
total norm for a microbatch 32.179543416942984 clip 30.031360663560143
cuda
Objective function 30.76 = squared loss an data 25.87 + 0.5*rho*h**2 2.984029 + alpha*h 0.562390 + L2reg 0.98 + L1reg 0.37 ; SHD = 100 ; DAG True
Proportion of microbatches that were clipped  0.8081891299049476
iteration 3 in inner loop, alpha 2.302081783424775 rho 100.0 h 0.24429608389522883
iteration 2 in outer loop, alpha = 26.73169017294766, rho = 100.0, h = 0.24429608389522883
cuda
noise_multiplier  0.8  noise_multiplier_b  2.5  noise_multiplier_delta  0.8104408984731079
cuda
Objective function 36.73 = squared loss an data 25.87 + 0.5*rho*h**2 2.984029 + alpha*h 6.530447 + L2reg 0.98 + L1reg 0.37 ; SHD = 100 ; DAG True
total norm for a microbatch 41.59343804488026 clip 1.2929899128129856
total norm for a microbatch 47.026954793271614 clip 2.2065959255337204
total norm for a microbatch 32.144514340184855 clip 2.883073826190332
total norm for a microbatch 43.452146440626215 clip 9.253742714706249
total norm for a microbatch 25.701704062517578 clip 32.12414414618045
total norm for a microbatch 37.90871419045302 clip 34.013574393841616
total norm for a microbatch 45.35932902107044 clip 34.77326733883653
total norm for a microbatch 48.737935328331105 clip 32.75780625440312
total norm for a microbatch 36.51069990923445 clip 34.343208498440625
total norm for a microbatch 29.26359430472494 clip 33.34481812100562
total norm for a microbatch 46.221847651565874 clip 33.438260771010796
total norm for a microbatch 25.71447714097203 clip 33.37910380774947
total norm for a microbatch 44.74082579119668 clip 34.40424415431606
total norm for a microbatch 35.42063291974486 clip 31.58243073417603
total norm for a microbatch 39.72327523842939 clip 33.06095956424732
cuda
Objective function 33.11 = squared loss an data 26.07 + 0.5*rho*h**2 1.299180 + alpha*h 4.308997 + L2reg 1.06 + L1reg 0.37 ; SHD = 102 ; DAG True
Proportion of microbatches that were clipped  0.807051593077794
iteration 1 in inner loop, alpha 26.73169017294766 rho 100.0 h 0.16119432369312747
noise_multiplier  0.8  noise_multiplier_b  2.5  noise_multiplier_delta  0.8104408984731079
cuda
Objective function 44.80 = squared loss an data 26.07 + 0.5*rho*h**2 12.991805 + alpha*h 4.308997 + L2reg 1.06 + L1reg 0.37 ; SHD = 102 ; DAG True
total norm for a microbatch 37.24096329834969 clip 1.6994152444932447
total norm for a microbatch 48.35679646694512 clip 3.737997185022944
total norm for a microbatch 56.99907272256861 clip 39.92301637264866
total norm for a microbatch 47.958306189985294 clip 39.92301637264866
total norm for a microbatch 44.18387398902104 clip 41.32925381184583
total norm for a microbatch 46.29956769860734 clip 42.2835724070659
total norm for a microbatch 48.845530915432896 clip 40.19239756277345
total norm for a microbatch 40.78904073118565 clip 42.260772054430575
total norm for a microbatch 38.32745490564744 clip 37.29334903727262
total norm for a microbatch 40.496832828438734 clip 35.798654964119265
total norm for a microbatch 34.07345874822079 clip 36.62088313428788
total norm for a microbatch 35.2169098068838 clip 36.62088313428788
total norm for a microbatch 40.71393584414486 clip 35.881950305417966
total norm for a microbatch 41.909686598907044 clip 35.50768502747388
cuda
Objective function 32.66 = squared loss an data 26.44 + 0.5*rho*h**2 2.726326 + alpha*h 1.973924 + L2reg 1.16 + L1reg 0.36 ; SHD = 118 ; DAG True
Proportion of microbatches that were clipped  0.8136200716845878
iteration 2 in inner loop, alpha 26.73169017294766 rho 1000.0 h 0.07384208033128914
noise_multiplier  0.8  noise_multiplier_b  2.5  noise_multiplier_delta  0.8104408984731079
cuda
Objective function 57.20 = squared loss an data 26.44 + 0.5*rho*h**2 27.263264 + alpha*h 1.973924 + L2reg 1.16 + L1reg 0.36 ; SHD = 118 ; DAG True
total norm for a microbatch 255.58156616872535 clip 1.3285360296189497
total norm for a microbatch 97.0111789994176 clip 2.342497264749504
total norm for a microbatch 93.0177055073976 clip 87.65018397465717
total norm for a microbatch 119.59970712897407 clip 104.39537152238069
total norm for a microbatch 124.44897453315622 clip 113.1541663268267
total norm for a microbatch 82.85438128187899 clip 81.6945859925095
total norm for a microbatch 49.88779064580226 clip 50.18254693159222
total norm for a microbatch 62.33164416458585 clip 43.51069304653138
total norm for a microbatch 35.861682415170485 clip 37.18851205829131
total norm for a microbatch 45.585383947712415 clip 37.367993453828774
total norm for a microbatch 58.73637311606036 clip 38.06228193556977
total norm for a microbatch 39.21812537530898 clip 38.06228193556977
cuda
Objective function 30.74 = squared loss an data 26.47 + 0.5*rho*h**2 2.169425 + alpha*h 0.556819 + L2reg 1.20 + L1reg 0.34 ; SHD = 130 ; DAG True
Proportion of microbatches that were clipped  0.8136512239853281
iteration 3 in inner loop, alpha 26.73169017294766 rho 10000.0 h 0.020829905330401743
iteration 3 in outer loop, alpha = 235.03074347696509, rho = 10000.0, h = 0.020829905330401743
cuda
noise_multiplier  0.8  noise_multiplier_b  2.5  noise_multiplier_delta  0.8104408984731079
cuda
Objective function 35.08 = squared loss an data 26.47 + 0.5*rho*h**2 2.169425 + alpha*h 4.895668 + L2reg 1.20 + L1reg 0.34 ; SHD = 130 ; DAG True
total norm for a microbatch 63.67630116011497 clip 1.0
total norm for a microbatch 131.13256006850943 clip 64.33751086047766
total norm for a microbatch 181.89046004581388 clip 165.83047928841643
total norm for a microbatch 150.69481281075636 clip 127.09221898890108
total norm for a microbatch 63.625689421853515 clip 57.90785430338684
total norm for a microbatch 47.33835683917107 clip 44.09922706982836
total norm for a microbatch 44.51652805935818 clip 39.73861292280622
total norm for a microbatch 52.78327927539035 clip 40.63505649013367
total norm for a microbatch 43.2082722656617 clip 41.42500588405032
total norm for a microbatch 40.56420127637433 clip 37.68898370719409
total norm for a microbatch 53.68709544133171 clip 41.15165782890108
cuda
Objective function 31.22 = squared loss an data 26.74 + 0.5*rho*h**2 0.508245 + alpha*h 2.369608 + L2reg 1.25 + L1reg 0.35 ; SHD = 143 ; DAG True
Proportion of microbatches that were clipped  0.8129022006832446
iteration 1 in inner loop, alpha 235.03074347696509 rho 10000.0 h 0.010082117775851884
noise_multiplier  0.8  noise_multiplier_b  2.5  noise_multiplier_delta  0.8104408984731079
cuda
Objective function 35.80 = squared loss an data 26.74 + 0.5*rho*h**2 5.082455 + alpha*h 2.369608 + L2reg 1.25 + L1reg 0.35 ; SHD = 143 ; DAG True
total norm for a microbatch 682.7416710395964 clip 35.839554808996
total norm for a microbatch 983.3047585037455 clip 125.24951506921897
total norm for a microbatch 1990.7554914538832 clip 959.7479506671381
total norm for a microbatch 2487.5460636760813 clip 1058.3237124612149
total norm for a microbatch 2487.2509874574384 clip 1058.3237124612149
total norm for a microbatch 5672.3555129897095 clip 4711.151685481261
total norm for a microbatch 3614.2095967726755 clip 3018.3450289809903
total norm for a microbatch 197.9501721298165 clip 190.6734250207798
total norm for a microbatch 56.34342727673871 clip 57.04983695824677
total norm for a microbatch 47.0913185094625 clip 44.895526899021824
total norm for a microbatch 45.64584502377443 clip 34.45770393881751
total norm for a microbatch 40.11749256298763 clip 37.10891371483029
total norm for a microbatch 40.41420803497979 clip 36.42912432800073
cuda
Objective function 33.75 = squared loss an data 31.14 + 0.5*rho*h**2 0.281838 + alpha*h 0.558007 + L2reg 1.39 + L1reg 0.37 ; SHD = 167 ; DAG True
Proportion of microbatches that were clipped  0.8111013074516724
iteration 2 in inner loop, alpha 235.03074347696509 rho 100000.0 h 0.0023741872975975298
iteration 4 in outer loop, alpha = 472.44947323671806, rho = 100000.0, h = 0.0023741872975975298
cuda
noise_multiplier  0.8  noise_multiplier_b  2.5  noise_multiplier_delta  0.8104408984731079
cuda
Objective function 34.31 = squared loss an data 31.14 + 0.5*rho*h**2 0.281838 + alpha*h 1.121684 + L2reg 1.39 + L1reg 0.37 ; SHD = 167 ; DAG True
total norm for a microbatch 3735.0507197969814 clip 1.5800104281720568
total norm for a microbatch 2849.452326339376 clip 2.0639977664832068
total norm for a microbatch 1447.2877414286295 clip 3.2480238231413754
total norm for a microbatch 2693.370256643834 clip 1102.0409157606516
total norm for a microbatch 7130.190530903517 clip 5395.002839870065
total norm for a microbatch 8984.673971624117 clip 6484.7840905174135
total norm for a microbatch 7224.545703002503 clip 8414.158591502131
total norm for a microbatch 7798.855533208132 clip 6515.112647940403
total norm for a microbatch 6058.080583756845 clip 7131.749479007819
total norm for a microbatch 3948.548179505358 clip 3109.212273744106
total norm for a microbatch 4131.246692831618 clip 3378.802292858277
total norm for a microbatch 410.5686793963675 clip 421.97302890238745
total norm for a microbatch 44.598992210274645 clip 48.62515319240806
total norm for a microbatch 34.23789411374969 clip 41.42364023169637
cuda
Objective function 35.53 = squared loss an data 32.11 + 0.5*rho*h**2 0.300639 + alpha*h 1.158492 + L2reg 1.55 + L1reg 0.41 ; SHD = 190 ; DAG True
Proportion of microbatches that were clipped  0.8095696852922286
iteration 1 in inner loop, alpha 472.44947323671806 rho 100000.0 h 0.0024520978800133264
iteration 5 in outer loop, alpha = 2924.547353250044, rho = 1000000.0, h = 0.0024520978800133264
Threshold 0.3
[[0.    0.042 0.225 0.474 0.31  0.318 0.553 0.004 0.323 0.064 0.003 0.04
  0.002 0.002 0.002 0.046 0.003 0.089 0.037 0.273 0.004 0.004 0.135 0.136
  0.196 0.18  0.285 0.222 0.235 0.182]
 [0.12  0.001 0.539 0.903 0.307 0.345 0.683 0.014 0.463 0.188 0.007 0.054
  0.002 0.005 0.003 0.034 0.042 0.235 0.208 0.497 0.004 0.002 0.389 0.22
  0.322 0.366 0.216 0.473 0.48  0.205]
 [0.004 0.001 0.001 0.125 0.052 0.048 0.058 0.    0.054 0.001 0.    0.001
  0.    0.001 0.001 0.    0.001 0.001 0.002 0.068 0.001 0.001 0.057 0.001
  0.003 0.001 0.001 0.143 0.005 0.048]
 [0.001 0.    0.027 0.001 0.036 0.09  0.037 0.001 0.088 0.001 0.001 0.002
  0.001 0.001 0.001 0.002 0.001 0.002 0.001 0.128 0.001 0.001 0.006 0.001
  0.018 0.019 0.007 0.042 0.013 0.027]
 [0.002 0.002 0.085 0.108 0.001 0.055 0.106 0.001 0.08  0.001 0.001 0.002
  0.001 0.    0.    0.002 0.    0.004 0.002 0.067 0.001 0.001 0.057 0.001
  0.012 0.027 0.009 0.096 0.011 0.099]
 [0.002 0.003 0.093 0.036 0.084 0.001 0.215 0.001 0.144 0.001 0.    0.001
  0.    0.002 0.001 0.001 0.001 0.026 0.002 0.145 0.001 0.001 0.046 0.008
  0.069 0.077 0.064 0.199 0.02  0.103]
 [0.001 0.001 0.067 0.088 0.028 0.009 0.001 0.001 0.037 0.    0.    0.001
  0.    0.    0.001 0.001 0.001 0.002 0.009 0.009 0.001 0.    0.005 0.001
  0.009 0.011 0.002 0.007 0.098 0.004]
 [0.264 0.158 0.608 0.953 0.407 0.394 0.655 0.002 0.376 0.057 0.016 0.034
  0.07  0.029 0.007 0.112 0.08  0.18  0.145 0.268 0.038 0.011 0.443 0.132
  0.189 0.253 0.301 0.565 0.424 0.548]
 [0.003 0.001 0.09  0.055 0.063 0.011 0.105 0.001 0.001 0.001 0.    0.001
  0.001 0.    0.    0.001 0.001 0.002 0.002 0.044 0.001 0.001 0.025 0.002
  0.004 0.003 0.006 0.09  0.048 0.09 ]
 [0.066 0.012 0.524 0.513 0.397 0.57  0.743 0.09  0.457 0.    0.002 0.04
  0.003 0.004 0.004 0.035 0.066 0.059 0.101 0.414 0.004 0.001 0.179 0.143
  0.199 0.261 0.301 0.523 0.342 0.223]
 [0.299 0.239 1.269 0.701 0.47  0.87  1.11  0.155 0.885 0.336 0.001 0.307
  0.064 0.053 0.011 0.096 0.171 0.362 0.449 0.588 0.091 0.019 0.484 0.127
  0.571 0.306 0.535 1.722 0.286 0.536]
 [0.105 0.065 1.    0.339 0.309 0.411 0.398 0.137 0.489 0.094 0.003 0.001
  0.03  0.014 0.003 0.073 0.041 0.066 0.317 0.804 0.035 0.032 0.249 0.212
  0.248 0.462 0.262 0.581 0.199 0.231]
 [0.298 0.339 1.098 0.612 0.855 0.965 0.945 0.052 0.656 0.294 0.084 0.126
  0.001 0.034 0.051 0.146 0.359 0.292 0.473 0.523 0.199 0.007 0.71  0.176
  0.263 0.691 0.175 1.26  0.673 0.868]
 [0.465 0.202 0.673 0.728 0.769 0.197 1.215 0.133 0.936 0.225 0.101 0.165
  0.114 0.001 0.019 0.272 0.271 0.243 0.46  0.335 0.209 0.051 0.576 0.262
  0.485 0.746 0.528 0.647 0.661 0.815]
 [0.376 0.292 1.09  0.781 0.899 0.469 0.707 0.214 0.724 0.236 0.179 0.335
  0.102 0.168 0.001 0.38  0.229 0.356 0.648 0.72  0.117 0.072 0.481 0.836
  0.827 0.696 0.574 1.238 0.563 0.7  ]
 [0.076 0.1   0.77  0.343 0.353 0.631 0.733 0.043 0.303 0.127 0.057 0.069
  0.017 0.005 0.002 0.001 0.101 0.177 0.225 1.065 0.015 0.011 0.569 0.126
  0.247 0.261 0.521 0.788 0.178 0.379]
 [0.283 0.11  0.381 0.402 0.662 0.477 0.977 0.045 0.544 0.051 0.014 0.088
  0.003 0.004 0.005 0.036 0.    0.116 0.125 0.369 0.006 0.048 0.227 0.229
  0.228 0.457 0.331 0.498 0.414 0.561]
 [0.057 0.009 0.336 0.274 0.306 0.135 0.385 0.012 0.319 0.062 0.002 0.061
  0.002 0.005 0.002 0.011 0.03  0.002 0.035 0.667 0.001 0.002 0.151 0.012
  0.174 0.225 0.131 0.451 0.068 0.169]
 [0.102 0.005 0.373 0.469 0.255 0.4   0.158 0.016 0.321 0.034 0.001 0.002
  0.002 0.002 0.001 0.007 0.022 0.096 0.001 0.311 0.002 0.002 0.135 0.046
  0.205 0.2   0.105 0.334 0.194 0.114]
 [0.002 0.001 0.06  0.024 0.084 0.025 0.211 0.002 0.062 0.002 0.001 0.
  0.001 0.001 0.001 0.    0.002 0.001 0.003 0.001 0.001 0.001 0.058 0.001
  0.016 0.004 0.024 0.088 0.004 0.036]
 [0.299 0.23  0.577 0.484 0.639 0.818 0.943 0.106 0.881 0.259 0.052 0.122
  0.01  0.006 0.032 0.176 0.22  0.353 0.319 0.972 0.001 0.093 0.432 0.277
  0.454 0.313 0.286 0.667 0.175 0.774]
 [0.233 0.332 0.625 0.911 0.53  0.776 1.123 0.178 0.549 0.398 0.149 0.133
  0.223 0.108 0.059 0.168 0.078 0.467 0.352 0.462 0.045 0.001 0.812 0.24
  0.621 0.662 0.405 0.922 0.662 0.863]
 [0.021 0.002 0.058 0.23  0.065 0.076 0.219 0.001 0.137 0.009 0.001 0.004
  0.001 0.001 0.001 0.001 0.002 0.021 0.033 0.08  0.001 0.001 0.002 0.004
  0.075 0.04  0.002 0.023 0.016 0.032]
 [0.027 0.009 0.327 0.623 0.605 0.213 0.625 0.023 0.299 0.017 0.021 0.008
  0.009 0.003 0.001 0.023 0.006 0.18  0.097 0.398 0.002 0.004 0.336 0.001
  0.239 0.341 0.346 0.349 0.218 0.349]
 [0.009 0.002 0.313 0.146 0.155 0.051 0.192 0.013 0.267 0.008 0.001 0.005
  0.003 0.001 0.001 0.004 0.007 0.015 0.008 0.117 0.001 0.001 0.07  0.004
  0.001 0.072 0.068 0.194 0.087 0.054]
 [0.011 0.002 0.482 0.16  0.115 0.055 0.17  0.007 0.304 0.005 0.002 0.001
  0.001 0.001 0.001 0.003 0.001 0.008 0.005 0.284 0.002 0.001 0.089 0.003
  0.061 0.001 0.097 0.155 0.077 0.195]
 [0.004 0.005 0.531 0.219 0.19  0.066 0.316 0.002 0.245 0.002 0.001 0.005
  0.004 0.001 0.001 0.002 0.003 0.019 0.049 0.132 0.002 0.001 0.243 0.002
  0.079 0.055 0.001 0.079 0.075 0.164]
 [0.005 0.001 0.015 0.113 0.046 0.013 0.228 0.001 0.052 0.001 0.    0.001
  0.    0.001 0.    0.    0.001 0.002 0.001 0.04  0.001 0.    0.118 0.002
  0.006 0.014 0.034 0.001 0.021 0.034]
 [0.005 0.001 0.196 0.149 0.18  0.129 0.037 0.002 0.098 0.002 0.001 0.008
  0.    0.001 0.001 0.01  0.001 0.077 0.011 0.219 0.003 0.001 0.143 0.005
  0.046 0.073 0.06  0.147 0.002 0.062]
 [0.015 0.006 0.09  0.152 0.038 0.045 0.257 0.001 0.045 0.004 0.001 0.004
  0.001 0.001 0.001 0.001 0.002 0.019 0.041 0.12  0.001 0.    0.12  0.002
  0.071 0.009 0.018 0.113 0.079 0.001]]
[[0.    0.    0.    0.474 0.31  0.318 0.553 0.    0.323 0.    0.    0.
  0.    0.    0.    0.    0.    0.    0.    0.    0.    0.    0.    0.
  0.    0.    0.    0.    0.    0.   ]
 [0.    0.    0.539 0.903 0.307 0.345 0.683 0.    0.463 0.    0.    0.
  0.    0.    0.    0.    0.    0.    0.    0.497 0.    0.    0.389 0.
  0.322 0.366 0.    0.473 0.48  0.   ]
 [0.    0.    0.    0.    0.    0.    0.    0.    0.    0.    0.    0.
  0.    0.    0.    0.    0.    0.    0.    0.    0.    0.    0.    0.
  0.    0.    0.    0.    0.    0.   ]
 [0.    0.    0.    0.    0.    0.    0.    0.    0.    0.    0.    0.
  0.    0.    0.    0.    0.    0.    0.    0.    0.    0.    0.    0.
  0.    0.    0.    0.    0.    0.   ]
 [0.    0.    0.    0.    0.    0.    0.    0.    0.    0.    0.    0.
  0.    0.    0.    0.    0.    0.    0.    0.    0.    0.    0.    0.
  0.    0.    0.    0.    0.    0.   ]
 [0.    0.    0.    0.    0.    0.    0.    0.    0.    0.    0.    0.
  0.    0.    0.    0.    0.    0.    0.    0.    0.    0.    0.    0.
  0.    0.    0.    0.    0.    0.   ]
 [0.    0.    0.    0.    0.    0.    0.    0.    0.    0.    0.    0.
  0.    0.    0.    0.    0.    0.    0.    0.    0.    0.    0.    0.
  0.    0.    0.    0.    0.    0.   ]
 [0.    0.    0.608 0.953 0.407 0.394 0.655 0.    0.376 0.    0.    0.
  0.    0.    0.    0.    0.    0.    0.    0.    0.    0.    0.443 0.
  0.    0.    0.301 0.565 0.424 0.548]
 [0.    0.    0.    0.    0.    0.    0.    0.    0.    0.    0.    0.
  0.    0.    0.    0.    0.    0.    0.    0.    0.    0.    0.    0.
  0.    0.    0.    0.    0.    0.   ]
 [0.    0.    0.524 0.513 0.397 0.57  0.743 0.    0.457 0.    0.    0.
  0.    0.    0.    0.    0.    0.    0.    0.414 0.    0.    0.    0.
  0.    0.    0.301 0.523 0.342 0.   ]
 [0.    0.    1.269 0.701 0.47  0.87  1.11  0.    0.885 0.336 0.    0.307
  0.    0.    0.    0.    0.    0.362 0.449 0.588 0.    0.    0.484 0.
  0.571 0.306 0.535 1.722 0.    0.536]
 [0.    0.    1.    0.339 0.309 0.411 0.398 0.    0.489 0.    0.    0.
  0.    0.    0.    0.    0.    0.    0.317 0.804 0.    0.    0.    0.
  0.    0.462 0.    0.581 0.    0.   ]
 [0.    0.339 1.098 0.612 0.855 0.965 0.945 0.    0.656 0.    0.    0.
  0.    0.    0.    0.    0.359 0.    0.473 0.523 0.    0.    0.71  0.
  0.    0.691 0.    1.26  0.673 0.868]
 [0.465 0.    0.673 0.728 0.769 0.    1.215 0.    0.936 0.    0.    0.
  0.    0.    0.    0.    0.    0.    0.46  0.335 0.    0.    0.576 0.
  0.485 0.746 0.528 0.647 0.661 0.815]
 [0.376 0.    1.09  0.781 0.899 0.469 0.707 0.    0.724 0.    0.    0.335
  0.    0.    0.    0.38  0.    0.356 0.648 0.72  0.    0.    0.481 0.836
  0.827 0.696 0.574 1.238 0.563 0.7  ]
 [0.    0.    0.77  0.343 0.353 0.631 0.733 0.    0.303 0.    0.    0.
  0.    0.    0.    0.    0.    0.    0.    1.065 0.    0.    0.569 0.
  0.    0.    0.521 0.788 0.    0.379]
 [0.    0.    0.381 0.402 0.662 0.477 0.977 0.    0.544 0.    0.    0.
  0.    0.    0.    0.    0.    0.    0.    0.369 0.    0.    0.    0.
  0.    0.457 0.331 0.498 0.414 0.561]
 [0.    0.    0.336 0.    0.306 0.    0.385 0.    0.319 0.    0.    0.
  0.    0.    0.    0.    0.    0.    0.    0.667 0.    0.    0.    0.
  0.    0.    0.    0.451 0.    0.   ]
 [0.    0.    0.373 0.469 0.    0.4   0.    0.    0.321 0.    0.    0.
  0.    0.    0.    0.    0.    0.    0.    0.311 0.    0.    0.    0.
  0.    0.    0.    0.334 0.    0.   ]
 [0.    0.    0.    0.    0.    0.    0.    0.    0.    0.    0.    0.
  0.    0.    0.    0.    0.    0.    0.    0.    0.    0.    0.    0.
  0.    0.    0.    0.    0.    0.   ]
 [0.    0.    0.577 0.484 0.639 0.818 0.943 0.    0.881 0.    0.    0.
  0.    0.    0.    0.    0.    0.353 0.319 0.972 0.    0.    0.432 0.
  0.454 0.313 0.    0.667 0.    0.774]
 [0.    0.332 0.625 0.911 0.53  0.776 1.123 0.    0.549 0.398 0.    0.
  0.    0.    0.    0.    0.    0.467 0.352 0.462 0.    0.    0.812 0.
  0.621 0.662 0.405 0.922 0.662 0.863]
 [0.    0.    0.    0.    0.    0.    0.    0.    0.    0.    0.    0.
  0.    0.    0.    0.    0.    0.    0.    0.    0.    0.    0.    0.
  0.    0.    0.    0.    0.    0.   ]
 [0.    0.    0.327 0.623 0.605 0.    0.625 0.    0.    0.    0.    0.
  0.    0.    0.    0.    0.    0.    0.    0.398 0.    0.    0.336 0.
  0.    0.341 0.346 0.349 0.    0.349]
 [0.    0.    0.313 0.    0.    0.    0.    0.    0.    0.    0.    0.
  0.    0.    0.    0.    0.    0.    0.    0.    0.    0.    0.    0.
  0.    0.    0.    0.    0.    0.   ]
 [0.    0.    0.482 0.    0.    0.    0.    0.    0.304 0.    0.    0.
  0.    0.    0.    0.    0.    0.    0.    0.    0.    0.    0.    0.
  0.    0.    0.    0.    0.    0.   ]
 [0.    0.    0.531 0.    0.    0.    0.316 0.    0.    0.    0.    0.
  0.    0.    0.    0.    0.    0.    0.    0.    0.    0.    0.    0.
  0.    0.    0.    0.    0.    0.   ]
 [0.    0.    0.    0.    0.    0.    0.    0.    0.    0.    0.    0.
  0.    0.    0.    0.    0.    0.    0.    0.    0.    0.    0.    0.
  0.    0.    0.    0.    0.    0.   ]
 [0.    0.    0.    0.    0.    0.    0.    0.    0.    0.    0.    0.
  0.    0.    0.    0.    0.    0.    0.    0.    0.    0.    0.    0.
  0.    0.    0.    0.    0.    0.   ]
 [0.    0.    0.    0.    0.    0.    0.    0.    0.    0.    0.    0.
  0.    0.    0.    0.    0.    0.    0.    0.    0.    0.    0.    0.
  0.    0.    0.    0.    0.    0.   ]]
{'fdr': 0.8426395939086294, 'tpr': 0.5166666666666667, 'fpr': 0.44266666666666665, 'f1': 0.24124513618677046, 'shd': 190, 'npred': 197, 'ntrue': 60}
[4.192e-02 2.246e-01 4.742e-01 3.100e-01 3.183e-01 5.527e-01 4.439e-03
 3.234e-01 6.395e-02 2.530e-03 4.012e-02 2.419e-03 1.730e-03 2.037e-03
 4.644e-02 2.866e-03 8.900e-02 3.676e-02 2.726e-01 3.530e-03 4.059e-03
 1.349e-01 1.364e-01 1.959e-01 1.803e-01 2.850e-01 2.225e-01 2.353e-01
 1.815e-01 1.195e-01 5.391e-01 9.028e-01 3.074e-01 3.447e-01 6.834e-01
 1.433e-02 4.633e-01 1.879e-01 6.805e-03 5.386e-02 1.682e-03 5.245e-03
 3.399e-03 3.427e-02 4.227e-02 2.347e-01 2.079e-01 4.974e-01 3.626e-03
 1.831e-03 3.887e-01 2.200e-01 3.218e-01 3.658e-01 2.160e-01 4.735e-01
 4.797e-01 2.049e-01 3.943e-03 9.533e-04 1.250e-01 5.150e-02 4.770e-02
 5.755e-02 4.367e-04 5.425e-02 7.164e-04 3.430e-04 6.934e-04 4.117e-04
 6.631e-04 5.298e-04 4.799e-04 7.639e-04 1.345e-03 1.851e-03 6.801e-02
 7.908e-04 6.294e-04 5.737e-02 1.445e-03 2.640e-03 1.267e-03 1.029e-03
 1.428e-01 5.358e-03 4.763e-02 1.215e-03 3.989e-04 2.738e-02 3.576e-02
 8.960e-02 3.653e-02 7.362e-04 8.751e-02 7.593e-04 5.733e-04 1.936e-03
 9.938e-04 6.360e-04 5.443e-04 1.819e-03 1.283e-03 2.325e-03 1.209e-03
 1.280e-01 1.264e-03 5.303e-04 5.594e-03 1.307e-03 1.829e-02 1.902e-02
 7.155e-03 4.155e-02 1.320e-02 2.687e-02 2.171e-03 2.086e-03 8.519e-02
 1.080e-01 5.461e-02 1.063e-01 9.657e-04 8.047e-02 1.117e-03 1.102e-03
 1.926e-03 7.516e-04 4.887e-04 4.637e-04 1.559e-03 4.435e-04 3.845e-03
 2.289e-03 6.671e-02 1.066e-03 7.515e-04 5.656e-02 1.055e-03 1.239e-02
 2.698e-02 8.883e-03 9.632e-02 1.137e-02 9.877e-02 1.749e-03 2.788e-03
 9.313e-02 3.576e-02 8.393e-02 2.152e-01 1.410e-03 1.436e-01 7.693e-04
 4.577e-04 1.495e-03 3.467e-04 1.594e-03 9.671e-04 8.180e-04 8.205e-04
 2.583e-02 1.796e-03 1.451e-01 5.297e-04 6.507e-04 4.630e-02 7.648e-03
 6.870e-02 7.676e-02 6.354e-02 1.987e-01 2.006e-02 1.027e-01 8.570e-04
 6.553e-04 6.680e-02 8.786e-02 2.796e-02 9.115e-03 6.557e-04 3.701e-02
 4.733e-04 2.893e-04 1.035e-03 4.557e-04 3.274e-04 6.265e-04 7.493e-04
 7.933e-04 1.709e-03 8.734e-03 9.365e-03 5.638e-04 3.299e-04 4.922e-03
 9.083e-04 8.624e-03 1.085e-02 1.989e-03 6.711e-03 9.765e-02 4.325e-03
 2.644e-01 1.584e-01 6.076e-01 9.527e-01 4.070e-01 3.937e-01 6.554e-01
 3.758e-01 5.679e-02 1.612e-02 3.377e-02 7.025e-02 2.932e-02 7.097e-03
 1.116e-01 7.992e-02 1.803e-01 1.447e-01 2.684e-01 3.776e-02 1.081e-02
 4.428e-01 1.321e-01 1.886e-01 2.526e-01 3.014e-01 5.646e-01 4.240e-01
 5.477e-01 2.564e-03 8.624e-04 9.042e-02 5.451e-02 6.336e-02 1.120e-02
 1.053e-01 1.487e-03 1.233e-03 4.293e-04 1.252e-03 6.375e-04 2.934e-04
 4.702e-04 1.439e-03 9.586e-04 2.198e-03 2.422e-03 4.386e-02 7.396e-04
 8.319e-04 2.468e-02 2.430e-03 4.316e-03 2.574e-03 6.146e-03 8.971e-02
 4.759e-02 8.958e-02 6.648e-02 1.157e-02 5.241e-01 5.132e-01 3.971e-01
 5.701e-01 7.433e-01 8.995e-02 4.565e-01 1.845e-03 3.951e-02 2.622e-03
 3.551e-03 3.846e-03 3.463e-02 6.594e-02 5.860e-02 1.008e-01 4.137e-01
 4.215e-03 1.085e-03 1.792e-01 1.426e-01 1.990e-01 2.608e-01 3.014e-01
 5.234e-01 3.416e-01 2.227e-01 2.988e-01 2.387e-01 1.269e+00 7.013e-01
 4.697e-01 8.704e-01 1.110e+00 1.553e-01 8.851e-01 3.356e-01 3.072e-01
 6.369e-02 5.260e-02 1.070e-02 9.605e-02 1.715e-01 3.616e-01 4.494e-01
 5.885e-01 9.114e-02 1.865e-02 4.844e-01 1.273e-01 5.706e-01 3.063e-01
 5.352e-01 1.722e+00 2.859e-01 5.359e-01 1.052e-01 6.488e-02 1.000e+00
 3.392e-01 3.090e-01 4.107e-01 3.984e-01 1.365e-01 4.891e-01 9.421e-02
 3.066e-03 2.971e-02 1.425e-02 2.886e-03 7.271e-02 4.133e-02 6.570e-02
 3.169e-01 8.035e-01 3.467e-02 3.189e-02 2.490e-01 2.119e-01 2.481e-01
 4.619e-01 2.619e-01 5.814e-01 1.994e-01 2.309e-01 2.981e-01 3.392e-01
 1.098e+00 6.119e-01 8.545e-01 9.655e-01 9.450e-01 5.185e-02 6.564e-01
 2.939e-01 8.385e-02 1.263e-01 3.371e-02 5.058e-02 1.465e-01 3.589e-01
 2.925e-01 4.727e-01 5.230e-01 1.989e-01 6.852e-03 7.100e-01 1.755e-01
 2.627e-01 6.908e-01 1.751e-01 1.260e+00 6.726e-01 8.675e-01 4.650e-01
 2.016e-01 6.729e-01 7.278e-01 7.688e-01 1.965e-01 1.215e+00 1.331e-01
 9.357e-01 2.252e-01 1.014e-01 1.650e-01 1.139e-01 1.937e-02 2.723e-01
 2.710e-01 2.428e-01 4.596e-01 3.354e-01 2.085e-01 5.139e-02 5.762e-01
 2.616e-01 4.852e-01 7.455e-01 5.277e-01 6.467e-01 6.610e-01 8.150e-01
 3.759e-01 2.916e-01 1.090e+00 7.806e-01 8.986e-01 4.693e-01 7.073e-01
 2.136e-01 7.237e-01 2.355e-01 1.785e-01 3.350e-01 1.018e-01 1.677e-01
 3.803e-01 2.289e-01 3.565e-01 6.480e-01 7.200e-01 1.173e-01 7.151e-02
 4.807e-01 8.365e-01 8.269e-01 6.958e-01 5.738e-01 1.238e+00 5.633e-01
 6.995e-01 7.566e-02 1.003e-01 7.704e-01 3.430e-01 3.534e-01 6.314e-01
 7.331e-01 4.267e-02 3.030e-01 1.265e-01 5.665e-02 6.875e-02 1.708e-02
 4.619e-03 2.106e-03 1.009e-01 1.775e-01 2.249e-01 1.065e+00 1.520e-02
 1.121e-02 5.691e-01 1.262e-01 2.467e-01 2.615e-01 5.214e-01 7.877e-01
 1.776e-01 3.786e-01 2.826e-01 1.103e-01 3.810e-01 4.023e-01 6.621e-01
 4.765e-01 9.767e-01 4.523e-02 5.440e-01 5.137e-02 1.366e-02 8.791e-02
 2.560e-03 3.689e-03 4.968e-03 3.623e-02 1.162e-01 1.250e-01 3.691e-01
 5.933e-03 4.819e-02 2.267e-01 2.286e-01 2.283e-01 4.573e-01 3.311e-01
 4.976e-01 4.141e-01 5.611e-01 5.720e-02 8.564e-03 3.357e-01 2.741e-01
 3.057e-01 1.353e-01 3.853e-01 1.208e-02 3.189e-01 6.215e-02 1.664e-03
 6.052e-02 1.789e-03 4.887e-03 1.569e-03 1.061e-02 2.967e-02 3.475e-02
 6.670e-01 1.103e-03 1.582e-03 1.512e-01 1.211e-02 1.741e-01 2.247e-01
 1.305e-01 4.515e-01 6.791e-02 1.692e-01 1.018e-01 5.404e-03 3.734e-01
 4.688e-01 2.549e-01 3.996e-01 1.584e-01 1.589e-02 3.211e-01 3.394e-02
 1.100e-03 2.441e-03 2.083e-03 1.689e-03 7.898e-04 6.990e-03 2.178e-02
 9.648e-02 3.113e-01 1.840e-03 1.893e-03 1.355e-01 4.579e-02 2.055e-01
 1.997e-01 1.047e-01 3.341e-01 1.935e-01 1.140e-01 2.343e-03 6.176e-04
 6.014e-02 2.430e-02 8.379e-02 2.505e-02 2.114e-01 2.029e-03 6.168e-02
 1.933e-03 8.757e-04 4.668e-04 6.152e-04 1.095e-03 6.547e-04 3.190e-04
 1.528e-03 8.341e-04 2.599e-03 5.205e-04 9.534e-04 5.803e-02 1.330e-03
 1.602e-02 4.390e-03 2.408e-02 8.819e-02 4.077e-03 3.613e-02 2.987e-01
 2.296e-01 5.766e-01 4.839e-01 6.390e-01 8.179e-01 9.430e-01 1.058e-01
 8.814e-01 2.591e-01 5.184e-02 1.223e-01 9.555e-03 5.689e-03 3.167e-02
 1.759e-01 2.198e-01 3.527e-01 3.190e-01 9.719e-01 9.258e-02 4.324e-01
 2.768e-01 4.541e-01 3.133e-01 2.859e-01 6.669e-01 1.753e-01 7.736e-01
 2.335e-01 3.321e-01 6.250e-01 9.113e-01 5.304e-01 7.760e-01 1.123e+00
 1.781e-01 5.488e-01 3.982e-01 1.488e-01 1.330e-01 2.230e-01 1.083e-01
 5.877e-02 1.682e-01 7.817e-02 4.666e-01 3.523e-01 4.620e-01 4.465e-02
 8.120e-01 2.403e-01 6.214e-01 6.624e-01 4.055e-01 9.219e-01 6.618e-01
 8.631e-01 2.075e-02 1.758e-03 5.775e-02 2.295e-01 6.525e-02 7.623e-02
 2.188e-01 1.187e-03 1.373e-01 8.869e-03 7.865e-04 3.689e-03 5.080e-04
 6.029e-04 1.143e-03 1.215e-03 2.066e-03 2.110e-02 3.252e-02 7.956e-02
 1.136e-03 5.121e-04 4.186e-03 7.496e-02 4.040e-02 2.418e-03 2.253e-02
 1.595e-02 3.213e-02 2.740e-02 8.501e-03 3.270e-01 6.235e-01 6.051e-01
 2.130e-01 6.254e-01 2.310e-02 2.986e-01 1.685e-02 2.147e-02 8.012e-03
 8.599e-03 3.410e-03 5.606e-04 2.297e-02 6.371e-03 1.801e-01 9.739e-02
 3.984e-01 1.977e-03 3.607e-03 3.364e-01 2.392e-01 3.411e-01 3.464e-01
 3.487e-01 2.176e-01 3.492e-01 8.698e-03 1.942e-03 3.129e-01 1.463e-01
 1.554e-01 5.149e-02 1.922e-01 1.340e-02 2.665e-01 7.594e-03 7.305e-04
 4.795e-03 2.536e-03 1.088e-03 7.131e-04 4.390e-03 7.005e-03 1.503e-02
 8.201e-03 1.168e-01 1.069e-03 8.717e-04 7.042e-02 3.515e-03 7.227e-02
 6.829e-02 1.936e-01 8.735e-02 5.447e-02 1.132e-02 1.695e-03 4.820e-01
 1.599e-01 1.150e-01 5.497e-02 1.698e-01 6.989e-03 3.036e-01 5.138e-03
 2.131e-03 9.955e-04 6.277e-04 6.171e-04 9.290e-04 2.778e-03 7.663e-04
 7.605e-03 4.931e-03 2.845e-01 1.725e-03 6.168e-04 8.878e-02 3.262e-03
 6.063e-02 9.650e-02 1.550e-01 7.665e-02 1.947e-01 3.674e-03 4.591e-03
 5.312e-01 2.189e-01 1.899e-01 6.630e-02 3.156e-01 2.332e-03 2.453e-01
 2.121e-03 8.078e-04 4.659e-03 3.919e-03 8.298e-04 8.689e-04 1.508e-03
 2.773e-03 1.915e-02 4.908e-02 1.320e-01 2.369e-03 1.065e-03 2.434e-01
 1.724e-03 7.851e-02 5.512e-02 7.879e-02 7.523e-02 1.638e-01 4.879e-03
 9.088e-04 1.540e-02 1.128e-01 4.580e-02 1.331e-02 2.276e-01 1.494e-03
 5.236e-02 1.021e-03 3.353e-04 7.584e-04 3.819e-04 6.093e-04 3.907e-04
 4.794e-04 1.395e-03 1.892e-03 1.457e-03 4.038e-02 6.526e-04 4.816e-04
 1.182e-01 1.659e-03 6.107e-03 1.372e-02 3.432e-02 2.062e-02 3.415e-02
 5.471e-03 9.539e-04 1.965e-01 1.492e-01 1.799e-01 1.287e-01 3.679e-02
 1.812e-03 9.827e-02 2.303e-03 1.396e-03 8.463e-03 4.750e-04 5.350e-04
 8.205e-04 1.000e-02 1.158e-03 7.711e-02 1.118e-02 2.186e-01 3.014e-03
 6.992e-04 1.428e-01 5.421e-03 4.569e-02 7.342e-02 6.007e-02 1.471e-01
 6.152e-02 1.478e-02 5.936e-03 9.039e-02 1.516e-01 3.825e-02 4.483e-02
 2.571e-01 1.453e-03 4.455e-02 4.320e-03 1.432e-03 4.005e-03 8.159e-04
 6.400e-04 6.278e-04 8.007e-04 1.503e-03 1.877e-02 4.112e-02 1.197e-01
 7.059e-04 3.859e-04 1.200e-01 1.656e-03 7.081e-02 8.822e-03 1.771e-02
 1.132e-01 7.905e-02]
[[0. 0. 0. 0. 0. 0. 0. 0. 0. 0. 0. 0. 0. 0. 0. 0. 0. 0. 0. 1. 0. 0. 0. 0.
  0. 0. 0. 0. 0. 0.]
 [0. 0. 0. 0. 0. 1. 1. 0. 0. 0. 0. 0. 0. 0. 0. 0. 0. 0. 0. 0. 0. 0. 0. 0.
  0. 0. 0. 0. 0. 0.]
 [0. 0. 0. 0. 0. 0. 0. 0. 0. 0. 0. 0. 0. 0. 0. 0. 0. 0. 0. 0. 0. 0. 0. 0.
  0. 0. 0. 0. 0. 0.]
 [0. 0. 0. 0. 0. 0. 0. 0. 0. 0. 0. 0. 0. 0. 0. 0. 0. 0. 0. 0. 0. 0. 0. 0.
  0. 0. 0. 0. 0. 0.]
 [0. 0. 0. 0. 0. 0. 0. 0. 0. 0. 0. 0. 0. 0. 0. 0. 0. 0. 0. 0. 0. 0. 0. 0.
  0. 0. 0. 0. 0. 0.]
 [0. 0. 0. 0. 0. 0. 0. 0. 0. 0. 0. 0. 0. 0. 0. 0. 0. 0. 0. 1. 0. 0. 0. 0.
  0. 0. 0. 0. 0. 0.]
 [0. 0. 0. 0. 0. 0. 0. 0. 0. 0. 0. 0. 0. 0. 0. 0. 0. 0. 0. 0. 0. 0. 0. 0.
  0. 0. 0. 0. 0. 0.]
 [0. 0. 0. 1. 0. 0. 0. 0. 0. 0. 0. 0. 0. 0. 0. 0. 0. 0. 0. 0. 0. 0. 0. 0.
  0. 0. 0. 0. 0. 0.]
 [0. 0. 0. 0. 0. 0. 0. 0. 0. 0. 0. 0. 0. 0. 0. 0. 0. 0. 1. 1. 0. 0. 1. 0.
  0. 0. 0. 0. 0. 0.]
 [1. 0. 0. 0. 0. 1. 0. 1. 0. 0. 0. 1. 0. 0. 0. 0. 0. 0. 0. 0. 0. 0. 0. 0.
  0. 0. 1. 0. 0. 0.]
 [0. 0. 0. 0. 0. 0. 0. 0. 1. 0. 0. 0. 0. 0. 0. 0. 0. 0. 0. 0. 0. 0. 0. 0.
  0. 0. 0. 1. 0. 0.]
 [0. 0. 1. 0. 0. 0. 0. 0. 0. 0. 0. 0. 0. 0. 0. 0. 0. 0. 0. 0. 0. 0. 0. 0.
  0. 0. 1. 0. 0. 0.]
 [0. 0. 0. 0. 0. 0. 1. 0. 1. 0. 0. 0. 0. 0. 0. 0. 0. 0. 0. 0. 0. 0. 0. 1.
  0. 0. 1. 0. 0. 1.]
 [0. 0. 0. 0. 1. 0. 0. 0. 0. 0. 0. 0. 0. 0. 0. 0. 0. 1. 0. 1. 0. 0. 0. 0.
  0. 0. 1. 0. 0. 0.]
 [0. 0. 0. 0. 0. 0. 0. 0. 0. 0. 0. 1. 0. 0. 0. 0. 0. 0. 0. 0. 0. 0. 0. 1.
  0. 1. 0. 0. 0. 0.]
 [0. 0. 0. 0. 0. 0. 0. 0. 0. 0. 0. 0. 0. 0. 0. 0. 0. 0. 0. 0. 0. 0. 0. 0.
  0. 0. 0. 0. 0. 0.]
 [0. 0. 1. 0. 0. 0. 0. 0. 1. 0. 0. 0. 0. 0. 0. 0. 0. 0. 0. 0. 1. 1. 0. 0.
  0. 0. 0. 0. 0. 0.]
 [0. 0. 0. 0. 1. 0. 0. 1. 0. 0. 0. 0. 0. 0. 0. 0. 0. 0. 0. 0. 0. 0. 0. 0.
  0. 0. 1. 0. 0. 0.]
 [0. 0. 0. 0. 0. 0. 0. 0. 0. 0. 0. 0. 0. 0. 0. 0. 0. 0. 0. 0. 0. 0. 0. 0.
  0. 0. 0. 0. 0. 0.]
 [0. 0. 0. 0. 0. 0. 0. 0. 0. 0. 0. 0. 0. 0. 0. 0. 0. 0. 0. 0. 0. 0. 0. 0.
  0. 0. 0. 0. 0. 0.]
 [0. 0. 0. 0. 0. 1. 0. 0. 1. 0. 0. 0. 0. 0. 0. 0. 0. 0. 0. 0. 0. 0. 0. 0.
  0. 0. 0. 0. 1. 0.]
 [0. 0. 0. 1. 1. 0. 0. 0. 1. 0. 0. 0. 0. 0. 0. 0. 0. 1. 0. 0. 0. 0. 0. 0.
  0. 0. 0. 0. 1. 1.]
 [0. 0. 0. 0. 0. 0. 0. 0. 0. 0. 0. 0. 0. 0. 0. 1. 0. 0. 0. 0. 0. 0. 0. 0.
  0. 0. 0. 0. 0. 0.]
 [0. 0. 0. 1. 0. 0. 0. 0. 0. 0. 0. 0. 0. 0. 0. 0. 0. 0. 1. 0. 0. 0. 1. 0.
  0. 0. 1. 0. 0. 0.]
 [0. 0. 0. 0. 0. 0. 1. 0. 0. 0. 0. 0. 0. 0. 0. 0. 0. 0. 0. 0. 0. 0. 1. 0.
  0. 0. 0. 0. 0. 0.]
 [0. 0. 0. 0. 0. 0. 0. 1. 0. 0. 0. 0. 0. 0. 0. 0. 0. 1. 0. 0. 0. 0. 0. 1.
  0. 0. 0. 0. 1. 0.]
 [0. 0. 0. 0. 0. 0. 0. 0. 0. 0. 0. 0. 0. 0. 0. 1. 0. 0. 0. 0. 0. 0. 0. 0.
  0. 0. 0. 0. 0. 0.]
 [0. 0. 0. 0. 0. 0. 0. 1. 0. 0. 0. 0. 0. 0. 0. 0. 0. 0. 0. 0. 0. 0. 0. 0.
  0. 0. 0. 0. 0. 0.]
 [0. 0. 0. 0. 0. 0. 0. 0. 0. 0. 0. 0. 0. 0. 0. 0. 0. 0. 0. 0. 0. 0. 0. 0.
  0. 0. 0. 0. 0. 0.]
 [0. 0. 0. 0. 0. 1. 0. 0. 0. 0. 0. 0. 0. 0. 0. 0. 0. 0. 1. 0. 0. 0. 0. 0.
  0. 0. 0. 0. 0. 0.]]
[0. 0. 0. 0. 0. 0. 0. 0. 0. 0. 0. 0. 0. 0. 0. 0. 0. 0. 1. 0. 0. 0. 0. 0.
 0. 0. 0. 0. 0. 0. 0. 0. 0. 1. 1. 0. 0. 0. 0. 0. 0. 0. 0. 0. 0. 0. 0. 0.
 0. 0. 0. 0. 0. 0. 0. 0. 0. 0. 0. 0. 0. 0. 0. 0. 0. 0. 0. 0. 0. 0. 0. 0.
 0. 0. 0. 0. 0. 0. 0. 0. 0. 0. 0. 0. 0. 0. 0. 0. 0. 0. 0. 0. 0. 0. 0. 0.
 0. 0. 0. 0. 0. 0. 0. 0. 0. 0. 0. 0. 0. 0. 0. 0. 0. 0. 0. 0. 0. 0. 0. 0.
 0. 0. 0. 0. 0. 0. 0. 0. 0. 0. 0. 0. 0. 0. 0. 0. 0. 0. 0. 0. 0. 0. 0. 0.
 0. 0. 0. 0. 0. 0. 0. 0. 0. 0. 0. 0. 0. 0. 0. 0. 0. 0. 0. 1. 0. 0. 0. 0.
 0. 0. 0. 0. 0. 0. 0. 0. 0. 0. 0. 0. 0. 0. 0. 0. 0. 0. 0. 0. 0. 0. 0. 0.
 0. 0. 0. 0. 0. 0. 0. 0. 0. 0. 0. 0. 0. 0. 1. 0. 0. 0. 0. 0. 0. 0. 0. 0.
 0. 0. 0. 0. 0. 0. 0. 0. 0. 0. 0. 0. 0. 0. 0. 0. 0. 0. 0. 0. 0. 0. 0. 0.
 0. 0. 0. 0. 0. 0. 0. 0. 0. 1. 1. 0. 0. 1. 0. 0. 0. 0. 0. 0. 0. 1. 0. 0.
 0. 0. 1. 0. 1. 0. 0. 1. 0. 0. 0. 0. 0. 0. 0. 0. 0. 0. 0. 0. 0. 0. 1. 0.
 0. 0. 0. 0. 0. 0. 0. 0. 0. 0. 1. 0. 0. 0. 0. 0. 0. 0. 0. 0. 0. 0. 0. 0.
 0. 0. 0. 0. 1. 0. 0. 0. 0. 1. 0. 0. 0. 0. 0. 0. 0. 0. 0. 0. 0. 0. 0. 0.
 0. 0. 0. 0. 0. 0. 0. 0. 1. 0. 0. 0. 0. 0. 0. 0. 0. 0. 1. 0. 1. 0. 0. 0.
 0. 0. 0. 0. 0. 0. 0. 0. 0. 0. 1. 0. 0. 1. 0. 0. 1. 0. 0. 0. 0. 1. 0. 0.
 0. 0. 0. 0. 0. 0. 0. 0. 0. 1. 0. 1. 0. 0. 0. 0. 0. 0. 1. 0. 0. 0. 0. 0.
 0. 0. 0. 0. 0. 0. 0. 0. 0. 1. 0. 0. 0. 0. 0. 0. 0. 0. 0. 0. 1. 0. 1. 0.
 0. 0. 0. 0. 0. 0. 0. 0. 0. 0. 0. 0. 0. 0. 0. 0. 0. 0. 0. 0. 0. 0. 0. 0.
 0. 0. 0. 0. 0. 0. 0. 0. 0. 0. 1. 0. 0. 0. 0. 0. 1. 0. 0. 0. 0. 0. 0. 0.
 0. 0. 0. 1. 1. 0. 0. 0. 0. 0. 0. 0. 0. 0. 0. 0. 0. 1. 0. 0. 1. 0. 0. 0.
 0. 0. 0. 0. 0. 0. 0. 0. 0. 0. 0. 0. 0. 0. 1. 0. 0. 0. 0. 0. 0. 0. 0. 0.
 0. 0. 0. 0. 0. 0. 0. 0. 0. 0. 0. 0. 0. 0. 0. 0. 0. 0. 0. 0. 0. 0. 0. 0.
 0. 0. 0. 0. 0. 0. 0. 0. 0. 0. 0. 0. 0. 0. 0. 0. 0. 0. 0. 0. 0. 0. 0. 0.
 0. 0. 0. 0. 0. 0. 0. 0. 0. 1. 0. 0. 1. 0. 0. 0. 0. 0. 0. 0. 0. 0. 0. 0.
 0. 0. 0. 0. 0. 0. 0. 1. 0. 0. 0. 0. 1. 1. 0. 0. 0. 1. 0. 0. 0. 0. 0. 0.
 0. 0. 1. 0. 0. 0. 0. 0. 0. 0. 0. 0. 1. 1. 0. 0. 0. 0. 0. 0. 0. 0. 0. 0.
 0. 0. 0. 0. 0. 1. 0. 0. 0. 0. 0. 0. 0. 0. 0. 0. 0. 0. 0. 0. 0. 0. 1. 0.
 0. 0. 0. 0. 0. 0. 0. 0. 0. 0. 0. 0. 0. 1. 0. 0. 0. 1. 0. 0. 1. 0. 0. 0.
 0. 0. 0. 0. 0. 0. 1. 0. 0. 0. 0. 0. 0. 0. 0. 0. 0. 0. 0. 0. 0. 0. 1. 0.
 0. 0. 0. 0. 0. 0. 0. 0. 0. 0. 0. 0. 1. 0. 0. 0. 0. 0. 0. 0. 0. 0. 1. 0.
 0. 0. 0. 0. 1. 0. 0. 0. 1. 0. 0. 0. 0. 0. 0. 0. 0. 0. 0. 0. 0. 0. 0. 0.
 0. 1. 0. 0. 0. 0. 0. 0. 0. 0. 0. 0. 0. 0. 0. 0. 0. 0. 0. 0. 0. 0. 1. 0.
 0. 0. 0. 0. 0. 0. 0. 0. 0. 0. 0. 0. 0. 0. 0. 0. 0. 0. 0. 0. 0. 0. 0. 0.
 0. 0. 0. 0. 0. 0. 0. 0. 0. 0. 0. 0. 0. 0. 0. 0. 0. 0. 0. 0. 0. 0. 0. 0.
 0. 0. 0. 0. 0. 0. 1. 0. 0. 0. 0. 0. 0. 0. 0. 0. 0. 0. 0. 1. 0. 0. 0. 0.
 0. 0. 0. 0. 0. 0.]
aucroc, aucpr (0.7095061728395062, 0.18354263242000335)
Iterations 2500
Achieves (6.086687062773559, 1e-05)-DP
