samples  5000  graph  30 60 ER mim  minibatch size  100  noise  0.6  minibatches per NN training  63 quantile adaptive clipping
cuda
cuda
iteration 1 in inner loop,alpha 0.0 rho 1.0 h 2.144444827137683
iteration 1 in outer loop, alpha = 2.144444827137683, rho = 1.0, h = 2.144444827137683
cuda
iteration 1 in inner loop,alpha 2.144444827137683 rho 1.0 h 1.3256466874605835
iteration 2 in inner loop,alpha 2.144444827137683 rho 10.0 h 0.5131010328032026
iteration 2 in outer loop, alpha = 7.275455155169709, rho = 10.0, h = 0.5131010328032026
cuda
iteration 1 in inner loop,alpha 7.275455155169709 rho 10.0 h 0.28442514981965417
iteration 2 in inner loop,alpha 7.275455155169709 rho 100.0 h 0.09687583592673477
iteration 3 in outer loop, alpha = 16.963038747843186, rho = 100.0, h = 0.09687583592673477
cuda
iteration 1 in inner loop,alpha 16.963038747843186 rho 100.0 h 0.05565872169768937
iteration 2 in inner loop,alpha 16.963038747843186 rho 1000.0 h 0.017246591836673986
iteration 4 in outer loop, alpha = 34.20963058451717, rho = 1000.0, h = 0.017246591836673986
cuda
iteration 1 in inner loop,alpha 34.20963058451717 rho 1000.0 h 0.0075083565052587176
iteration 2 in inner loop,alpha 34.20963058451717 rho 10000.0 h 0.0025729805233929426
iteration 5 in outer loop, alpha = 59.9394358184466, rho = 10000.0, h = 0.0025729805233929426
cuda
iteration 1 in inner loop,alpha 59.9394358184466 rho 10000.0 h 0.0010637811267955044
iteration 2 in inner loop,alpha 59.9394358184466 rho 100000.0 h 0.0004240265040031943
iteration 6 in outer loop, alpha = 102.34208621876603, rho = 100000.0, h = 0.0004240265040031943
cuda
iteration 1 in inner loop,alpha 102.34208621876603 rho 100000.0 h 0.00024003865241795097
iteration 7 in outer loop, alpha = 342.380738636717, rho = 1000000.0, h = 0.00024003865241795097
Threshold 0.3
[[0.    0.    0.1   0.046 0.057 0.001 0.113 0.022 0.056 0.348 0.    0.041
  0.    0.    0.    0.025 0.    0.047 0.056 0.878 0.046 0.001 0.146 0.03
  0.    0.034 0.009 0.017 0.022 0.022]
 [0.    0.    0.017 0.003 0.011 0.679 1.879 0.083 0.112 0.002 0.    0.033
  0.    0.    0.    0.055 0.    0.07  0.028 0.052 0.004 0.    0.105 0.055
  0.    0.013 0.    0.081 0.085 0.03 ]
 [0.    0.001 0.004 0.01  0.105 0.    0.068 0.049 0.001 0.    0.    0.
  0.    0.    0.    0.006 0.    0.015 0.059 0.121 0.001 0.    0.012 0.02
  0.    0.    0.017 0.013 0.023 0.008]
 [0.    0.    0.006 0.002 0.02  0.003 0.018 0.    0.    0.    0.    0.001
  0.    0.    0.    0.002 0.    0.    0.001 0.056 0.    0.    0.001 0.001
  0.    0.    0.    0.    0.059 0.   ]
 [0.001 0.    0.003 0.006 0.003 0.003 0.012 0.012 0.002 0.    0.    0.
  0.    0.    0.    0.001 0.    0.001 0.001 0.167 0.    0.    0.009 0.001
  0.001 0.    0.001 0.01  0.013 0.001]
 [0.    0.    0.05  0.041 0.016 0.003 0.049 0.042 0.088 0.    0.    0.058
  0.    0.    0.    0.003 0.    0.006 0.003 0.83  0.001 0.    0.026 0.01
  0.001 0.001 0.008 0.003 0.003 0.001]
 [0.001 0.    0.011 0.03  0.025 0.    0.003 0.02  0.006 0.    0.    0.001
  0.    0.    0.    0.017 0.    0.009 0.008 0.09  0.    0.    0.098 0.053
  0.    0.    0.004 0.01  0.021 0.002]
 [0.    0.    0.009 1.485 0.008 0.014 0.027 0.003 0.001 0.    0.    0.001
  0.    0.    0.    0.004 0.    0.    0.001 0.008 0.001 0.    0.006 0.001
  0.    0.    0.001 0.    0.043 0.002]
 [0.    0.001 0.052 0.001 0.042 0.005 0.04  0.057 0.003 0.001 0.    0.058
  0.    0.    0.001 0.079 0.    0.048 0.755 1.089 0.    0.001 1.522 0.052
  0.    0.002 0.049 0.001 0.054 0.008]
 [0.    0.    0.126 0.142 0.029 1.131 0.056 0.63  0.09  0.    0.    2.396
  0.001 0.    0.001 0.232 0.    0.172 0.024 0.098 0.009 0.001 0.058 0.006
  0.    0.014 0.538 0.021 0.011 0.024]
 [0.    0.    0.03  0.187 0.032 0.016 0.09  0.079 0.902 0.015 0.    0.035
  0.    0.    0.03  0.027 0.    0.058 0.064 0.104 0.048 0.013 0.031 0.068
  0.    0.038 0.085 4.124 0.042 0.013]
 [0.    0.    4.278 0.009 0.029 0.012 0.019 0.057 0.013 0.    0.    0.002
  0.    0.    0.    0.113 0.    0.086 0.033 0.15  0.002 0.    0.003 0.057
  0.    0.    0.379 0.024 0.029 0.013]
 [0.    0.    0.001 0.051 0.048 0.007 1.878 0.014 1.181 0.021 0.    0.052
  0.    0.    0.    0.112 0.    0.096 0.001 0.    0.022 0.023 0.094 0.206
  0.    0.037 0.419 0.039 0.02  3.055]
 [0.    0.    0.082 0.003 1.224 0.043 0.024 0.124 0.065 0.    0.    0.071
  0.    0.    0.001 0.101 0.    0.904 0.03  1.338 0.019 0.    0.04  0.037
  0.    0.005 0.124 0.068 0.009 0.   ]
 [0.    0.    0.033 0.057 0.06  0.059 0.039 0.1   0.047 0.001 0.    1.67
  0.    0.    0.    0.012 0.    0.177 0.021 0.003 0.012 0.011 0.103 0.74
  0.    3.164 0.    0.013 0.122 0.056]
 [0.    0.    0.046 0.003 0.07  0.03  0.019 0.053 0.017 0.001 0.    0.005
  0.001 0.    0.    0.004 0.    0.078 0.009 0.025 0.004 0.002 0.45  0.014
  0.    0.007 0.684 0.005 0.008 0.074]
 [0.    0.    2.534 0.093 0.088 0.019 0.034 0.013 0.455 0.    0.    0.001
  0.    0.    0.    0.013 0.    0.117 0.002 0.034 2.819 0.396 0.114 0.017
  0.    0.001 0.044 0.051 0.074 0.041]
 [0.    0.    0.014 0.06  1.531 0.088 0.015 1.115 0.002 0.    0.    0.
  0.    0.    0.    0.005 0.    0.004 0.003 0.099 0.002 0.    0.02  0.001
  0.001 0.001 0.004 0.011 0.208 0.001]
 [0.    0.    0.007 0.026 0.02  0.007 0.004 0.036 0.001 0.    0.    0.
  0.    0.    0.    0.    0.    0.13  0.002 0.008 0.    0.    0.02  0.001
  0.    0.    0.01  0.006 0.034 0.001]
 [0.    0.    0.004 0.003 0.001 0.001 0.007 0.    0.001 0.    0.    0.001
  0.    0.    0.    0.023 0.    0.001 0.019 0.003 0.    0.    0.067 0.009
  0.    0.    0.006 0.003 0.009 0.001]
 [0.    0.    0.038 0.001 0.004 0.839 0.014 0.032 1.739 0.    0.    0.061
  0.    0.    0.    0.011 0.    0.074 0.023 0.081 0.002 0.001 0.006 0.034
  0.    0.018 0.009 0.012 2.129 0.037]
 [0.    0.    0.046 1.337 1.119 0.026 0.052 0.121 0.238 0.    0.    0.046
  0.    0.    0.    0.049 0.    0.695 0.068 0.066 0.333 0.001 0.091 0.202
  0.    0.028 0.218 0.049 1.579 2.03 ]
 [0.    0.    0.001 0.124 0.055 0.002 0.001 0.098 0.    0.    0.    0.002
  0.    0.    0.    0.005 0.    0.008 0.025 0.001 0.    0.    0.003 0.
  0.    0.    0.141 0.001 0.006 0.   ]
 [0.    0.    0.006 0.616 0.001 0.023 0.009 0.088 0.016 0.    0.001 0.005
  0.    0.    0.    0.023 0.    0.126 1.184 0.025 0.007 0.    2.387 0.003
  0.    0.    0.341 0.004 0.176 0.   ]
 [0.    0.    0.058 0.076 0.016 0.098 1.494 0.026 0.003 0.035 0.    0.016
  0.    0.    0.    0.077 0.    0.057 0.067 0.06  0.039 0.07  1.641 0.041
  0.    0.035 0.069 0.061 0.01  0.053]
 [0.    0.    0.046 0.062 0.179 0.042 0.006 2.521 0.043 0.    0.    0.311
  0.    0.    0.    0.134 0.    1.155 0.07  0.036 0.003 0.001 0.164 1.554
  0.    0.002 0.191 0.029 2.217 0.069]
 [0.    0.    0.042 0.009 0.176 0.031 0.032 0.066 0.003 0.    0.001 0.003
  0.    0.001 0.    0.003 0.    0.585 0.056 0.03  0.001 0.001 0.016 0.004
  0.    0.    0.004 0.01  0.045 0.003]
 [0.001 0.    0.037 0.088 0.001 0.034 0.029 1.358 0.161 0.001 0.    0.006
  0.    0.    0.001 0.02  0.    0.032 0.04  0.054 0.043 0.005 0.009 0.019
  0.    0.014 0.    0.003 0.024 0.013]
 [0.    0.001 0.036 0.003 0.051 0.111 0.016 0.006 0.014 0.    0.    0.002
  0.    0.    0.    0.022 0.    0.002 0.01  0.059 0.    0.    0.045 0.001
  0.    0.    0.001 0.001 0.002 0.002]
 [0.    0.    0.029 0.082 0.062 0.619 0.202 0.047 0.036 0.001 0.    0.017
  0.    0.    0.    0.002 0.    0.194 1.022 0.037 0.006 0.    0.064 0.375
  0.001 0.    0.038 0.015 0.069 0.002]]
[[0.    0.    0.    0.    0.    0.    0.    0.    0.    0.348 0.    0.
  0.    0.    0.    0.    0.    0.    0.    0.878 0.    0.    0.    0.
  0.    0.    0.    0.    0.    0.   ]
 [0.    0.    0.    0.    0.    0.679 1.879 0.    0.    0.    0.    0.
  0.    0.    0.    0.    0.    0.    0.    0.    0.    0.    0.    0.
  0.    0.    0.    0.    0.    0.   ]
 [0.    0.    0.    0.    0.    0.    0.    0.    0.    0.    0.    0.
  0.    0.    0.    0.    0.    0.    0.    0.    0.    0.    0.    0.
  0.    0.    0.    0.    0.    0.   ]
 [0.    0.    0.    0.    0.    0.    0.    0.    0.    0.    0.    0.
  0.    0.    0.    0.    0.    0.    0.    0.    0.    0.    0.    0.
  0.    0.    0.    0.    0.    0.   ]
 [0.    0.    0.    0.    0.    0.    0.    0.    0.    0.    0.    0.
  0.    0.    0.    0.    0.    0.    0.    0.    0.    0.    0.    0.
  0.    0.    0.    0.    0.    0.   ]
 [0.    0.    0.    0.    0.    0.    0.    0.    0.    0.    0.    0.
  0.    0.    0.    0.    0.    0.    0.    0.83  0.    0.    0.    0.
  0.    0.    0.    0.    0.    0.   ]
 [0.    0.    0.    0.    0.    0.    0.    0.    0.    0.    0.    0.
  0.    0.    0.    0.    0.    0.    0.    0.    0.    0.    0.    0.
  0.    0.    0.    0.    0.    0.   ]
 [0.    0.    0.    1.485 0.    0.    0.    0.    0.    0.    0.    0.
  0.    0.    0.    0.    0.    0.    0.    0.    0.    0.    0.    0.
  0.    0.    0.    0.    0.    0.   ]
 [0.    0.    0.    0.    0.    0.    0.    0.    0.    0.    0.    0.
  0.    0.    0.    0.    0.    0.    0.755 1.089 0.    0.    1.522 0.
  0.    0.    0.    0.    0.    0.   ]
 [0.    0.    0.    0.    0.    1.131 0.    0.63  0.    0.    0.    2.396
  0.    0.    0.    0.    0.    0.    0.    0.    0.    0.    0.    0.
  0.    0.    0.538 0.    0.    0.   ]
 [0.    0.    0.    0.    0.    0.    0.    0.    0.902 0.    0.    0.
  0.    0.    0.    0.    0.    0.    0.    0.    0.    0.    0.    0.
  0.    0.    0.    4.124 0.    0.   ]
 [0.    0.    4.278 0.    0.    0.    0.    0.    0.    0.    0.    0.
  0.    0.    0.    0.    0.    0.    0.    0.    0.    0.    0.    0.
  0.    0.    0.379 0.    0.    0.   ]
 [0.    0.    0.    0.    0.    0.    1.878 0.    1.181 0.    0.    0.
  0.    0.    0.    0.    0.    0.    0.    0.    0.    0.    0.    0.
  0.    0.    0.419 0.    0.    3.055]
 [0.    0.    0.    0.    1.224 0.    0.    0.    0.    0.    0.    0.
  0.    0.    0.    0.    0.    0.904 0.    1.338 0.    0.    0.    0.
  0.    0.    0.    0.    0.    0.   ]
 [0.    0.    0.    0.    0.    0.    0.    0.    0.    0.    0.    1.67
  0.    0.    0.    0.    0.    0.    0.    0.    0.    0.    0.    0.74
  0.    3.164 0.    0.    0.    0.   ]
 [0.    0.    0.    0.    0.    0.    0.    0.    0.    0.    0.    0.
  0.    0.    0.    0.    0.    0.    0.    0.    0.    0.    0.45  0.
  0.    0.    0.684 0.    0.    0.   ]
 [0.    0.    2.534 0.    0.    0.    0.    0.    0.455 0.    0.    0.
  0.    0.    0.    0.    0.    0.    0.    0.    2.819 0.396 0.    0.
  0.    0.    0.    0.    0.    0.   ]
 [0.    0.    0.    0.    1.531 0.    0.    1.115 0.    0.    0.    0.
  0.    0.    0.    0.    0.    0.    0.    0.    0.    0.    0.    0.
  0.    0.    0.    0.    0.    0.   ]
 [0.    0.    0.    0.    0.    0.    0.    0.    0.    0.    0.    0.
  0.    0.    0.    0.    0.    0.    0.    0.    0.    0.    0.    0.
  0.    0.    0.    0.    0.    0.   ]
 [0.    0.    0.    0.    0.    0.    0.    0.    0.    0.    0.    0.
  0.    0.    0.    0.    0.    0.    0.    0.    0.    0.    0.    0.
  0.    0.    0.    0.    0.    0.   ]
 [0.    0.    0.    0.    0.    0.839 0.    0.    1.739 0.    0.    0.
  0.    0.    0.    0.    0.    0.    0.    0.    0.    0.    0.    0.
  0.    0.    0.    0.    2.129 0.   ]
 [0.    0.    0.    1.337 1.119 0.    0.    0.    0.    0.    0.    0.
  0.    0.    0.    0.    0.    0.695 0.    0.    0.333 0.    0.    0.
  0.    0.    0.    0.    1.579 2.03 ]
 [0.    0.    0.    0.    0.    0.    0.    0.    0.    0.    0.    0.
  0.    0.    0.    0.    0.    0.    0.    0.    0.    0.    0.    0.
  0.    0.    0.    0.    0.    0.   ]
 [0.    0.    0.    0.616 0.    0.    0.    0.    0.    0.    0.    0.
  0.    0.    0.    0.    0.    0.    1.184 0.    0.    0.    2.387 0.
  0.    0.    0.341 0.    0.    0.   ]
 [0.    0.    0.    0.    0.    0.    1.494 0.    0.    0.    0.    0.
  0.    0.    0.    0.    0.    0.    0.    0.    0.    0.    1.641 0.
  0.    0.    0.    0.    0.    0.   ]
 [0.    0.    0.    0.    0.    0.    0.    2.521 0.    0.    0.    0.311
  0.    0.    0.    0.    0.    1.155 0.    0.    0.    0.    0.    1.554
  0.    0.    0.    0.    2.217 0.   ]
 [0.    0.    0.    0.    0.    0.    0.    0.    0.    0.    0.    0.
  0.    0.    0.    0.    0.    0.585 0.    0.    0.    0.    0.    0.
  0.    0.    0.    0.    0.    0.   ]
 [0.    0.    0.    0.    0.    0.    0.    1.358 0.    0.    0.    0.
  0.    0.    0.    0.    0.    0.    0.    0.    0.    0.    0.    0.
  0.    0.    0.    0.    0.    0.   ]
 [0.    0.    0.    0.    0.    0.    0.    0.    0.    0.    0.    0.
  0.    0.    0.    0.    0.    0.    0.    0.    0.    0.    0.    0.
  0.    0.    0.    0.    0.    0.   ]
 [0.    0.    0.    0.    0.    0.619 0.    0.    0.    0.    0.    0.
  0.    0.    0.    0.    0.    0.    1.022 0.    0.    0.    0.    0.375
  0.    0.    0.    0.    0.    0.   ]]
{'fdr': 0.11666666666666667, 'tpr': 0.8833333333333333, 'fpr': 0.018666666666666668, 'f1': 0.8833333333333333, 'shd': 10, 'npred': 60, 'ntrue': 60}
[2.523e-04 1.003e-01 4.565e-02 5.731e-02 6.106e-04 1.135e-01 2.204e-02
 5.557e-02 3.475e-01 1.398e-04 4.071e-02 2.739e-04 1.475e-04 2.593e-04
 2.459e-02 2.360e-04 4.714e-02 5.594e-02 8.783e-01 4.593e-02 6.793e-04
 1.463e-01 3.030e-02 1.149e-04 3.406e-02 8.914e-03 1.730e-02 2.188e-02
 2.192e-02 2.586e-04 1.695e-02 3.003e-03 1.105e-02 6.793e-01 1.879e+00
 8.339e-02 1.122e-01 2.076e-03 1.005e-04 3.327e-02 2.463e-04 1.469e-04
 1.694e-04 5.473e-02 7.215e-05 7.044e-02 2.829e-02 5.233e-02 3.893e-03
 1.676e-04 1.046e-01 5.467e-02 2.634e-04 1.296e-02 1.631e-04 8.138e-02
 8.478e-02 3.009e-02 1.469e-05 6.026e-04 1.006e-02 1.048e-01 2.491e-04
 6.828e-02 4.920e-02 1.095e-03 1.872e-05 6.780e-05 5.914e-05 7.189e-05
 2.525e-05 1.594e-06 5.709e-03 1.492e-05 1.488e-02 5.869e-02 1.213e-01
 7.672e-04 2.053e-04 1.225e-02 1.975e-02 1.033e-04 5.879e-05 1.729e-02
 1.318e-02 2.254e-02 8.451e-03 8.948e-05 6.563e-05 5.978e-03 1.984e-02
 2.855e-03 1.776e-02 4.544e-04 4.470e-04 8.716e-05 1.599e-05 8.475e-04
 1.104e-04 6.675e-05 1.399e-07 2.266e-03 3.072e-05 7.293e-05 1.002e-03
 5.648e-02 3.202e-04 1.125e-04 1.313e-03 1.169e-03 9.034e-05 1.967e-05
 1.318e-04 5.785e-05 5.905e-02 4.447e-04 9.120e-04 4.888e-04 2.625e-03
 5.796e-03 2.668e-03 1.235e-02 1.227e-02 1.731e-03 2.095e-04 8.427e-05
 3.145e-04 1.167e-04 3.404e-05 1.086e-05 9.165e-04 1.230e-04 6.991e-04
 1.114e-03 1.666e-01 1.563e-04 8.904e-05 8.669e-03 1.439e-03 7.285e-04
 1.600e-04 1.352e-03 9.521e-03 1.265e-02 1.122e-03 1.112e-04 3.724e-05
 5.011e-02 4.083e-02 1.643e-02 4.860e-02 4.154e-02 8.817e-02 1.295e-04
 8.148e-05 5.775e-02 1.323e-05 2.392e-04 1.013e-04 3.421e-03 2.552e-05
 6.381e-03 3.181e-03 8.297e-01 6.175e-04 1.384e-04 2.623e-02 9.829e-03
 8.607e-04 5.948e-04 7.641e-03 3.290e-03 3.149e-03 1.139e-03 8.137e-04
 2.493e-05 1.056e-02 2.960e-02 2.534e-02 4.596e-04 2.039e-02 5.878e-03
 1.331e-04 7.359e-05 5.767e-04 2.934e-05 1.423e-04 8.296e-05 1.713e-02
 1.138e-04 9.444e-03 7.802e-03 8.954e-02 1.441e-04 8.480e-05 9.776e-02
 5.292e-02 7.738e-06 2.670e-04 4.081e-03 9.520e-03 2.107e-02 2.036e-03
 1.094e-04 4.903e-05 9.168e-03 1.485e+00 8.449e-03 1.443e-02 2.693e-02
 7.631e-04 1.108e-04 1.664e-06 1.412e-03 8.891e-05 3.398e-05 2.118e-06
 4.132e-03 9.389e-05 3.610e-04 1.010e-03 8.453e-03 8.203e-04 2.123e-04
 6.077e-03 5.910e-04 6.181e-05 1.069e-04 1.055e-03 3.181e-04 4.263e-02
 1.851e-03 1.433e-04 8.485e-04 5.192e-02 1.107e-03 4.155e-02 4.918e-03
 4.038e-02 5.687e-02 1.034e-03 2.276e-05 5.760e-02 7.749e-06 8.219e-05
 5.606e-04 7.866e-02 4.110e-06 4.768e-02 7.548e-01 1.089e+00 2.277e-04
 5.650e-04 1.522e+00 5.165e-02 1.064e-04 2.387e-03 4.857e-02 1.447e-03
 5.363e-02 8.176e-03 7.396e-05 1.572e-04 1.260e-01 1.425e-01 2.929e-02
 1.131e+00 5.563e-02 6.305e-01 9.029e-02 1.200e-04 2.396e+00 5.112e-04
 1.337e-04 5.169e-04 2.322e-01 2.735e-04 1.720e-01 2.372e-02 9.830e-02
 8.683e-03 9.566e-04 5.786e-02 6.258e-03 2.459e-04 1.361e-02 5.377e-01
 2.082e-02 1.064e-02 2.419e-02 3.024e-04 1.154e-04 3.043e-02 1.869e-01
 3.237e-02 1.561e-02 9.008e-02 7.915e-02 9.019e-01 1.467e-02 3.548e-02
 1.215e-04 7.295e-05 3.032e-02 2.721e-02 1.028e-04 5.843e-02 6.407e-02
 1.041e-01 4.784e-02 1.264e-02 3.098e-02 6.772e-02 7.741e-05 3.766e-02
 8.530e-02 4.124e+00 4.158e-02 1.309e-02 1.028e-05 3.382e-04 4.278e+00
 8.586e-03 2.940e-02 1.210e-02 1.934e-02 5.657e-02 1.285e-02 3.671e-05
 8.942e-05 9.375e-05 1.037e-04 1.824e-05 1.134e-01 1.107e-04 8.560e-02
 3.276e-02 1.497e-01 1.952e-03 3.262e-04 2.976e-03 5.730e-02 1.749e-04
 2.180e-04 3.786e-01 2.395e-02 2.936e-02 1.309e-02 3.013e-04 1.292e-04
 6.869e-04 5.120e-02 4.837e-02 7.180e-03 1.878e+00 1.369e-02 1.181e+00
 2.078e-02 8.488e-05 5.249e-02 8.084e-05 3.476e-04 1.119e-01 9.771e-05
 9.588e-02 7.774e-04 2.568e-04 2.217e-02 2.311e-02 9.410e-02 2.057e-01
 2.471e-04 3.739e-02 4.190e-01 3.855e-02 2.013e-02 3.055e+00 8.828e-05
 3.038e-04 8.226e-02 2.636e-03 1.224e+00 4.285e-02 2.354e-02 1.239e-01
 6.487e-02 1.266e-04 2.930e-04 7.087e-02 1.172e-04 6.644e-04 1.007e-01
 2.080e-04 9.043e-01 2.962e-02 1.338e+00 1.924e-02 1.432e-04 3.971e-02
 3.685e-02 1.130e-04 4.710e-03 1.243e-01 6.768e-02 9.155e-03 2.643e-04
 1.189e-04 8.080e-05 3.263e-02 5.715e-02 5.995e-02 5.889e-02 3.877e-02
 1.002e-01 4.680e-02 5.739e-04 1.932e-04 1.670e+00 1.281e-04 9.449e-05
 1.159e-02 8.692e-05 1.774e-01 2.137e-02 3.473e-03 1.239e-02 1.070e-02
 1.025e-01 7.401e-01 2.199e-04 3.164e+00 3.695e-04 1.333e-02 1.215e-01
 5.602e-02 1.592e-04 1.077e-04 4.577e-02 3.082e-03 7.008e-02 3.009e-02
 1.890e-02 5.273e-02 1.725e-02 6.495e-04 2.599e-04 5.461e-03 7.869e-04
 7.583e-05 1.042e-04 1.087e-04 7.790e-02 8.823e-03 2.534e-02 4.047e-03
 1.793e-03 4.496e-01 1.351e-02 1.807e-04 7.229e-03 6.842e-01 4.757e-03
 8.102e-03 7.403e-02 2.496e-04 1.781e-04 2.534e+00 9.330e-02 8.840e-02
 1.880e-02 3.398e-02 1.284e-02 4.554e-01 1.291e-04 9.436e-05 1.116e-03
 8.330e-05 1.237e-04 1.351e-04 1.349e-02 1.168e-01 1.953e-03 3.365e-02
 2.819e+00 3.957e-01 1.135e-01 1.748e-02 2.519e-04 1.012e-03 4.397e-02
 5.051e-02 7.413e-02 4.110e-02 4.800e-04 8.283e-05 1.370e-02 5.979e-02
 1.531e+00 8.850e-02 1.456e-02 1.115e+00 1.738e-03 8.239e-05 1.117e-04
 4.067e-04 9.346e-05 8.784e-05 2.667e-05 5.331e-03 9.073e-05 2.910e-03
 9.881e-02 2.369e-03 3.815e-04 2.044e-02 8.554e-04 5.242e-04 5.951e-04
 3.937e-03 1.104e-02 2.077e-01 1.334e-03 3.433e-04 1.403e-04 6.651e-03
 2.576e-02 2.022e-02 7.268e-03 4.273e-03 3.567e-02 1.004e-03 1.381e-04
 1.985e-04 9.894e-05 2.089e-05 6.710e-05 1.363e-05 4.579e-04 3.010e-05
 1.299e-01 8.266e-03 1.828e-04 6.355e-05 1.966e-02 7.018e-04 7.918e-05
 1.725e-04 1.031e-02 6.210e-03 3.416e-02 5.458e-04 6.724e-05 1.315e-04
 4.284e-03 2.889e-03 6.552e-04 9.262e-04 7.154e-03 1.921e-04 6.922e-04
 8.946e-05 4.404e-05 5.137e-04 7.107e-05 1.773e-05 1.192e-04 2.318e-02
 1.754e-05 8.453e-04 1.917e-02 1.437e-04 1.351e-04 6.736e-02 8.671e-03
 4.119e-04 4.002e-04 5.878e-03 2.799e-03 8.603e-03 9.268e-04 2.778e-04
 7.182e-05 3.770e-02 5.490e-04 3.679e-03 8.390e-01 1.396e-02 3.155e-02
 1.739e+00 3.533e-04 1.106e-04 6.088e-02 9.414e-05 9.447e-05 5.350e-05
 1.069e-02 1.053e-05 7.407e-02 2.333e-02 8.072e-02 1.471e-03 5.692e-03
 3.446e-02 1.329e-04 1.765e-02 8.512e-03 1.188e-02 2.129e+00 3.729e-02
 1.374e-04 1.423e-04 4.580e-02 1.337e+00 1.119e+00 2.647e-02 5.162e-02
 1.209e-01 2.381e-01 4.641e-04 1.125e-04 4.575e-02 4.095e-04 1.312e-04
 2.819e-04 4.937e-02 5.436e-05 6.949e-01 6.845e-02 6.571e-02 3.327e-01
 9.086e-02 2.019e-01 2.263e-04 2.752e-02 2.180e-01 4.905e-02 1.579e+00
 2.030e+00 8.103e-05 9.491e-05 1.097e-03 1.236e-01 5.541e-02 2.302e-03
 1.415e-03 9.810e-02 2.891e-04 3.151e-04 2.582e-05 2.393e-03 1.911e-05
 6.594e-05 1.982e-06 5.340e-03 3.765e-05 8.065e-03 2.460e-02 5.025e-04
 5.780e-05 5.383e-05 2.504e-04 3.653e-05 9.012e-05 1.413e-01 5.623e-04
 5.913e-03 7.793e-05 2.379e-04 1.034e-04 5.560e-03 6.157e-01 1.111e-03
 2.329e-02 8.944e-03 8.778e-02 1.599e-02 3.382e-04 5.607e-04 5.141e-03
 5.766e-05 1.596e-04 7.816e-06 2.266e-02 8.757e-05 1.255e-01 1.184e+00
 2.504e-02 6.692e-03 4.247e-05 2.387e+00 7.349e-05 3.240e-04 3.410e-01
 3.909e-03 1.762e-01 4.593e-04 8.557e-05 1.205e-04 5.765e-02 7.646e-02
 1.625e-02 9.838e-02 1.494e+00 2.575e-02 3.231e-03 3.529e-02 1.210e-04
 1.587e-02 1.129e-04 3.732e-04 3.479e-04 7.662e-02 1.217e-04 5.697e-02
 6.744e-02 5.951e-02 3.933e-02 6.968e-02 1.641e+00 4.131e-02 3.550e-02
 6.912e-02 6.060e-02 9.581e-03 5.288e-02 1.266e-04 1.028e-04 4.639e-02
 6.217e-02 1.790e-01 4.180e-02 6.041e-03 2.521e+00 4.268e-02 8.464e-05
 8.810e-05 3.105e-01 1.271e-04 1.268e-04 1.261e-05 1.337e-01 2.268e-04
 1.155e+00 7.037e-02 3.578e-02 2.704e-03 5.455e-04 1.638e-01 1.554e+00
 2.159e-04 1.908e-01 2.894e-02 2.217e+00 6.928e-02 6.939e-05 2.317e-04
 4.157e-02 9.496e-03 1.758e-01 3.062e-02 3.235e-02 6.581e-02 3.414e-03
 2.569e-04 6.943e-04 2.718e-03 4.178e-05 5.667e-04 1.618e-04 3.307e-03
 8.770e-05 5.852e-01 5.612e-02 3.012e-02 1.035e-03 1.121e-03 1.563e-02
 3.799e-03 1.133e-04 4.367e-04 1.016e-02 4.452e-02 2.526e-03 6.039e-04
 2.973e-04 3.679e-02 8.756e-02 6.347e-04 3.445e-02 2.898e-02 1.358e+00
 1.614e-01 6.510e-04 6.226e-07 6.447e-03 2.941e-04 7.427e-05 5.636e-04
 1.976e-02 1.498e-04 3.240e-02 3.951e-02 5.430e-02 4.296e-02 4.995e-03
 8.938e-03 1.903e-02 1.285e-04 1.430e-02 3.283e-04 2.379e-02 1.336e-02
 9.618e-05 6.251e-04 3.573e-02 2.858e-03 5.076e-02 1.114e-01 1.574e-02
 5.635e-03 1.439e-02 4.927e-04 9.291e-05 1.614e-03 6.397e-05 9.603e-05
 1.595e-06 2.221e-02 8.067e-07 2.036e-03 9.902e-03 5.863e-02 9.808e-05
 7.119e-05 4.463e-02 1.413e-03 1.059e-04 1.426e-04 5.578e-04 8.802e-04
 1.822e-03 1.393e-04 1.137e-04 2.914e-02 8.175e-02 6.168e-02 6.190e-01
 2.018e-01 4.690e-02 3.630e-02 1.233e-03 2.469e-04 1.723e-02 1.493e-05
 1.014e-04 8.912e-05 1.824e-03 3.526e-05 1.937e-01 1.022e+00 3.682e-02
 6.249e-03 1.201e-04 6.359e-02 3.749e-01 9.591e-04 4.358e-04 3.775e-02
 1.536e-02 6.858e-02]
[[0. 0. 0. 0. 0. 0. 0. 0. 0. 0. 0. 0. 0. 0. 0. 0. 0. 0. 0. 1. 0. 0. 0. 0.
  0. 0. 0. 0. 0. 0.]
 [0. 0. 0. 0. 0. 1. 1. 0. 0. 0. 0. 0. 0. 0. 0. 0. 0. 0. 0. 0. 0. 0. 0. 0.
  0. 0. 0. 0. 0. 0.]
 [0. 0. 0. 0. 0. 0. 0. 0. 0. 0. 0. 0. 0. 0. 0. 0. 0. 0. 0. 0. 0. 0. 0. 0.
  0. 0. 0. 0. 0. 0.]
 [0. 0. 0. 0. 0. 0. 0. 0. 0. 0. 0. 0. 0. 0. 0. 0. 0. 0. 0. 0. 0. 0. 0. 0.
  0. 0. 0. 0. 0. 0.]
 [0. 0. 0. 0. 0. 0. 0. 0. 0. 0. 0. 0. 0. 0. 0. 0. 0. 0. 0. 0. 0. 0. 0. 0.
  0. 0. 0. 0. 0. 0.]
 [0. 0. 0. 0. 0. 0. 0. 0. 0. 0. 0. 0. 0. 0. 0. 0. 0. 0. 0. 1. 0. 0. 0. 0.
  0. 0. 0. 0. 0. 0.]
 [0. 0. 0. 0. 0. 0. 0. 0. 0. 0. 0. 0. 0. 0. 0. 0. 0. 0. 0. 0. 0. 0. 0. 0.
  0. 0. 0. 0. 0. 0.]
 [0. 0. 0. 1. 0. 0. 0. 0. 0. 0. 0. 0. 0. 0. 0. 0. 0. 0. 0. 0. 0. 0. 0. 0.
  0. 0. 0. 0. 0. 0.]
 [0. 0. 0. 0. 0. 0. 0. 0. 0. 0. 0. 0. 0. 0. 0. 0. 0. 0. 1. 1. 0. 0. 1. 0.
  0. 0. 0. 0. 0. 0.]
 [1. 0. 0. 0. 0. 1. 0. 1. 0. 0. 0. 1. 0. 0. 0. 0. 0. 0. 0. 0. 0. 0. 0. 0.
  0. 0. 1. 0. 0. 0.]
 [0. 0. 0. 0. 0. 0. 0. 0. 1. 0. 0. 0. 0. 0. 0. 0. 0. 0. 0. 0. 0. 0. 0. 0.
  0. 0. 0. 1. 0. 0.]
 [0. 0. 1. 0. 0. 0. 0. 0. 0. 0. 0. 0. 0. 0. 0. 0. 0. 0. 0. 0. 0. 0. 0. 0.
  0. 0. 1. 0. 0. 0.]
 [0. 0. 0. 0. 0. 0. 1. 0. 1. 0. 0. 0. 0. 0. 0. 0. 0. 0. 0. 0. 0. 0. 0. 1.
  0. 0. 1. 0. 0. 1.]
 [0. 0. 0. 0. 1. 0. 0. 0. 0. 0. 0. 0. 0. 0. 0. 0. 0. 1. 0. 1. 0. 0. 0. 0.
  0. 0. 1. 0. 0. 0.]
 [0. 0. 0. 0. 0. 0. 0. 0. 0. 0. 0. 1. 0. 0. 0. 0. 0. 0. 0. 0. 0. 0. 0. 1.
  0. 1. 0. 0. 0. 0.]
 [0. 0. 0. 0. 0. 0. 0. 0. 0. 0. 0. 0. 0. 0. 0. 0. 0. 0. 0. 0. 0. 0. 0. 0.
  0. 0. 0. 0. 0. 0.]
 [0. 0. 1. 0. 0. 0. 0. 0. 1. 0. 0. 0. 0. 0. 0. 0. 0. 0. 0. 0. 1. 1. 0. 0.
  0. 0. 0. 0. 0. 0.]
 [0. 0. 0. 0. 1. 0. 0. 1. 0. 0. 0. 0. 0. 0. 0. 0. 0. 0. 0. 0. 0. 0. 0. 0.
  0. 0. 1. 0. 0. 0.]
 [0. 0. 0. 0. 0. 0. 0. 0. 0. 0. 0. 0. 0. 0. 0. 0. 0. 0. 0. 0. 0. 0. 0. 0.
  0. 0. 0. 0. 0. 0.]
 [0. 0. 0. 0. 0. 0. 0. 0. 0. 0. 0. 0. 0. 0. 0. 0. 0. 0. 0. 0. 0. 0. 0. 0.
  0. 0. 0. 0. 0. 0.]
 [0. 0. 0. 0. 0. 1. 0. 0. 1. 0. 0. 0. 0. 0. 0. 0. 0. 0. 0. 0. 0. 0. 0. 0.
  0. 0. 0. 0. 1. 0.]
 [0. 0. 0. 1. 1. 0. 0. 0. 1. 0. 0. 0. 0. 0. 0. 0. 0. 1. 0. 0. 0. 0. 0. 0.
  0. 0. 0. 0. 1. 1.]
 [0. 0. 0. 0. 0. 0. 0. 0. 0. 0. 0. 0. 0. 0. 0. 1. 0. 0. 0. 0. 0. 0. 0. 0.
  0. 0. 0. 0. 0. 0.]
 [0. 0. 0. 1. 0. 0. 0. 0. 0. 0. 0. 0. 0. 0. 0. 0. 0. 0. 1. 0. 0. 0. 1. 0.
  0. 0. 1. 0. 0. 0.]
 [0. 0. 0. 0. 0. 0. 1. 0. 0. 0. 0. 0. 0. 0. 0. 0. 0. 0. 0. 0. 0. 0. 1. 0.
  0. 0. 0. 0. 0. 0.]
 [0. 0. 0. 0. 0. 0. 0. 1. 0. 0. 0. 0. 0. 0. 0. 0. 0. 1. 0. 0. 0. 0. 0. 1.
  0. 0. 0. 0. 1. 0.]
 [0. 0. 0. 0. 0. 0. 0. 0. 0. 0. 0. 0. 0. 0. 0. 1. 0. 0. 0. 0. 0. 0. 0. 0.
  0. 0. 0. 0. 0. 0.]
 [0. 0. 0. 0. 0. 0. 0. 1. 0. 0. 0. 0. 0. 0. 0. 0. 0. 0. 0. 0. 0. 0. 0. 0.
  0. 0. 0. 0. 0. 0.]
 [0. 0. 0. 0. 0. 0. 0. 0. 0. 0. 0. 0. 0. 0. 0. 0. 0. 0. 0. 0. 0. 0. 0. 0.
  0. 0. 0. 0. 0. 0.]
 [0. 0. 0. 0. 0. 1. 0. 0. 0. 0. 0. 0. 0. 0. 0. 0. 0. 0. 1. 0. 0. 0. 0. 0.
  0. 0. 0. 0. 0. 0.]]
[0. 0. 0. 0. 0. 0. 0. 0. 0. 0. 0. 0. 0. 0. 0. 0. 0. 0. 1. 0. 0. 0. 0. 0.
 0. 0. 0. 0. 0. 0. 0. 0. 0. 1. 1. 0. 0. 0. 0. 0. 0. 0. 0. 0. 0. 0. 0. 0.
 0. 0. 0. 0. 0. 0. 0. 0. 0. 0. 0. 0. 0. 0. 0. 0. 0. 0. 0. 0. 0. 0. 0. 0.
 0. 0. 0. 0. 0. 0. 0. 0. 0. 0. 0. 0. 0. 0. 0. 0. 0. 0. 0. 0. 0. 0. 0. 0.
 0. 0. 0. 0. 0. 0. 0. 0. 0. 0. 0. 0. 0. 0. 0. 0. 0. 0. 0. 0. 0. 0. 0. 0.
 0. 0. 0. 0. 0. 0. 0. 0. 0. 0. 0. 0. 0. 0. 0. 0. 0. 0. 0. 0. 0. 0. 0. 0.
 0. 0. 0. 0. 0. 0. 0. 0. 0. 0. 0. 0. 0. 0. 0. 0. 0. 0. 0. 1. 0. 0. 0. 0.
 0. 0. 0. 0. 0. 0. 0. 0. 0. 0. 0. 0. 0. 0. 0. 0. 0. 0. 0. 0. 0. 0. 0. 0.
 0. 0. 0. 0. 0. 0. 0. 0. 0. 0. 0. 0. 0. 0. 1. 0. 0. 0. 0. 0. 0. 0. 0. 0.
 0. 0. 0. 0. 0. 0. 0. 0. 0. 0. 0. 0. 0. 0. 0. 0. 0. 0. 0. 0. 0. 0. 0. 0.
 0. 0. 0. 0. 0. 0. 0. 0. 0. 1. 1. 0. 0. 1. 0. 0. 0. 0. 0. 0. 0. 1. 0. 0.
 0. 0. 1. 0. 1. 0. 0. 1. 0. 0. 0. 0. 0. 0. 0. 0. 0. 0. 0. 0. 0. 0. 1. 0.
 0. 0. 0. 0. 0. 0. 0. 0. 0. 0. 1. 0. 0. 0. 0. 0. 0. 0. 0. 0. 0. 0. 0. 0.
 0. 0. 0. 0. 1. 0. 0. 0. 0. 1. 0. 0. 0. 0. 0. 0. 0. 0. 0. 0. 0. 0. 0. 0.
 0. 0. 0. 0. 0. 0. 0. 0. 1. 0. 0. 0. 0. 0. 0. 0. 0. 0. 1. 0. 1. 0. 0. 0.
 0. 0. 0. 0. 0. 0. 0. 0. 0. 0. 1. 0. 0. 1. 0. 0. 1. 0. 0. 0. 0. 1. 0. 0.
 0. 0. 0. 0. 0. 0. 0. 0. 0. 1. 0. 1. 0. 0. 0. 0. 0. 0. 1. 0. 0. 0. 0. 0.
 0. 0. 0. 0. 0. 0. 0. 0. 0. 1. 0. 0. 0. 0. 0. 0. 0. 0. 0. 0. 1. 0. 1. 0.
 0. 0. 0. 0. 0. 0. 0. 0. 0. 0. 0. 0. 0. 0. 0. 0. 0. 0. 0. 0. 0. 0. 0. 0.
 0. 0. 0. 0. 0. 0. 0. 0. 0. 0. 1. 0. 0. 0. 0. 0. 1. 0. 0. 0. 0. 0. 0. 0.
 0. 0. 0. 1. 1. 0. 0. 0. 0. 0. 0. 0. 0. 0. 0. 0. 0. 1. 0. 0. 1. 0. 0. 0.
 0. 0. 0. 0. 0. 0. 0. 0. 0. 0. 0. 0. 0. 0. 1. 0. 0. 0. 0. 0. 0. 0. 0. 0.
 0. 0. 0. 0. 0. 0. 0. 0. 0. 0. 0. 0. 0. 0. 0. 0. 0. 0. 0. 0. 0. 0. 0. 0.
 0. 0. 0. 0. 0. 0. 0. 0. 0. 0. 0. 0. 0. 0. 0. 0. 0. 0. 0. 0. 0. 0. 0. 0.
 0. 0. 0. 0. 0. 0. 0. 0. 0. 1. 0. 0. 1. 0. 0. 0. 0. 0. 0. 0. 0. 0. 0. 0.
 0. 0. 0. 0. 0. 0. 0. 1. 0. 0. 0. 0. 1. 1. 0. 0. 0. 1. 0. 0. 0. 0. 0. 0.
 0. 0. 1. 0. 0. 0. 0. 0. 0. 0. 0. 0. 1. 1. 0. 0. 0. 0. 0. 0. 0. 0. 0. 0.
 0. 0. 0. 0. 0. 1. 0. 0. 0. 0. 0. 0. 0. 0. 0. 0. 0. 0. 0. 0. 0. 0. 1. 0.
 0. 0. 0. 0. 0. 0. 0. 0. 0. 0. 0. 0. 0. 1. 0. 0. 0. 1. 0. 0. 1. 0. 0. 0.
 0. 0. 0. 0. 0. 0. 1. 0. 0. 0. 0. 0. 0. 0. 0. 0. 0. 0. 0. 0. 0. 0. 1. 0.
 0. 0. 0. 0. 0. 0. 0. 0. 0. 0. 0. 0. 1. 0. 0. 0. 0. 0. 0. 0. 0. 0. 1. 0.
 0. 0. 0. 0. 1. 0. 0. 0. 1. 0. 0. 0. 0. 0. 0. 0. 0. 0. 0. 0. 0. 0. 0. 0.
 0. 1. 0. 0. 0. 0. 0. 0. 0. 0. 0. 0. 0. 0. 0. 0. 0. 0. 0. 0. 0. 0. 1. 0.
 0. 0. 0. 0. 0. 0. 0. 0. 0. 0. 0. 0. 0. 0. 0. 0. 0. 0. 0. 0. 0. 0. 0. 0.
 0. 0. 0. 0. 0. 0. 0. 0. 0. 0. 0. 0. 0. 0. 0. 0. 0. 0. 0. 0. 0. 0. 0. 0.
 0. 0. 0. 0. 0. 0. 1. 0. 0. 0. 0. 0. 0. 0. 0. 0. 0. 0. 0. 1. 0. 0. 0. 0.
 0. 0. 0. 0. 0. 0.]
aucroc, aucpr (0.9592181069958847, 0.9236428486546127)
cuda
noise_multiplier  0.6  noise_multiplier_b  5.0  noise_multiplier_delta  0.6010829247756457
cuda
Objective function 291.21 = squared loss an data 35.20 + 0.5*rho*h**2 254.631624 + alpha*h 0.000000 + L2reg 0.55 + L1reg 0.82 ; SHD = 416 ; DAG False
total norm for a microbatch 12.234918775680736 clip 12.00582138917335
total norm for a microbatch 16.64125258441571 clip 15.81689261174689
total norm for a microbatch 17.580382187752857 clip 15.706453436504315
total norm for a microbatch 20.061640179974475 clip 15.322698304534843
total norm for a microbatch 15.207553100646997 clip 16.08934785662748
total norm for a microbatch 17.47227229825259 clip 15.853513774028581
total norm for a microbatch 17.277229923345708 clip 16.850033965200677
cuda
Objective function 27.26 = squared loss an data 25.18 + 0.5*rho*h**2 1.296599 + alpha*h 0.000000 + L2reg 0.35 + L1reg 0.44 ; SHD = 57 ; DAG False
Proportion of microbatches that were clipped  0.8839314067958082
iteration 1 in inner loop, alpha 0.0 rho 1.0 h 1.6103410187527913
iteration 1 in outer loop, alpha = 1.6103410187527913, rho = 1.0, h = 1.6103410187527913
cuda
noise_multiplier  0.6  noise_multiplier_b  5.0  noise_multiplier_delta  0.6010829247756457
cuda
Objective function 29.86 = squared loss an data 25.18 + 0.5*rho*h**2 1.296599 + alpha*h 2.593198 + L2reg 0.35 + L1reg 0.44 ; SHD = 57 ; DAG False
total norm for a microbatch 17.929082146473537 clip 3.4131879900929336
total norm for a microbatch 14.501518293187926 clip 3.4131879900929336
total norm for a microbatch 18.504846667630424 clip 4.820963555372713
total norm for a microbatch 25.074778151861654 clip 18.658590623880357
total norm for a microbatch 30.775847920615323 clip 19.187911641822367
cuda
Objective function 27.46 = squared loss an data 23.82 + 0.5*rho*h**2 0.734813 + alpha*h 1.952186 + L2reg 0.53 + L1reg 0.42 ; SHD = 41 ; DAG True
Proportion of microbatches that were clipped  0.8966412461463573
iteration 1 in inner loop, alpha 1.6103410187527913 rho 1.0 h 1.212281300295455
noise_multiplier  0.6  noise_multiplier_b  5.0  noise_multiplier_delta  0.6010829247756457
cuda
Objective function 34.08 = squared loss an data 23.82 + 0.5*rho*h**2 7.348130 + alpha*h 1.952186 + L2reg 0.53 + L1reg 0.42 ; SHD = 41 ; DAG True
total norm for a microbatch 25.359250832961976 clip 21.964830439881077
total norm for a microbatch 23.897035257255727 clip 23.64937109516936
total norm for a microbatch 27.09444389843067 clip 23.56909542108563
cuda
Objective function 27.46 = squared loss an data 24.42 + 0.5*rho*h**2 1.222921 + alpha*h 0.796401 + L2reg 0.65 + L1reg 0.37 ; SHD = 41 ; DAG True
Proportion of microbatches that were clipped  0.9008882655446471
iteration 2 in inner loop, alpha 1.6103410187527913 rho 10.0 h 0.4945545468012895
noise_multiplier  0.6  noise_multiplier_b  5.0  noise_multiplier_delta  0.6010829247756457
cuda
Objective function 38.46 = squared loss an data 24.42 + 0.5*rho*h**2 12.229210 + alpha*h 0.796401 + L2reg 0.65 + L1reg 0.37 ; SHD = 41 ; DAG True
total norm for a microbatch 49.151836536614034 clip 1.0
total norm for a microbatch 48.811152425600724 clip 1.0
total norm for a microbatch 39.468217426215595 clip 1.5648840600930325
total norm for a microbatch 26.944882601216236 clip 2.926702094052304
total norm for a microbatch 19.78067046250881 clip 4.234580085031198
total norm for a microbatch 37.545806694062236 clip 8.811315503583273
total norm for a microbatch 21.25289269707409 clip 10.387705013295742
total norm for a microbatch 28.289115216353494 clip 11.254737657111313
total norm for a microbatch 25.600507246176832 clip 26.022847104815362
cuda
Objective function 28.09 = squared loss an data 25.35 + 0.5*rho*h**2 1.438291 + alpha*h 0.273122 + L2reg 0.71 + L1reg 0.32 ; SHD = 33 ; DAG True
Proportion of microbatches that were clipped  0.9049036503211656
iteration 3 in inner loop, alpha 1.6103410187527913 rho 100.0 h 0.1696048836854267
iteration 2 in outer loop, alpha = 18.57082938729546, rho = 100.0, h = 0.1696048836854267
cuda
noise_multiplier  0.6  noise_multiplier_b  5.0  noise_multiplier_delta  0.6010829247756457
cuda
Objective function 30.97 = squared loss an data 25.35 + 0.5*rho*h**2 1.438291 + alpha*h 3.149703 + L2reg 0.71 + L1reg 0.32 ; SHD = 33 ; DAG True
total norm for a microbatch 31.911955581913247 clip 1.6939865349067824
total norm for a microbatch 36.49997302790917 clip 3.7441693006401096
total norm for a microbatch 22.985740179290943 clip 9.11322667207144
total norm for a microbatch 30.97107925724578 clip 9.11322667207144
total norm for a microbatch 35.914672786892716 clip 9.979120953609183
total norm for a microbatch 41.8730199532537 clip 12.059476234698849
total norm for a microbatch 36.966264726448195 clip 17.2151696874288
total norm for a microbatch 23.215726594813585 clip 26.943115663217174
total norm for a microbatch 21.289740029480605 clip 27.347766471947168
cuda
Objective function 29.26 = squared loss an data 25.58 + 0.5*rho*h**2 0.585123 + alpha*h 2.008953 + L2reg 0.77 + L1reg 0.32 ; SHD = 43 ; DAG True
Proportion of microbatches that were clipped  0.903530177322271
iteration 1 in inner loop, alpha 18.57082938729546 rho 100.0 h 0.10817790544583872
noise_multiplier  0.6  noise_multiplier_b  5.0  noise_multiplier_delta  0.6010829247756457
cuda
Objective function 34.53 = squared loss an data 25.58 + 0.5*rho*h**2 5.851230 + alpha*h 2.008953 + L2reg 0.77 + L1reg 0.32 ; SHD = 43 ; DAG True
total norm for a microbatch 34.42457194374609 clip 3.6382018604394717
total norm for a microbatch 28.668813091082225 clip 6.075932641169995
total norm for a microbatch 32.640541343665376 clip 13.339768351385509
total norm for a microbatch 35.113259641125595 clip 16.16904256427811
total norm for a microbatch 31.8253147798938 clip 28.05898256430295
cuda
Objective function 28.82 = squared loss an data 25.76 + 0.5*rho*h**2 1.090918 + alpha*h 0.867446 + L2reg 0.81 + L1reg 0.30 ; SHD = 47 ; DAG True
Proportion of microbatches that were clipped  0.9069842291599614
iteration 2 in inner loop, alpha 18.57082938729546 rho 1000.0 h 0.04671012921901152
noise_multiplier  0.6  noise_multiplier_b  5.0  noise_multiplier_delta  0.6010829247756457
cuda
Objective function 38.64 = squared loss an data 25.76 + 0.5*rho*h**2 10.909181 + alpha*h 0.867446 + L2reg 0.81 + L1reg 0.30 ; SHD = 47 ; DAG True
total norm for a microbatch 32.354617583897365 clip 6.8288313689966476
total norm for a microbatch 30.641980843556368 clip 31.39159670249958
total norm for a microbatch 31.56870096822503 clip 32.85451896353995
total norm for a microbatch 53.45109641441983 clip 30.163254986731747
total norm for a microbatch 28.260896199354864 clip 31.84981940979962
cuda
Objective function 28.72 = squared loss an data 25.87 + 0.5*rho*h**2 1.434467 + alpha*h 0.314551 + L2reg 0.81 + L1reg 0.29 ; SHD = 49 ; DAG True
Proportion of microbatches that were clipped  0.9095168847956051
iteration 3 in inner loop, alpha 18.57082938729546 rho 10000.0 h 0.016937928302951377
iteration 3 in outer loop, alpha = 187.95011241680925, rho = 10000.0, h = 0.016937928302951377
cuda
noise_multiplier  0.6  noise_multiplier_b  5.0  noise_multiplier_delta  0.6010829247756457
cuda
Objective function 31.59 = squared loss an data 25.87 + 0.5*rho*h**2 1.434467 + alpha*h 3.183486 + L2reg 0.81 + L1reg 0.29 ; SHD = 49 ; DAG True
total norm for a microbatch 32.77830614510302 clip 7.253741245615108
total norm for a microbatch 33.91384049906826 clip 8.630585512024298
total norm for a microbatch 40.191469256872445 clip 10.284651800574519
cuda
Objective function 29.88 = squared loss an data 25.87 + 0.5*rho*h**2 0.678191 + alpha*h 2.188939 + L2reg 0.85 + L1reg 0.29 ; SHD = 60 ; DAG True
Proportion of microbatches that were clipped  0.917912822144448
iteration 1 in inner loop, alpha 187.95011241680925 rho 10000.0 h 0.011646381011253482
noise_multiplier  0.6  noise_multiplier_b  5.0  noise_multiplier_delta  0.6010829247756457
cuda
Objective function 35.99 = squared loss an data 25.87 + 0.5*rho*h**2 6.781910 + alpha*h 2.188939 + L2reg 0.85 + L1reg 0.29 ; SHD = 60 ; DAG True
total norm for a microbatch 2781.4783502010087 clip 1.1008330059175793
total norm for a microbatch 67.05861500651874 clip 4.888243459385719
total norm for a microbatch 76.50239101009507 clip 22.005536755326045
cuda
Objective function 31.58 = squared loss an data 26.30 + 0.5*rho*h**2 2.706199 + alpha*h 1.382730 + L2reg 0.90 + L1reg 0.29 ; SHD = 88 ; DAG True
Proportion of microbatches that were clipped  0.933495145631068
iteration 2 in inner loop, alpha 187.95011241680925 rho 100000.0 h 0.007356900541342526
iteration 4 in outer loop, alpha = 7544.850653759335, rho = 1000000.0, h = 0.007356900541342526
Threshold 0.3
[[0.003 0.19  0.221 0.073 0.341 0.265 0.07  0.073 0.165 0.007 0.018 0.067
  0.017 0.031 0.014 0.041 0.021 0.043 0.084 0.093 0.032 0.027 0.176 0.073
  0.035 0.034 0.168 0.175 0.258 0.09 ]
 [0.023 0.003 0.102 0.161 0.213 0.157 0.238 0.08  0.089 0.01  0.039 0.045
  0.009 0.026 0.006 0.038 0.023 0.09  0.116 0.117 0.024 0.014 0.13  0.048
  0.013 0.012 0.274 0.238 0.116 0.058]
 [0.02  0.039 0.004 0.077 0.088 0.087 0.068 0.031 0.036 0.007 0.008 0.002
  0.012 0.017 0.007 0.007 0.005 0.009 0.059 0.019 0.009 0.009 0.062 0.007
  0.029 0.01  0.093 0.057 0.035 0.065]
 [0.054 0.021 0.072 0.004 0.12  0.058 0.054 0.006 0.059 0.008 0.005 0.014
  0.012 0.009 0.008 0.061 0.015 0.011 0.087 0.037 0.017 0.006 0.101 0.008
  0.01  0.009 0.091 0.051 0.056 0.026]
 [0.01  0.015 0.043 0.027 0.003 0.06  0.072 0.019 0.037 0.009 0.011 0.02
  0.008 0.005 0.005 0.023 0.01  0.003 0.023 0.015 0.011 0.004 0.054 0.017
  0.01  0.008 0.113 0.044 0.029 0.047]
 [0.013 0.034 0.053 0.066 0.061 0.004 0.043 0.029 0.023 0.004 0.007 0.026
  0.008 0.009 0.006 0.031 0.023 0.034 0.028 0.022 0.009 0.011 0.03  0.015
  0.014 0.005 0.054 0.045 0.086 0.022]
 [0.061 0.017 0.062 0.07  0.063 0.083 0.003 0.022 0.031 0.008 0.009 0.016
  0.002 0.011 0.009 0.018 0.018 0.015 0.044 0.036 0.013 0.01  0.024 0.019
  0.006 0.016 0.063 0.039 0.053 0.073]
 [0.066 0.062 0.132 0.699 0.153 0.192 0.187 0.004 0.116 0.014 0.02  0.029
  0.025 0.032 0.008 0.134 0.035 0.094 0.127 0.158 0.014 0.022 0.214 0.067
  0.017 0.007 0.099 0.166 0.152 0.069]
 [0.022 0.041 0.107 0.07  0.078 0.149 0.119 0.019 0.004 0.017 0.015 0.033
  0.007 0.017 0.007 0.042 0.021 0.053 0.18  0.303 0.003 0.031 0.391 0.053
  0.04  0.026 0.204 0.17  0.23  0.105]
 [0.473 0.331 0.381 0.522 0.455 0.829 0.381 0.262 0.25  0.003 0.032 0.447
  0.035 0.107 0.066 0.358 0.142 0.114 0.296 0.391 0.213 0.124 0.5   0.269
  0.238 0.131 0.668 0.423 0.168 0.235]
 [0.261 0.153 0.393 0.308 0.166 0.324 0.336 0.217 0.361 0.129 0.004 0.142
  0.042 0.142 0.038 0.225 0.085 0.298 0.343 0.326 0.083 0.064 0.436 0.146
  0.149 0.079 0.31  1.958 0.325 0.216]
 [0.097 0.101 1.178 0.274 0.141 0.106 0.242 0.139 0.107 0.007 0.021 0.003
  0.032 0.058 0.016 0.231 0.047 0.102 0.153 0.194 0.047 0.034 0.283 0.149
  0.093 0.063 0.523 0.127 0.307 0.234]
 [0.268 0.456 0.343 0.244 0.488 0.481 0.881 0.106 0.625 0.091 0.096 0.163
  0.003 0.162 0.042 0.182 0.152 0.192 0.347 0.225 0.104 0.154 0.429 0.175
  0.141 0.176 0.775 0.277 0.271 0.915]
 [0.111 0.189 0.201 0.359 0.795 0.355 0.284 0.116 0.149 0.061 0.031 0.065
  0.024 0.004 0.027 0.107 0.074 0.312 0.145 0.714 0.105 0.043 0.259 0.118
  0.065 0.096 0.518 0.263 0.297 0.334]
 [0.179 0.478 0.481 0.366 0.361 0.495 0.314 0.404 0.367 0.07  0.099 0.273
  0.092 0.152 0.004 0.282 0.153 0.33  0.493 0.463 0.285 0.205 0.651 0.729
  0.429 1.221 0.349 0.577 0.484 0.509]
 [0.108 0.089 0.312 0.065 0.158 0.099 0.229 0.028 0.073 0.01  0.015 0.018
  0.021 0.025 0.009 0.002 0.053 0.098 0.066 0.124 0.034 0.014 0.424 0.055
  0.018 0.02  0.662 0.114 0.097 0.121]
 [0.202 0.107 0.725 0.236 0.322 0.145 0.259 0.125 0.205 0.028 0.044 0.115
  0.032 0.049 0.029 0.065 0.003 0.094 0.102 0.33  0.074 0.083 0.276 0.131
  0.134 0.09  0.238 0.169 0.332 0.359]
 [0.057 0.023 0.331 0.32  0.813 0.088 0.2   0.039 0.081 0.032 0.01  0.017
  0.016 0.012 0.006 0.038 0.036 0.003 0.082 0.119 0.038 0.008 0.089 0.033
  0.05  0.007 0.504 0.312 0.138 0.198]
 [0.055 0.047 0.052 0.068 0.099 0.113 0.07  0.027 0.03  0.01  0.009 0.031
  0.008 0.028 0.006 0.075 0.04  0.055 0.004 0.095 0.021 0.013 0.107 0.01
  0.021 0.014 0.19  0.146 0.04  0.171]
 [0.034 0.041 0.187 0.07  0.21  0.232 0.07  0.033 0.009 0.007 0.008 0.015
  0.016 0.004 0.011 0.029 0.01  0.036 0.045 0.003 0.009 0.015 0.106 0.06
  0.007 0.019 0.342 0.075 0.045 0.215]
 [0.136 0.115 0.329 0.186 0.344 0.455 0.268 0.237 0.761 0.02  0.064 0.103
  0.038 0.027 0.01  0.143 0.059 0.108 0.203 0.195 0.005 0.067 0.444 0.117
  0.052 0.025 0.234 0.268 0.714 0.186]
 [0.107 0.269 0.355 0.64  0.644 0.321 0.334 0.127 0.108 0.046 0.077 0.086
  0.021 0.105 0.017 0.241 0.038 0.419 0.261 0.252 0.061 0.004 0.256 0.176
  0.065 0.078 0.307 0.142 0.644 0.931]
 [0.022 0.042 0.073 0.05  0.087 0.106 0.154 0.018 0.009 0.005 0.007 0.009
  0.004 0.008 0.003 0.007 0.014 0.028 0.033 0.042 0.008 0.011 0.004 0.005
  0.008 0.01  0.074 0.078 0.032 0.05 ]
 [0.048 0.087 0.373 0.35  0.185 0.223 0.22  0.089 0.104 0.016 0.03  0.028
  0.021 0.031 0.004 0.076 0.023 0.095 0.439 0.052 0.038 0.026 0.886 0.004
  0.019 0.005 0.306 0.165 0.145 0.154]
 [0.11  0.252 0.133 0.441 0.32  0.277 0.814 0.27  0.094 0.013 0.034 0.055
  0.028 0.064 0.009 0.177 0.041 0.093 0.195 0.418 0.062 0.06  0.639 0.134
  0.003 0.034 0.453 0.195 0.235 0.15 ]
 [0.134 0.249 0.257 0.32  0.255 0.346 0.213 0.604 0.141 0.024 0.052 0.055
  0.016 0.041 0.003 0.181 0.053 0.41  0.318 0.169 0.111 0.07  0.237 0.378
  0.13  0.004 0.299 0.247 0.519 0.226]
 [0.017 0.009 0.022 0.032 0.039 0.086 0.061 0.025 0.018 0.005 0.01  0.006
  0.005 0.007 0.008 0.006 0.011 0.008 0.01  0.009 0.017 0.009 0.044 0.008
  0.007 0.012 0.004 0.064 0.05  0.037]
 [0.033 0.018 0.058 0.071 0.056 0.126 0.105 0.026 0.019 0.008 0.002 0.023
  0.008 0.01  0.008 0.041 0.022 0.016 0.029 0.074 0.011 0.018 0.045 0.016
  0.018 0.014 0.077 0.004 0.13  0.066]
 [0.015 0.045 0.105 0.092 0.132 0.067 0.069 0.02  0.023 0.014 0.011 0.011
  0.013 0.012 0.006 0.045 0.01  0.021 0.097 0.067 0.006 0.007 0.088 0.027
  0.017 0.008 0.083 0.037 0.003 0.068]
 [0.042 0.073 0.059 0.14  0.083 0.157 0.069 0.049 0.042 0.014 0.013 0.012
  0.004 0.011 0.006 0.04  0.01  0.015 0.034 0.016 0.026 0.004 0.083 0.02
  0.03  0.019 0.106 0.076 0.07  0.003]]
[[0.    0.    0.    0.    0.341 0.    0.    0.    0.    0.    0.    0.
  0.    0.    0.    0.    0.    0.    0.    0.    0.    0.    0.    0.
  0.    0.    0.    0.    0.    0.   ]
 [0.    0.    0.    0.    0.    0.    0.    0.    0.    0.    0.    0.
  0.    0.    0.    0.    0.    0.    0.    0.    0.    0.    0.    0.
  0.    0.    0.    0.    0.    0.   ]
 [0.    0.    0.    0.    0.    0.    0.    0.    0.    0.    0.    0.
  0.    0.    0.    0.    0.    0.    0.    0.    0.    0.    0.    0.
  0.    0.    0.    0.    0.    0.   ]
 [0.    0.    0.    0.    0.    0.    0.    0.    0.    0.    0.    0.
  0.    0.    0.    0.    0.    0.    0.    0.    0.    0.    0.    0.
  0.    0.    0.    0.    0.    0.   ]
 [0.    0.    0.    0.    0.    0.    0.    0.    0.    0.    0.    0.
  0.    0.    0.    0.    0.    0.    0.    0.    0.    0.    0.    0.
  0.    0.    0.    0.    0.    0.   ]
 [0.    0.    0.    0.    0.    0.    0.    0.    0.    0.    0.    0.
  0.    0.    0.    0.    0.    0.    0.    0.    0.    0.    0.    0.
  0.    0.    0.    0.    0.    0.   ]
 [0.    0.    0.    0.    0.    0.    0.    0.    0.    0.    0.    0.
  0.    0.    0.    0.    0.    0.    0.    0.    0.    0.    0.    0.
  0.    0.    0.    0.    0.    0.   ]
 [0.    0.    0.    0.699 0.    0.    0.    0.    0.    0.    0.    0.
  0.    0.    0.    0.    0.    0.    0.    0.    0.    0.    0.    0.
  0.    0.    0.    0.    0.    0.   ]
 [0.    0.    0.    0.    0.    0.    0.    0.    0.    0.    0.    0.
  0.    0.    0.    0.    0.    0.    0.    0.303 0.    0.    0.391 0.
  0.    0.    0.    0.    0.    0.   ]
 [0.473 0.331 0.381 0.522 0.455 0.829 0.381 0.    0.    0.    0.    0.447
  0.    0.    0.    0.358 0.    0.    0.    0.391 0.    0.    0.5   0.
  0.    0.    0.668 0.423 0.    0.   ]
 [0.    0.    0.393 0.308 0.    0.324 0.336 0.    0.361 0.    0.    0.
  0.    0.    0.    0.    0.    0.    0.343 0.326 0.    0.    0.436 0.
  0.    0.    0.31  1.958 0.325 0.   ]
 [0.    0.    1.178 0.    0.    0.    0.    0.    0.    0.    0.    0.
  0.    0.    0.    0.    0.    0.    0.    0.    0.    0.    0.    0.
  0.    0.    0.523 0.    0.307 0.   ]
 [0.    0.456 0.343 0.    0.488 0.481 0.881 0.    0.625 0.    0.    0.
  0.    0.    0.    0.    0.    0.    0.347 0.    0.    0.    0.429 0.
  0.    0.    0.775 0.    0.    0.915]
 [0.    0.    0.    0.359 0.795 0.355 0.    0.    0.    0.    0.    0.
  0.    0.    0.    0.    0.    0.312 0.    0.714 0.    0.    0.    0.
  0.    0.    0.518 0.    0.    0.334]
 [0.    0.478 0.481 0.366 0.361 0.495 0.314 0.404 0.367 0.    0.    0.
  0.    0.    0.    0.    0.    0.33  0.493 0.463 0.    0.    0.651 0.729
  0.429 1.221 0.349 0.577 0.484 0.509]
 [0.    0.    0.312 0.    0.    0.    0.    0.    0.    0.    0.    0.
  0.    0.    0.    0.    0.    0.    0.    0.    0.    0.    0.424 0.
  0.    0.    0.662 0.    0.    0.   ]
 [0.    0.    0.725 0.    0.322 0.    0.    0.    0.    0.    0.    0.
  0.    0.    0.    0.    0.    0.    0.    0.33  0.    0.    0.    0.
  0.    0.    0.    0.    0.332 0.359]
 [0.    0.    0.331 0.32  0.813 0.    0.    0.    0.    0.    0.    0.
  0.    0.    0.    0.    0.    0.    0.    0.    0.    0.    0.    0.
  0.    0.    0.504 0.312 0.    0.   ]
 [0.    0.    0.    0.    0.    0.    0.    0.    0.    0.    0.    0.
  0.    0.    0.    0.    0.    0.    0.    0.    0.    0.    0.    0.
  0.    0.    0.    0.    0.    0.   ]
 [0.    0.    0.    0.    0.    0.    0.    0.    0.    0.    0.    0.
  0.    0.    0.    0.    0.    0.    0.    0.    0.    0.    0.    0.
  0.    0.    0.342 0.    0.    0.   ]
 [0.    0.    0.329 0.    0.344 0.455 0.    0.    0.761 0.    0.    0.
  0.    0.    0.    0.    0.    0.    0.    0.    0.    0.    0.444 0.
  0.    0.    0.    0.    0.714 0.   ]
 [0.    0.    0.355 0.64  0.644 0.321 0.334 0.    0.    0.    0.    0.
  0.    0.    0.    0.    0.    0.419 0.    0.    0.    0.    0.    0.
  0.    0.    0.307 0.    0.644 0.931]
 [0.    0.    0.    0.    0.    0.    0.    0.    0.    0.    0.    0.
  0.    0.    0.    0.    0.    0.    0.    0.    0.    0.    0.    0.
  0.    0.    0.    0.    0.    0.   ]
 [0.    0.    0.373 0.35  0.    0.    0.    0.    0.    0.    0.    0.
  0.    0.    0.    0.    0.    0.    0.439 0.    0.    0.    0.886 0.
  0.    0.    0.306 0.    0.    0.   ]
 [0.    0.    0.    0.441 0.32  0.    0.814 0.    0.    0.    0.    0.
  0.    0.    0.    0.    0.    0.    0.    0.418 0.    0.    0.639 0.
  0.    0.    0.453 0.    0.    0.   ]
 [0.    0.    0.    0.32  0.    0.346 0.    0.604 0.    0.    0.    0.
  0.    0.    0.    0.    0.    0.41  0.318 0.    0.    0.    0.    0.378
  0.    0.    0.    0.    0.519 0.   ]
 [0.    0.    0.    0.    0.    0.    0.    0.    0.    0.    0.    0.
  0.    0.    0.    0.    0.    0.    0.    0.    0.    0.    0.    0.
  0.    0.    0.    0.    0.    0.   ]
 [0.    0.    0.    0.    0.    0.    0.    0.    0.    0.    0.    0.
  0.    0.    0.    0.    0.    0.    0.    0.    0.    0.    0.    0.
  0.    0.    0.    0.    0.    0.   ]
 [0.    0.    0.    0.    0.    0.    0.    0.    0.    0.    0.    0.
  0.    0.    0.    0.    0.    0.    0.    0.    0.    0.    0.    0.
  0.    0.    0.    0.    0.    0.   ]
 [0.    0.    0.    0.    0.    0.    0.    0.    0.    0.    0.    0.
  0.    0.    0.    0.    0.    0.    0.    0.    0.    0.    0.    0.
  0.    0.    0.    0.    0.    0.   ]]
{'fdr': 0.631578947368421, 'tpr': 0.7, 'fpr': 0.192, 'f1': 0.48275862068965525, 'shd': 88, 'npred': 114, 'ntrue': 60}
[0.19  0.221 0.073 0.341 0.265 0.07  0.073 0.165 0.007 0.018 0.067 0.017
 0.031 0.014 0.041 0.021 0.043 0.084 0.093 0.032 0.027 0.176 0.073 0.035
 0.034 0.168 0.175 0.258 0.09  0.023 0.102 0.161 0.213 0.157 0.238 0.08
 0.089 0.01  0.039 0.045 0.009 0.026 0.006 0.038 0.023 0.09  0.116 0.117
 0.024 0.014 0.13  0.048 0.013 0.012 0.274 0.238 0.116 0.058 0.02  0.039
 0.077 0.088 0.087 0.068 0.031 0.036 0.007 0.008 0.002 0.012 0.017 0.007
 0.007 0.005 0.009 0.059 0.019 0.009 0.009 0.062 0.007 0.029 0.01  0.093
 0.057 0.035 0.065 0.054 0.021 0.072 0.12  0.058 0.054 0.006 0.059 0.008
 0.005 0.014 0.012 0.009 0.008 0.061 0.015 0.011 0.087 0.037 0.017 0.006
 0.101 0.008 0.01  0.009 0.091 0.051 0.056 0.026 0.01  0.015 0.043 0.027
 0.06  0.072 0.019 0.037 0.009 0.011 0.02  0.008 0.005 0.005 0.023 0.01
 0.003 0.023 0.015 0.011 0.004 0.054 0.017 0.01  0.008 0.113 0.044 0.029
 0.047 0.013 0.034 0.053 0.066 0.061 0.043 0.029 0.023 0.004 0.007 0.026
 0.008 0.009 0.006 0.031 0.023 0.034 0.028 0.022 0.009 0.011 0.03  0.015
 0.014 0.005 0.054 0.045 0.086 0.022 0.061 0.017 0.062 0.07  0.063 0.083
 0.022 0.031 0.008 0.009 0.016 0.002 0.011 0.009 0.018 0.018 0.015 0.044
 0.036 0.013 0.01  0.024 0.019 0.006 0.016 0.063 0.039 0.053 0.073 0.066
 0.062 0.132 0.699 0.153 0.192 0.187 0.116 0.014 0.02  0.029 0.025 0.032
 0.008 0.134 0.035 0.094 0.127 0.158 0.014 0.022 0.214 0.067 0.017 0.007
 0.099 0.166 0.152 0.069 0.022 0.041 0.107 0.07  0.078 0.149 0.119 0.019
 0.017 0.015 0.033 0.007 0.017 0.007 0.042 0.021 0.053 0.18  0.303 0.003
 0.031 0.391 0.053 0.04  0.026 0.204 0.17  0.23  0.105 0.473 0.331 0.381
 0.522 0.455 0.829 0.381 0.262 0.25  0.032 0.447 0.035 0.107 0.066 0.358
 0.142 0.114 0.296 0.391 0.213 0.124 0.5   0.269 0.238 0.131 0.668 0.423
 0.168 0.235 0.261 0.153 0.393 0.308 0.166 0.324 0.336 0.217 0.361 0.129
 0.142 0.042 0.142 0.038 0.225 0.085 0.298 0.343 0.326 0.083 0.064 0.436
 0.146 0.149 0.079 0.31  1.958 0.325 0.216 0.097 0.101 1.178 0.274 0.141
 0.106 0.242 0.139 0.107 0.007 0.021 0.032 0.058 0.016 0.231 0.047 0.102
 0.153 0.194 0.047 0.034 0.283 0.149 0.093 0.063 0.523 0.127 0.307 0.234
 0.268 0.456 0.343 0.244 0.488 0.481 0.881 0.106 0.625 0.091 0.096 0.163
 0.162 0.042 0.182 0.152 0.192 0.347 0.225 0.104 0.154 0.429 0.175 0.141
 0.176 0.775 0.277 0.271 0.915 0.111 0.189 0.201 0.359 0.795 0.355 0.284
 0.116 0.149 0.061 0.031 0.065 0.024 0.027 0.107 0.074 0.312 0.145 0.714
 0.105 0.043 0.259 0.118 0.065 0.096 0.518 0.263 0.297 0.334 0.179 0.478
 0.481 0.366 0.361 0.495 0.314 0.404 0.367 0.07  0.099 0.273 0.092 0.152
 0.282 0.153 0.33  0.493 0.463 0.285 0.205 0.651 0.729 0.429 1.221 0.349
 0.577 0.484 0.509 0.108 0.089 0.312 0.065 0.158 0.099 0.229 0.028 0.073
 0.01  0.015 0.018 0.021 0.025 0.009 0.053 0.098 0.066 0.124 0.034 0.014
 0.424 0.055 0.018 0.02  0.662 0.114 0.097 0.121 0.202 0.107 0.725 0.236
 0.322 0.145 0.259 0.125 0.205 0.028 0.044 0.115 0.032 0.049 0.029 0.065
 0.094 0.102 0.33  0.074 0.083 0.276 0.131 0.134 0.09  0.238 0.169 0.332
 0.359 0.057 0.023 0.331 0.32  0.813 0.088 0.2   0.039 0.081 0.032 0.01
 0.017 0.016 0.012 0.006 0.038 0.036 0.082 0.119 0.038 0.008 0.089 0.033
 0.05  0.007 0.504 0.312 0.138 0.198 0.055 0.047 0.052 0.068 0.099 0.113
 0.07  0.027 0.03  0.01  0.009 0.031 0.008 0.028 0.006 0.075 0.04  0.055
 0.095 0.021 0.013 0.107 0.01  0.021 0.014 0.19  0.146 0.04  0.171 0.034
 0.041 0.187 0.07  0.21  0.232 0.07  0.033 0.009 0.007 0.008 0.015 0.016
 0.004 0.011 0.029 0.01  0.036 0.045 0.009 0.015 0.106 0.06  0.007 0.019
 0.342 0.075 0.045 0.215 0.136 0.115 0.329 0.186 0.344 0.455 0.268 0.237
 0.761 0.02  0.064 0.103 0.038 0.027 0.01  0.143 0.059 0.108 0.203 0.195
 0.067 0.444 0.117 0.052 0.025 0.234 0.268 0.714 0.186 0.107 0.269 0.355
 0.64  0.644 0.321 0.334 0.127 0.108 0.046 0.077 0.086 0.021 0.105 0.017
 0.241 0.038 0.419 0.261 0.252 0.061 0.256 0.176 0.065 0.078 0.307 0.142
 0.644 0.931 0.022 0.042 0.073 0.05  0.087 0.106 0.154 0.018 0.009 0.005
 0.007 0.009 0.004 0.008 0.003 0.007 0.014 0.028 0.033 0.042 0.008 0.011
 0.005 0.008 0.01  0.074 0.078 0.032 0.05  0.048 0.087 0.373 0.35  0.185
 0.223 0.22  0.089 0.104 0.016 0.03  0.028 0.021 0.031 0.004 0.076 0.023
 0.095 0.439 0.052 0.038 0.026 0.886 0.019 0.005 0.306 0.165 0.145 0.154
 0.11  0.252 0.133 0.441 0.32  0.277 0.814 0.27  0.094 0.013 0.034 0.055
 0.028 0.064 0.009 0.177 0.041 0.093 0.195 0.418 0.062 0.06  0.639 0.134
 0.034 0.453 0.195 0.235 0.15  0.134 0.249 0.257 0.32  0.255 0.346 0.213
 0.604 0.141 0.024 0.052 0.055 0.016 0.041 0.003 0.181 0.053 0.41  0.318
 0.169 0.111 0.07  0.237 0.378 0.13  0.299 0.247 0.519 0.226 0.017 0.009
 0.022 0.032 0.039 0.086 0.061 0.025 0.018 0.005 0.01  0.006 0.005 0.007
 0.008 0.006 0.011 0.008 0.01  0.009 0.017 0.009 0.044 0.008 0.007 0.012
 0.064 0.05  0.037 0.033 0.018 0.058 0.071 0.056 0.126 0.105 0.026 0.019
 0.008 0.002 0.023 0.008 0.01  0.008 0.041 0.022 0.016 0.029 0.074 0.011
 0.018 0.045 0.016 0.018 0.014 0.077 0.13  0.066 0.015 0.045 0.105 0.092
 0.132 0.067 0.069 0.02  0.023 0.014 0.011 0.011 0.013 0.012 0.006 0.045
 0.01  0.021 0.097 0.067 0.006 0.007 0.088 0.027 0.017 0.008 0.083 0.037
 0.068 0.042 0.073 0.059 0.14  0.083 0.157 0.069 0.049 0.042 0.014 0.013
 0.012 0.004 0.011 0.006 0.04  0.01  0.015 0.034 0.016 0.026 0.004 0.083
 0.02  0.03  0.019 0.106 0.076 0.07 ]
[[0. 0. 0. 0. 0. 0. 0. 0. 0. 0. 0. 0. 0. 0. 0. 0. 0. 0. 0. 1. 0. 0. 0. 0.
  0. 0. 0. 0. 0. 0.]
 [0. 0. 0. 0. 0. 1. 1. 0. 0. 0. 0. 0. 0. 0. 0. 0. 0. 0. 0. 0. 0. 0. 0. 0.
  0. 0. 0. 0. 0. 0.]
 [0. 0. 0. 0. 0. 0. 0. 0. 0. 0. 0. 0. 0. 0. 0. 0. 0. 0. 0. 0. 0. 0. 0. 0.
  0. 0. 0. 0. 0. 0.]
 [0. 0. 0. 0. 0. 0. 0. 0. 0. 0. 0. 0. 0. 0. 0. 0. 0. 0. 0. 0. 0. 0. 0. 0.
  0. 0. 0. 0. 0. 0.]
 [0. 0. 0. 0. 0. 0. 0. 0. 0. 0. 0. 0. 0. 0. 0. 0. 0. 0. 0. 0. 0. 0. 0. 0.
  0. 0. 0. 0. 0. 0.]
 [0. 0. 0. 0. 0. 0. 0. 0. 0. 0. 0. 0. 0. 0. 0. 0. 0. 0. 0. 1. 0. 0. 0. 0.
  0. 0. 0. 0. 0. 0.]
 [0. 0. 0. 0. 0. 0. 0. 0. 0. 0. 0. 0. 0. 0. 0. 0. 0. 0. 0. 0. 0. 0. 0. 0.
  0. 0. 0. 0. 0. 0.]
 [0. 0. 0. 1. 0. 0. 0. 0. 0. 0. 0. 0. 0. 0. 0. 0. 0. 0. 0. 0. 0. 0. 0. 0.
  0. 0. 0. 0. 0. 0.]
 [0. 0. 0. 0. 0. 0. 0. 0. 0. 0. 0. 0. 0. 0. 0. 0. 0. 0. 1. 1. 0. 0. 1. 0.
  0. 0. 0. 0. 0. 0.]
 [1. 0. 0. 0. 0. 1. 0. 1. 0. 0. 0. 1. 0. 0. 0. 0. 0. 0. 0. 0. 0. 0. 0. 0.
  0. 0. 1. 0. 0. 0.]
 [0. 0. 0. 0. 0. 0. 0. 0. 1. 0. 0. 0. 0. 0. 0. 0. 0. 0. 0. 0. 0. 0. 0. 0.
  0. 0. 0. 1. 0. 0.]
 [0. 0. 1. 0. 0. 0. 0. 0. 0. 0. 0. 0. 0. 0. 0. 0. 0. 0. 0. 0. 0. 0. 0. 0.
  0. 0. 1. 0. 0. 0.]
 [0. 0. 0. 0. 0. 0. 1. 0. 1. 0. 0. 0. 0. 0. 0. 0. 0. 0. 0. 0. 0. 0. 0. 1.
  0. 0. 1. 0. 0. 1.]
 [0. 0. 0. 0. 1. 0. 0. 0. 0. 0. 0. 0. 0. 0. 0. 0. 0. 1. 0. 1. 0. 0. 0. 0.
  0. 0. 1. 0. 0. 0.]
 [0. 0. 0. 0. 0. 0. 0. 0. 0. 0. 0. 1. 0. 0. 0. 0. 0. 0. 0. 0. 0. 0. 0. 1.
  0. 1. 0. 0. 0. 0.]
 [0. 0. 0. 0. 0. 0. 0. 0. 0. 0. 0. 0. 0. 0. 0. 0. 0. 0. 0. 0. 0. 0. 0. 0.
  0. 0. 0. 0. 0. 0.]
 [0. 0. 1. 0. 0. 0. 0. 0. 1. 0. 0. 0. 0. 0. 0. 0. 0. 0. 0. 0. 1. 1. 0. 0.
  0. 0. 0. 0. 0. 0.]
 [0. 0. 0. 0. 1. 0. 0. 1. 0. 0. 0. 0. 0. 0. 0. 0. 0. 0. 0. 0. 0. 0. 0. 0.
  0. 0. 1. 0. 0. 0.]
 [0. 0. 0. 0. 0. 0. 0. 0. 0. 0. 0. 0. 0. 0. 0. 0. 0. 0. 0. 0. 0. 0. 0. 0.
  0. 0. 0. 0. 0. 0.]
 [0. 0. 0. 0. 0. 0. 0. 0. 0. 0. 0. 0. 0. 0. 0. 0. 0. 0. 0. 0. 0. 0. 0. 0.
  0. 0. 0. 0. 0. 0.]
 [0. 0. 0. 0. 0. 1. 0. 0. 1. 0. 0. 0. 0. 0. 0. 0. 0. 0. 0. 0. 0. 0. 0. 0.
  0. 0. 0. 0. 1. 0.]
 [0. 0. 0. 1. 1. 0. 0. 0. 1. 0. 0. 0. 0. 0. 0. 0. 0. 1. 0. 0. 0. 0. 0. 0.
  0. 0. 0. 0. 1. 1.]
 [0. 0. 0. 0. 0. 0. 0. 0. 0. 0. 0. 0. 0. 0. 0. 1. 0. 0. 0. 0. 0. 0. 0. 0.
  0. 0. 0. 0. 0. 0.]
 [0. 0. 0. 1. 0. 0. 0. 0. 0. 0. 0. 0. 0. 0. 0. 0. 0. 0. 1. 0. 0. 0. 1. 0.
  0. 0. 1. 0. 0. 0.]
 [0. 0. 0. 0. 0. 0. 1. 0. 0. 0. 0. 0. 0. 0. 0. 0. 0. 0. 0. 0. 0. 0. 1. 0.
  0. 0. 0. 0. 0. 0.]
 [0. 0. 0. 0. 0. 0. 0. 1. 0. 0. 0. 0. 0. 0. 0. 0. 0. 1. 0. 0. 0. 0. 0. 1.
  0. 0. 0. 0. 1. 0.]
 [0. 0. 0. 0. 0. 0. 0. 0. 0. 0. 0. 0. 0. 0. 0. 1. 0. 0. 0. 0. 0. 0. 0. 0.
  0. 0. 0. 0. 0. 0.]
 [0. 0. 0. 0. 0. 0. 0. 1. 0. 0. 0. 0. 0. 0. 0. 0. 0. 0. 0. 0. 0. 0. 0. 0.
  0. 0. 0. 0. 0. 0.]
 [0. 0. 0. 0. 0. 0. 0. 0. 0. 0. 0. 0. 0. 0. 0. 0. 0. 0. 0. 0. 0. 0. 0. 0.
  0. 0. 0. 0. 0. 0.]
 [0. 0. 0. 0. 0. 1. 0. 0. 0. 0. 0. 0. 0. 0. 0. 0. 0. 0. 1. 0. 0. 0. 0. 0.
  0. 0. 0. 0. 0. 0.]]
[0. 0. 0. 0. 0. 0. 0. 0. 0. 0. 0. 0. 0. 0. 0. 0. 0. 0. 1. 0. 0. 0. 0. 0.
 0. 0. 0. 0. 0. 0. 0. 0. 0. 1. 1. 0. 0. 0. 0. 0. 0. 0. 0. 0. 0. 0. 0. 0.
 0. 0. 0. 0. 0. 0. 0. 0. 0. 0. 0. 0. 0. 0. 0. 0. 0. 0. 0. 0. 0. 0. 0. 0.
 0. 0. 0. 0. 0. 0. 0. 0. 0. 0. 0. 0. 0. 0. 0. 0. 0. 0. 0. 0. 0. 0. 0. 0.
 0. 0. 0. 0. 0. 0. 0. 0. 0. 0. 0. 0. 0. 0. 0. 0. 0. 0. 0. 0. 0. 0. 0. 0.
 0. 0. 0. 0. 0. 0. 0. 0. 0. 0. 0. 0. 0. 0. 0. 0. 0. 0. 0. 0. 0. 0. 0. 0.
 0. 0. 0. 0. 0. 0. 0. 0. 0. 0. 0. 0. 0. 0. 0. 0. 0. 0. 0. 1. 0. 0. 0. 0.
 0. 0. 0. 0. 0. 0. 0. 0. 0. 0. 0. 0. 0. 0. 0. 0. 0. 0. 0. 0. 0. 0. 0. 0.
 0. 0. 0. 0. 0. 0. 0. 0. 0. 0. 0. 0. 0. 0. 1. 0. 0. 0. 0. 0. 0. 0. 0. 0.
 0. 0. 0. 0. 0. 0. 0. 0. 0. 0. 0. 0. 0. 0. 0. 0. 0. 0. 0. 0. 0. 0. 0. 0.
 0. 0. 0. 0. 0. 0. 0. 0. 0. 1. 1. 0. 0. 1. 0. 0. 0. 0. 0. 0. 0. 1. 0. 0.
 0. 0. 1. 0. 1. 0. 0. 1. 0. 0. 0. 0. 0. 0. 0. 0. 0. 0. 0. 0. 0. 0. 1. 0.
 0. 0. 0. 0. 0. 0. 0. 0. 0. 0. 1. 0. 0. 0. 0. 0. 0. 0. 0. 0. 0. 0. 0. 0.
 0. 0. 0. 0. 1. 0. 0. 0. 0. 1. 0. 0. 0. 0. 0. 0. 0. 0. 0. 0. 0. 0. 0. 0.
 0. 0. 0. 0. 0. 0. 0. 0. 1. 0. 0. 0. 0. 0. 0. 0. 0. 0. 1. 0. 1. 0. 0. 0.
 0. 0. 0. 0. 0. 0. 0. 0. 0. 0. 1. 0. 0. 1. 0. 0. 1. 0. 0. 0. 0. 1. 0. 0.
 0. 0. 0. 0. 0. 0. 0. 0. 0. 1. 0. 1. 0. 0. 0. 0. 0. 0. 1. 0. 0. 0. 0. 0.
 0. 0. 0. 0. 0. 0. 0. 0. 0. 1. 0. 0. 0. 0. 0. 0. 0. 0. 0. 0. 1. 0. 1. 0.
 0. 0. 0. 0. 0. 0. 0. 0. 0. 0. 0. 0. 0. 0. 0. 0. 0. 0. 0. 0. 0. 0. 0. 0.
 0. 0. 0. 0. 0. 0. 0. 0. 0. 0. 1. 0. 0. 0. 0. 0. 1. 0. 0. 0. 0. 0. 0. 0.
 0. 0. 0. 1. 1. 0. 0. 0. 0. 0. 0. 0. 0. 0. 0. 0. 0. 1. 0. 0. 1. 0. 0. 0.
 0. 0. 0. 0. 0. 0. 0. 0. 0. 0. 0. 0. 0. 0. 1. 0. 0. 0. 0. 0. 0. 0. 0. 0.
 0. 0. 0. 0. 0. 0. 0. 0. 0. 0. 0. 0. 0. 0. 0. 0. 0. 0. 0. 0. 0. 0. 0. 0.
 0. 0. 0. 0. 0. 0. 0. 0. 0. 0. 0. 0. 0. 0. 0. 0. 0. 0. 0. 0. 0. 0. 0. 0.
 0. 0. 0. 0. 0. 0. 0. 0. 0. 1. 0. 0. 1. 0. 0. 0. 0. 0. 0. 0. 0. 0. 0. 0.
 0. 0. 0. 0. 0. 0. 0. 1. 0. 0. 0. 0. 1. 1. 0. 0. 0. 1. 0. 0. 0. 0. 0. 0.
 0. 0. 1. 0. 0. 0. 0. 0. 0. 0. 0. 0. 1. 1. 0. 0. 0. 0. 0. 0. 0. 0. 0. 0.
 0. 0. 0. 0. 0. 1. 0. 0. 0. 0. 0. 0. 0. 0. 0. 0. 0. 0. 0. 0. 0. 0. 1. 0.
 0. 0. 0. 0. 0. 0. 0. 0. 0. 0. 0. 0. 0. 1. 0. 0. 0. 1. 0. 0. 1. 0. 0. 0.
 0. 0. 0. 0. 0. 0. 1. 0. 0. 0. 0. 0. 0. 0. 0. 0. 0. 0. 0. 0. 0. 0. 1. 0.
 0. 0. 0. 0. 0. 0. 0. 0. 0. 0. 0. 0. 1. 0. 0. 0. 0. 0. 0. 0. 0. 0. 1. 0.
 0. 0. 0. 0. 1. 0. 0. 0. 1. 0. 0. 0. 0. 0. 0. 0. 0. 0. 0. 0. 0. 0. 0. 0.
 0. 1. 0. 0. 0. 0. 0. 0. 0. 0. 0. 0. 0. 0. 0. 0. 0. 0. 0. 0. 0. 0. 1. 0.
 0. 0. 0. 0. 0. 0. 0. 0. 0. 0. 0. 0. 0. 0. 0. 0. 0. 0. 0. 0. 0. 0. 0. 0.
 0. 0. 0. 0. 0. 0. 0. 0. 0. 0. 0. 0. 0. 0. 0. 0. 0. 0. 0. 0. 0. 0. 0. 0.
 0. 0. 0. 0. 0. 0. 1. 0. 0. 0. 0. 0. 0. 0. 0. 0. 0. 0. 0. 1. 0. 0. 0. 0.
 0. 0. 0. 0. 0. 0.]
aucroc, aucpr (0.8661111111111112, 0.6379800509905903)
Iterations 567
Achieves (13.598573656938171, 1e-05)-DP
