samples  5000  graph  30 60 ER mim  minibatch size  100  noise  0.8  minibatches per NN training  63 quantile adaptive clipping
cuda
cuda
iteration 1 in inner loop,alpha 0.0 rho 1.0 h 2.144444827137683
iteration 1 in outer loop, alpha = 2.144444827137683, rho = 1.0, h = 2.144444827137683
cuda
iteration 1 in inner loop,alpha 2.144444827137683 rho 1.0 h 1.3256466874605835
iteration 2 in inner loop,alpha 2.144444827137683 rho 10.0 h 0.5131010328032026
iteration 2 in outer loop, alpha = 7.275455155169709, rho = 10.0, h = 0.5131010328032026
cuda
iteration 1 in inner loop,alpha 7.275455155169709 rho 10.0 h 0.28442514981965417
iteration 2 in inner loop,alpha 7.275455155169709 rho 100.0 h 0.09687583592673477
iteration 3 in outer loop, alpha = 16.963038747843186, rho = 100.0, h = 0.09687583592673477
cuda
iteration 1 in inner loop,alpha 16.963038747843186 rho 100.0 h 0.05565872169768937
iteration 2 in inner loop,alpha 16.963038747843186 rho 1000.0 h 0.017246591836673986
iteration 4 in outer loop, alpha = 34.20963058451717, rho = 1000.0, h = 0.017246591836673986
cuda
iteration 1 in inner loop,alpha 34.20963058451717 rho 1000.0 h 0.007536379858688491
iteration 2 in inner loop,alpha 34.20963058451717 rho 10000.0 h 0.0024562545468960195
iteration 5 in outer loop, alpha = 58.77217605347737, rho = 10000.0, h = 0.0024562545468960195
cuda
iteration 1 in inner loop,alpha 58.77217605347737 rho 10000.0 h 0.001068740046278549
iteration 2 in inner loop,alpha 58.77217605347737 rho 100000.0 h 0.00042809166205515226
iteration 6 in outer loop, alpha = 101.58134225899259, rho = 100000.0, h = 0.00042809166205515226
cuda
iteration 1 in inner loop,alpha 101.58134225899259 rho 100000.0 h 0.00023189442645232816
iteration 7 in outer loop, alpha = 333.47576871132077, rho = 1000000.0, h = 0.00023189442645232816
Threshold 0.3
[[0.    0.    0.102 0.046 0.058 0.002 0.114 0.022 0.057 0.348 0.    0.05
  0.    0.    0.    0.027 0.    0.049 0.055 0.88  0.043 0.001 0.151 0.024
  0.    0.034 0.016 0.018 0.022 0.022]
 [0.    0.    0.017 0.004 0.012 0.681 1.88  0.085 0.113 0.003 0.    0.033
  0.    0.    0.    0.058 0.    0.072 0.028 0.051 0.005 0.    0.102 0.054
  0.    0.013 0.    0.081 0.085 0.03 ]
 [0.    0.    0.004 0.009 0.107 0.    0.069 0.049 0.001 0.    0.    0.
  0.    0.    0.    0.005 0.    0.014 0.058 0.122 0.001 0.    0.01  0.021
  0.    0.    0.018 0.013 0.023 0.008]
 [0.    0.    0.006 0.002 0.02  0.003 0.019 0.    0.    0.    0.    0.001
  0.    0.    0.    0.002 0.    0.    0.001 0.053 0.    0.    0.001 0.001
  0.    0.    0.    0.    0.059 0.   ]
 [0.    0.    0.003 0.006 0.003 0.003 0.012 0.012 0.001 0.    0.    0.
  0.    0.    0.    0.001 0.    0.001 0.001 0.163 0.    0.    0.007 0.001
  0.    0.    0.001 0.009 0.013 0.001]
 [0.    0.    0.052 0.041 0.016 0.003 0.049 0.042 0.085 0.    0.    0.063
  0.    0.    0.    0.003 0.    0.006 0.004 0.831 0.001 0.    0.03  0.009
  0.    0.001 0.009 0.003 0.003 0.001]
 [0.    0.    0.011 0.029 0.026 0.    0.003 0.02  0.006 0.    0.    0.001
  0.    0.    0.    0.017 0.    0.01  0.008 0.093 0.    0.    0.094 0.047
  0.    0.    0.004 0.009 0.021 0.002]
 [0.    0.    0.009 1.484 0.009 0.014 0.027 0.003 0.001 0.    0.    0.001
  0.    0.    0.    0.003 0.    0.    0.001 0.009 0.001 0.    0.005 0.001
  0.    0.    0.001 0.    0.043 0.002]
 [0.    0.    0.051 0.002 0.042 0.005 0.041 0.058 0.003 0.001 0.    0.058
  0.    0.    0.    0.087 0.    0.047 0.755 1.09  0.    0.001 1.707 0.064
  0.    0.003 0.052 0.001 0.055 0.008]
 [0.    0.    0.126 0.141 0.029 1.135 0.056 0.638 0.091 0.    0.    2.438
  0.    0.    0.    0.248 0.    0.177 0.025 0.098 0.008 0.001 0.061 0.005
  0.    0.013 0.573 0.021 0.01  0.025]
 [0.    0.    0.029 0.187 0.033 0.015 0.091 0.079 0.901 0.017 0.    0.037
  0.    0.    0.022 0.027 0.    0.057 0.064 0.104 0.05  0.012 0.03  0.068
  0.    0.038 0.09  4.127 0.041 0.013]
 [0.    0.    4.285 0.008 0.03  0.011 0.019 0.056 0.013 0.    0.    0.002
  0.    0.    0.    0.122 0.    0.087 0.033 0.15  0.002 0.    0.005 0.063
  0.    0.    0.406 0.024 0.029 0.012]
 [0.    0.    0.    0.052 0.048 0.008 1.879 0.013 1.182 0.02  0.    0.053
  0.    0.    0.    0.118 0.    0.097 0.001 0.    0.022 0.022 0.082 0.316
  0.    0.038 0.444 0.038 0.02  3.057]
 [0.    0.    0.082 0.001 1.228 0.044 0.024 0.127 0.065 0.    0.    0.071
  0.    0.    0.001 0.107 0.    0.914 0.031 1.34  0.019 0.    0.043 0.038
  0.    0.005 0.132 0.068 0.009 0.   ]
 [0.    0.    0.032 0.057 0.061 0.059 0.038 0.102 0.048 0.    0.    1.712
  0.    0.    0.    0.012 0.    0.181 0.022 0.002 0.014 0.011 0.111 0.749
  0.    3.167 0.    0.013 0.122 0.056]
 [0.    0.    0.047 0.003 0.071 0.03  0.019 0.055 0.014 0.001 0.    0.005
  0.    0.    0.    0.004 0.    0.087 0.01  0.026 0.003 0.002 0.454 0.013
  0.    0.006 0.741 0.005 0.008 0.074]
 [0.    0.    2.538 0.093 0.088 0.019 0.034 0.012 0.457 0.    0.    0.002
  0.    0.    0.    0.013 0.    0.119 0.003 0.035 2.84  0.4   0.124 0.016
  0.    0.001 0.047 0.051 0.074 0.043]
 [0.    0.    0.014 0.06  1.534 0.087 0.014 1.119 0.001 0.    0.    0.
  0.    0.    0.    0.004 0.    0.004 0.003 0.095 0.002 0.    0.017 0.001
  0.    0.001 0.003 0.011 0.207 0.001]
 [0.    0.    0.007 0.026 0.021 0.008 0.005 0.036 0.001 0.    0.    0.
  0.    0.    0.    0.001 0.    0.135 0.002 0.01  0.    0.    0.018 0.001
  0.    0.    0.01  0.006 0.035 0.001]
 [0.    0.    0.004 0.003 0.001 0.001 0.007 0.    0.001 0.    0.    0.001
  0.    0.    0.    0.022 0.    0.001 0.013 0.003 0.    0.    0.072 0.009
  0.    0.    0.006 0.003 0.009 0.001]
 [0.    0.    0.037 0.    0.004 0.841 0.014 0.031 1.734 0.    0.    0.063
  0.    0.    0.    0.013 0.    0.075 0.024 0.082 0.002 0.001 0.001 0.033
  0.    0.018 0.009 0.012 2.129 0.036]
 [0.    0.    0.045 1.34  1.123 0.024 0.052 0.12  0.239 0.    0.    0.042
  0.    0.    0.    0.055 0.    0.696 0.07  0.067 0.332 0.001 0.103 0.2
  0.    0.027 0.232 0.049 1.58  2.034]
 [0.    0.    0.001 0.122 0.056 0.002 0.002 0.102 0.    0.    0.    0.002
  0.    0.    0.    0.005 0.    0.008 0.026 0.    0.    0.    0.003 0.
  0.    0.    0.157 0.    0.005 0.   ]
 [0.    0.    0.005 0.618 0.001 0.023 0.01  0.086 0.012 0.    0.    0.004
  0.    0.    0.    0.024 0.    0.127 1.184 0.025 0.005 0.    2.429 0.003
  0.    0.    0.365 0.004 0.177 0.   ]
 [0.    0.    0.058 0.077 0.016 0.099 1.495 0.025 0.005 0.034 0.    0.016
  0.    0.    0.    0.082 0.    0.058 0.063 0.059 0.039 0.069 1.719 0.04
  0.    0.036 0.076 0.061 0.009 0.053]
 [0.    0.    0.047 0.062 0.179 0.042 0.007 2.524 0.041 0.    0.    0.307
  0.    0.    0.    0.146 0.    1.161 0.071 0.036 0.003 0.    0.168 1.567
  0.    0.002 0.205 0.029 2.218 0.069]
 [0.    0.    0.04  0.01  0.179 0.022 0.032 0.066 0.002 0.    0.    0.002
  0.    0.    0.    0.003 0.    0.61  0.056 0.03  0.001 0.001 0.013 0.003
  0.    0.    0.004 0.01  0.043 0.002]
 [0.    0.    0.036 0.088 0.    0.035 0.029 1.362 0.164 0.001 0.    0.007
  0.    0.    0.    0.02  0.    0.033 0.04  0.055 0.043 0.005 0.011 0.02
  0.    0.014 0.    0.003 0.024 0.013]
 [0.    0.    0.036 0.003 0.051 0.111 0.015 0.006 0.014 0.    0.    0.002
  0.    0.    0.    0.021 0.    0.002 0.009 0.059 0.    0.    0.047 0.001
  0.    0.    0.    0.    0.002 0.002]
 [0.    0.    0.029 0.081 0.062 0.619 0.202 0.047 0.036 0.001 0.    0.019
  0.    0.    0.    0.002 0.    0.193 1.026 0.036 0.007 0.    0.054 0.383
  0.    0.    0.041 0.016 0.069 0.002]]
[[0.    0.    0.    0.    0.    0.    0.    0.    0.    0.348 0.    0.
  0.    0.    0.    0.    0.    0.    0.    0.88  0.    0.    0.    0.
  0.    0.    0.    0.    0.    0.   ]
 [0.    0.    0.    0.    0.    0.681 1.88  0.    0.    0.    0.    0.
  0.    0.    0.    0.    0.    0.    0.    0.    0.    0.    0.    0.
  0.    0.    0.    0.    0.    0.   ]
 [0.    0.    0.    0.    0.    0.    0.    0.    0.    0.    0.    0.
  0.    0.    0.    0.    0.    0.    0.    0.    0.    0.    0.    0.
  0.    0.    0.    0.    0.    0.   ]
 [0.    0.    0.    0.    0.    0.    0.    0.    0.    0.    0.    0.
  0.    0.    0.    0.    0.    0.    0.    0.    0.    0.    0.    0.
  0.    0.    0.    0.    0.    0.   ]
 [0.    0.    0.    0.    0.    0.    0.    0.    0.    0.    0.    0.
  0.    0.    0.    0.    0.    0.    0.    0.    0.    0.    0.    0.
  0.    0.    0.    0.    0.    0.   ]
 [0.    0.    0.    0.    0.    0.    0.    0.    0.    0.    0.    0.
  0.    0.    0.    0.    0.    0.    0.    0.831 0.    0.    0.    0.
  0.    0.    0.    0.    0.    0.   ]
 [0.    0.    0.    0.    0.    0.    0.    0.    0.    0.    0.    0.
  0.    0.    0.    0.    0.    0.    0.    0.    0.    0.    0.    0.
  0.    0.    0.    0.    0.    0.   ]
 [0.    0.    0.    1.484 0.    0.    0.    0.    0.    0.    0.    0.
  0.    0.    0.    0.    0.    0.    0.    0.    0.    0.    0.    0.
  0.    0.    0.    0.    0.    0.   ]
 [0.    0.    0.    0.    0.    0.    0.    0.    0.    0.    0.    0.
  0.    0.    0.    0.    0.    0.    0.755 1.09  0.    0.    1.707 0.
  0.    0.    0.    0.    0.    0.   ]
 [0.    0.    0.    0.    0.    1.135 0.    0.638 0.    0.    0.    2.438
  0.    0.    0.    0.    0.    0.    0.    0.    0.    0.    0.    0.
  0.    0.    0.573 0.    0.    0.   ]
 [0.    0.    0.    0.    0.    0.    0.    0.    0.901 0.    0.    0.
  0.    0.    0.    0.    0.    0.    0.    0.    0.    0.    0.    0.
  0.    0.    0.    4.127 0.    0.   ]
 [0.    0.    4.285 0.    0.    0.    0.    0.    0.    0.    0.    0.
  0.    0.    0.    0.    0.    0.    0.    0.    0.    0.    0.    0.
  0.    0.    0.406 0.    0.    0.   ]
 [0.    0.    0.    0.    0.    0.    1.879 0.    1.182 0.    0.    0.
  0.    0.    0.    0.    0.    0.    0.    0.    0.    0.    0.    0.316
  0.    0.    0.444 0.    0.    3.057]
 [0.    0.    0.    0.    1.228 0.    0.    0.    0.    0.    0.    0.
  0.    0.    0.    0.    0.    0.914 0.    1.34  0.    0.    0.    0.
  0.    0.    0.    0.    0.    0.   ]
 [0.    0.    0.    0.    0.    0.    0.    0.    0.    0.    0.    1.712
  0.    0.    0.    0.    0.    0.    0.    0.    0.    0.    0.    0.749
  0.    3.167 0.    0.    0.    0.   ]
 [0.    0.    0.    0.    0.    0.    0.    0.    0.    0.    0.    0.
  0.    0.    0.    0.    0.    0.    0.    0.    0.    0.    0.454 0.
  0.    0.    0.741 0.    0.    0.   ]
 [0.    0.    2.538 0.    0.    0.    0.    0.    0.457 0.    0.    0.
  0.    0.    0.    0.    0.    0.    0.    0.    2.84  0.4   0.    0.
  0.    0.    0.    0.    0.    0.   ]
 [0.    0.    0.    0.    1.534 0.    0.    1.119 0.    0.    0.    0.
  0.    0.    0.    0.    0.    0.    0.    0.    0.    0.    0.    0.
  0.    0.    0.    0.    0.    0.   ]
 [0.    0.    0.    0.    0.    0.    0.    0.    0.    0.    0.    0.
  0.    0.    0.    0.    0.    0.    0.    0.    0.    0.    0.    0.
  0.    0.    0.    0.    0.    0.   ]
 [0.    0.    0.    0.    0.    0.    0.    0.    0.    0.    0.    0.
  0.    0.    0.    0.    0.    0.    0.    0.    0.    0.    0.    0.
  0.    0.    0.    0.    0.    0.   ]
 [0.    0.    0.    0.    0.    0.841 0.    0.    1.734 0.    0.    0.
  0.    0.    0.    0.    0.    0.    0.    0.    0.    0.    0.    0.
  0.    0.    0.    0.    2.129 0.   ]
 [0.    0.    0.    1.34  1.123 0.    0.    0.    0.    0.    0.    0.
  0.    0.    0.    0.    0.    0.696 0.    0.    0.332 0.    0.    0.
  0.    0.    0.    0.    1.58  2.034]
 [0.    0.    0.    0.    0.    0.    0.    0.    0.    0.    0.    0.
  0.    0.    0.    0.    0.    0.    0.    0.    0.    0.    0.    0.
  0.    0.    0.    0.    0.    0.   ]
 [0.    0.    0.    0.618 0.    0.    0.    0.    0.    0.    0.    0.
  0.    0.    0.    0.    0.    0.    1.184 0.    0.    0.    2.429 0.
  0.    0.    0.365 0.    0.    0.   ]
 [0.    0.    0.    0.    0.    0.    1.495 0.    0.    0.    0.    0.
  0.    0.    0.    0.    0.    0.    0.    0.    0.    0.    1.719 0.
  0.    0.    0.    0.    0.    0.   ]
 [0.    0.    0.    0.    0.    0.    0.    2.524 0.    0.    0.    0.307
  0.    0.    0.    0.    0.    1.161 0.    0.    0.    0.    0.    1.567
  0.    0.    0.    0.    2.218 0.   ]
 [0.    0.    0.    0.    0.    0.    0.    0.    0.    0.    0.    0.
  0.    0.    0.    0.    0.    0.61  0.    0.    0.    0.    0.    0.
  0.    0.    0.    0.    0.    0.   ]
 [0.    0.    0.    0.    0.    0.    0.    1.362 0.    0.    0.    0.
  0.    0.    0.    0.    0.    0.    0.    0.    0.    0.    0.    0.
  0.    0.    0.    0.    0.    0.   ]
 [0.    0.    0.    0.    0.    0.    0.    0.    0.    0.    0.    0.
  0.    0.    0.    0.    0.    0.    0.    0.    0.    0.    0.    0.
  0.    0.    0.    0.    0.    0.   ]
 [0.    0.    0.    0.    0.    0.619 0.    0.    0.    0.    0.    0.
  0.    0.    0.    0.    0.    0.    1.026 0.    0.    0.    0.    0.383
  0.    0.    0.    0.    0.    0.   ]]
{'fdr': 0.11475409836065574, 'tpr': 0.9, 'fpr': 0.018666666666666668, 'f1': 0.8925619834710743, 'shd': 9, 'npred': 61, 'ntrue': 60}
[7.237e-05 1.024e-01 4.583e-02 5.757e-02 1.925e-03 1.140e-01 2.163e-02
 5.686e-02 3.479e-01 1.947e-04 4.995e-02 5.718e-05 1.691e-05 5.629e-05
 2.710e-02 6.660e-05 4.924e-02 5.494e-02 8.796e-01 4.345e-02 1.047e-03
 1.514e-01 2.396e-02 6.020e-05 3.432e-02 1.556e-02 1.761e-02 2.218e-02
 2.157e-02 9.205e-05 1.703e-02 3.796e-03 1.152e-02 6.815e-01 1.880e+00
 8.539e-02 1.127e-01 2.623e-03 1.233e-04 3.336e-02 3.887e-05 2.344e-05
 9.189e-05 5.752e-02 7.178e-05 7.195e-02 2.764e-02 5.144e-02 4.503e-03
 5.682e-05 1.024e-01 5.420e-02 2.733e-05 1.290e-02 7.770e-05 8.125e-02
 8.501e-02 2.985e-02 1.172e-05 3.657e-05 8.890e-03 1.070e-01 8.845e-05
 6.870e-02 4.920e-02 1.082e-03 6.081e-06 2.492e-05 5.914e-05 3.510e-05
 3.123e-05 7.570e-07 5.188e-03 1.440e-05 1.435e-02 5.816e-02 1.225e-01
 7.290e-04 1.768e-04 1.006e-02 2.058e-02 3.232e-05 7.212e-05 1.793e-02
 1.327e-02 2.257e-02 7.599e-03 1.708e-05 1.904e-05 6.052e-03 2.041e-02
 2.740e-03 1.884e-02 4.560e-04 3.388e-04 9.373e-05 3.943e-06 7.598e-04
 1.910e-05 1.317e-05 1.178e-06 1.821e-03 3.788e-05 7.242e-05 9.424e-04
 5.332e-02 2.699e-04 1.111e-04 1.196e-03 1.126e-03 2.603e-05 1.749e-05
 1.069e-04 5.837e-05 5.909e-02 4.355e-04 1.520e-05 1.313e-04 2.569e-03
 5.684e-03 2.854e-03 1.238e-02 1.173e-02 1.440e-03 2.902e-05 2.802e-05
 2.932e-04 2.938e-05 2.022e-05 2.109e-05 7.137e-04 5.358e-05 6.814e-04
 9.986e-04 1.633e-01 7.208e-05 8.793e-05 7.488e-03 1.273e-03 2.168e-05
 1.563e-04 1.191e-03 9.244e-03 1.254e-02 1.116e-03 2.487e-05 5.191e-05
 5.164e-02 4.116e-02 1.619e-02 4.857e-02 4.190e-02 8.542e-02 1.351e-04
 1.925e-05 6.251e-02 1.082e-05 1.054e-04 1.233e-05 2.819e-03 1.050e-05
 6.349e-03 4.335e-03 8.312e-01 6.183e-04 1.367e-04 2.985e-02 9.070e-03
 1.989e-05 5.615e-04 9.406e-03 3.298e-03 3.182e-03 1.149e-03 2.635e-05
 2.641e-05 1.051e-02 2.917e-02 2.551e-02 3.625e-04 2.018e-02 5.523e-03
 1.145e-04 3.101e-05 5.309e-04 2.414e-05 5.477e-05 3.468e-05 1.708e-02
 5.596e-05 9.565e-03 7.519e-03 9.253e-02 1.112e-04 8.787e-05 9.352e-02
 4.685e-02 6.216e-06 2.099e-04 4.052e-03 9.402e-03 2.138e-02 2.056e-03
 7.941e-05 2.460e-05 9.343e-03 1.484e+00 8.794e-03 1.443e-02 2.713e-02
 5.598e-04 1.161e-04 5.285e-07 1.317e-03 2.199e-05 6.898e-05 3.357e-06
 3.117e-03 2.963e-05 3.615e-04 8.260e-04 8.794e-03 7.262e-04 2.089e-04
 5.392e-03 5.256e-04 5.584e-05 1.083e-04 9.161e-04 3.195e-04 4.279e-02
 1.827e-03 1.713e-05 8.810e-06 5.145e-02 1.777e-03 4.169e-02 5.232e-03
 4.092e-02 5.821e-02 8.419e-04 1.534e-05 5.838e-02 4.008e-06 1.842e-05
 2.891e-05 8.713e-02 7.269e-06 4.654e-02 7.553e-01 1.090e+00 2.312e-04
 5.692e-04 1.707e+00 6.439e-02 4.487e-05 2.584e-03 5.194e-02 1.435e-03
 5.466e-02 8.407e-03 4.025e-05 8.624e-05 1.265e-01 1.413e-01 2.934e-02
 1.135e+00 5.563e-02 6.379e-01 9.109e-02 8.686e-05 2.438e+00 6.876e-05
 6.761e-05 4.257e-05 2.476e-01 6.269e-05 1.770e-01 2.478e-02 9.845e-02
 8.329e-03 5.274e-04 6.079e-02 4.633e-03 3.000e-05 1.323e-02 5.726e-01
 2.083e-02 9.853e-03 2.477e-02 4.215e-05 1.769e-05 2.916e-02 1.875e-01
 3.274e-02 1.537e-02 9.057e-02 7.921e-02 9.007e-01 1.673e-02 3.696e-02
 9.096e-05 7.374e-05 2.214e-02 2.713e-02 9.999e-05 5.684e-02 6.420e-02
 1.036e-01 4.968e-02 1.208e-02 3.027e-02 6.833e-02 9.232e-05 3.767e-02
 8.976e-02 4.127e+00 4.099e-02 1.343e-02 1.851e-05 1.492e-05 4.285e+00
 8.390e-03 2.954e-02 1.075e-02 1.936e-02 5.609e-02 1.276e-02 3.063e-05
 2.370e-05 2.361e-05 6.581e-05 2.550e-05 1.221e-01 1.176e-04 8.749e-02
 3.300e-02 1.505e-01 1.816e-03 2.286e-04 4.823e-03 6.258e-02 2.063e-05
 2.239e-04 4.063e-01 2.395e-02 2.884e-02 1.213e-02 5.107e-05 7.409e-05
 9.731e-05 5.247e-02 4.799e-02 7.904e-03 1.879e+00 1.311e-02 1.182e+00
 2.007e-02 8.267e-05 5.257e-02 7.724e-05 9.120e-05 1.180e-01 2.790e-05
 9.737e-02 7.802e-04 1.510e-04 2.208e-02 2.226e-02 8.215e-02 3.164e-01
 1.036e-04 3.760e-02 4.440e-01 3.850e-02 2.016e-02 3.057e+00 9.002e-05
 6.793e-05 8.228e-02 1.222e-03 1.228e+00 4.358e-02 2.358e-02 1.268e-01
 6.491e-02 1.259e-04 9.078e-05 7.096e-02 6.858e-05 1.191e-03 1.071e-01
 8.133e-05 9.142e-01 3.054e-02 1.340e+00 1.934e-02 7.237e-05 4.300e-02
 3.846e-02 4.360e-05 4.778e-03 1.320e-01 6.785e-02 8.818e-03 3.501e-04
 6.775e-05 1.508e-04 3.235e-02 5.720e-02 6.078e-02 5.929e-02 3.849e-02
 1.019e-01 4.842e-02 1.317e-04 4.290e-05 1.712e+00 9.505e-05 8.417e-05
 1.194e-02 7.664e-05 1.811e-01 2.165e-02 2.132e-03 1.389e-02 1.130e-02
 1.109e-01 7.489e-01 6.294e-05 3.167e+00 7.355e-05 1.325e-02 1.216e-01
 5.648e-02 3.494e-05 2.237e-05 4.704e-02 3.228e-03 7.083e-02 3.017e-02
 1.896e-02 5.544e-02 1.448e-02 5.591e-04 3.547e-05 4.824e-03 2.323e-05
 1.113e-04 3.676e-05 8.825e-05 8.668e-02 9.850e-03 2.606e-02 3.477e-03
 1.551e-03 4.542e-01 1.333e-02 9.993e-05 6.427e-03 7.409e-01 4.714e-03
 8.004e-03 7.389e-02 4.634e-05 7.277e-05 2.538e+00 9.311e-02 8.817e-02
 1.894e-02 3.390e-02 1.250e-02 4.569e-01 8.495e-05 7.242e-05 1.970e-03
 8.948e-05 3.851e-05 3.369e-05 1.268e-02 1.189e-01 2.794e-03 3.463e-02
 2.840e+00 3.995e-01 1.244e-01 1.604e-02 8.557e-05 9.084e-04 4.664e-02
 5.050e-02 7.374e-02 4.266e-02 2.842e-05 8.120e-05 1.380e-02 5.961e-02
 1.534e+00 8.702e-02 1.449e-02 1.119e+00 1.416e-03 1.284e-05 3.863e-05
 3.404e-04 1.066e-04 4.833e-05 2.528e-05 3.979e-03 2.682e-05 2.629e-03
 9.534e-02 2.150e-03 3.780e-04 1.693e-02 7.867e-04 1.037e-04 5.769e-04
 3.465e-03 1.091e-02 2.071e-01 1.327e-03 2.650e-05 5.139e-05 6.744e-03
 2.576e-02 2.079e-02 7.647e-03 4.819e-03 3.599e-02 9.955e-04 1.172e-04
 8.591e-05 1.224e-04 1.634e-05 1.729e-05 2.808e-05 6.476e-04 1.135e-05
 1.350e-01 1.021e-02 1.859e-04 6.251e-05 1.807e-02 7.025e-04 1.331e-05
 1.737e-04 1.022e-02 6.098e-03 3.486e-02 5.514e-04 5.518e-05 2.127e-05
 4.215e-03 3.211e-03 6.797e-04 9.316e-04 6.821e-03 4.122e-05 6.959e-04
 5.673e-05 7.490e-05 5.018e-04 1.870e-05 1.542e-05 1.557e-04 2.215e-02
 1.711e-05 9.023e-04 1.316e-02 1.465e-04 1.684e-04 7.236e-02 9.237e-03
 1.010e-05 4.089e-04 5.848e-03 2.769e-03 8.629e-03 9.340e-04 5.803e-05
 8.189e-05 3.718e-02 1.726e-04 4.338e-03 8.408e-01 1.419e-02 3.107e-02
 1.734e+00 2.101e-04 3.020e-05 6.276e-02 5.791e-05 5.556e-05 9.830e-05
 1.322e-02 7.390e-06 7.471e-02 2.393e-02 8.186e-02 1.477e-03 1.144e-03
 3.261e-02 5.484e-05 1.831e-02 8.718e-03 1.215e-02 2.129e+00 3.648e-02
 4.311e-05 6.840e-05 4.545e-02 1.340e+00 1.123e+00 2.417e-02 5.159e-02
 1.203e-01 2.392e-01 7.466e-05 5.688e-05 4.185e-02 6.266e-05 5.422e-05
 5.919e-05 5.472e-02 2.820e-05 6.962e-01 6.958e-02 6.747e-02 3.316e-01
 1.027e-01 1.999e-01 9.212e-06 2.743e-02 2.319e-01 4.916e-02 1.580e+00
 2.034e+00 5.707e-05 3.299e-05 9.820e-04 1.218e-01 5.616e-02 1.940e-03
 1.624e-03 1.022e-01 2.283e-04 2.619e-04 7.253e-06 2.045e-03 2.269e-05
 3.844e-05 1.717e-06 4.896e-03 5.006e-06 8.196e-03 2.631e-02 4.739e-04
 4.418e-05 5.582e-05 2.067e-04 6.835e-06 7.092e-05 1.571e-01 4.443e-04
 5.435e-03 6.714e-05 1.560e-05 8.622e-05 4.820e-03 6.178e-01 7.073e-04
 2.276e-02 1.049e-02 8.595e-02 1.180e-02 2.313e-04 2.999e-05 4.401e-03
 5.145e-05 7.508e-05 7.517e-06 2.353e-02 1.234e-04 1.269e-01 1.184e+00
 2.459e-02 5.211e-03 3.648e-05 2.429e+00 2.679e-05 3.202e-04 3.648e-01
 3.778e-03 1.773e-01 4.302e-04 7.522e-05 1.031e-04 5.800e-02 7.681e-02
 1.643e-02 9.902e-02 1.495e+00 2.550e-02 4.819e-03 3.357e-02 7.825e-05
 1.616e-02 7.336e-05 8.949e-05 3.153e-04 8.163e-02 1.917e-05 5.761e-02
 6.341e-02 5.928e-02 3.876e-02 6.934e-02 1.719e+00 3.953e-02 3.554e-02
 7.571e-02 6.107e-02 8.694e-03 5.299e-02 9.606e-05 7.078e-05 4.667e-02
 6.233e-02 1.791e-01 4.186e-02 6.529e-03 2.524e+00 4.088e-02 3.407e-04
 9.842e-05 3.068e-01 6.983e-05 7.813e-05 1.134e-05 1.457e-01 1.536e-05
 1.161e+00 7.087e-02 3.625e-02 3.162e-03 3.429e-04 1.677e-01 1.567e+00
 9.273e-05 2.054e-01 2.929e-02 2.218e+00 6.947e-02 5.213e-05 5.192e-05
 4.041e-02 9.789e-03 1.793e-01 2.207e-02 3.182e-02 6.621e-02 2.309e-03
 2.252e-04 2.298e-05 2.377e-03 7.477e-05 4.433e-05 1.921e-05 2.658e-03
 3.700e-05 6.096e-01 5.632e-02 2.951e-02 7.372e-04 9.651e-04 1.293e-02
 3.120e-03 2.319e-05 3.688e-04 9.504e-03 4.288e-02 2.130e-03 6.909e-05
 2.176e-05 3.620e-02 8.809e-02 2.087e-04 3.454e-02 2.931e-02 1.362e+00
 1.638e-01 6.210e-04 3.691e-07 6.591e-03 1.734e-05 7.213e-05 1.359e-05
 1.990e-02 1.690e-04 3.309e-02 3.981e-02 5.460e-02 4.270e-02 4.937e-03
 1.077e-02 1.986e-02 9.775e-05 1.415e-02 1.435e-04 2.367e-02 1.334e-02
 6.341e-05 5.163e-05 3.577e-02 2.750e-03 5.117e-02 1.109e-01 1.542e-02
 5.684e-03 1.372e-02 5.717e-05 1.575e-05 1.701e-03 3.080e-05 3.174e-05
 1.820e-06 2.084e-02 1.093e-06 2.016e-03 8.813e-03 5.898e-02 1.081e-04
 9.455e-05 4.720e-02 1.345e-03 2.232e-05 1.590e-04 1.387e-04 9.721e-05
 1.736e-03 7.565e-05 2.586e-05 2.928e-02 8.079e-02 6.188e-02 6.194e-01
 2.019e-01 4.712e-02 3.628e-02 1.351e-03 2.169e-05 1.852e-02 3.512e-06
 9.410e-05 5.903e-05 1.527e-03 1.452e-04 1.929e-01 1.026e+00 3.594e-02
 6.777e-03 8.574e-05 5.358e-02 3.831e-01 1.026e-05 3.407e-04 4.061e-02
 1.557e-02 6.858e-02]
[[0. 0. 0. 0. 0. 0. 0. 0. 0. 0. 0. 0. 0. 0. 0. 0. 0. 0. 0. 1. 0. 0. 0. 0.
  0. 0. 0. 0. 0. 0.]
 [0. 0. 0. 0. 0. 1. 1. 0. 0. 0. 0. 0. 0. 0. 0. 0. 0. 0. 0. 0. 0. 0. 0. 0.
  0. 0. 0. 0. 0. 0.]
 [0. 0. 0. 0. 0. 0. 0. 0. 0. 0. 0. 0. 0. 0. 0. 0. 0. 0. 0. 0. 0. 0. 0. 0.
  0. 0. 0. 0. 0. 0.]
 [0. 0. 0. 0. 0. 0. 0. 0. 0. 0. 0. 0. 0. 0. 0. 0. 0. 0. 0. 0. 0. 0. 0. 0.
  0. 0. 0. 0. 0. 0.]
 [0. 0. 0. 0. 0. 0. 0. 0. 0. 0. 0. 0. 0. 0. 0. 0. 0. 0. 0. 0. 0. 0. 0. 0.
  0. 0. 0. 0. 0. 0.]
 [0. 0. 0. 0. 0. 0. 0. 0. 0. 0. 0. 0. 0. 0. 0. 0. 0. 0. 0. 1. 0. 0. 0. 0.
  0. 0. 0. 0. 0. 0.]
 [0. 0. 0. 0. 0. 0. 0. 0. 0. 0. 0. 0. 0. 0. 0. 0. 0. 0. 0. 0. 0. 0. 0. 0.
  0. 0. 0. 0. 0. 0.]
 [0. 0. 0. 1. 0. 0. 0. 0. 0. 0. 0. 0. 0. 0. 0. 0. 0. 0. 0. 0. 0. 0. 0. 0.
  0. 0. 0. 0. 0. 0.]
 [0. 0. 0. 0. 0. 0. 0. 0. 0. 0. 0. 0. 0. 0. 0. 0. 0. 0. 1. 1. 0. 0. 1. 0.
  0. 0. 0. 0. 0. 0.]
 [1. 0. 0. 0. 0. 1. 0. 1. 0. 0. 0. 1. 0. 0. 0. 0. 0. 0. 0. 0. 0. 0. 0. 0.
  0. 0. 1. 0. 0. 0.]
 [0. 0. 0. 0. 0. 0. 0. 0. 1. 0. 0. 0. 0. 0. 0. 0. 0. 0. 0. 0. 0. 0. 0. 0.
  0. 0. 0. 1. 0. 0.]
 [0. 0. 1. 0. 0. 0. 0. 0. 0. 0. 0. 0. 0. 0. 0. 0. 0. 0. 0. 0. 0. 0. 0. 0.
  0. 0. 1. 0. 0. 0.]
 [0. 0. 0. 0. 0. 0. 1. 0. 1. 0. 0. 0. 0. 0. 0. 0. 0. 0. 0. 0. 0. 0. 0. 1.
  0. 0. 1. 0. 0. 1.]
 [0. 0. 0. 0. 1. 0. 0. 0. 0. 0. 0. 0. 0. 0. 0. 0. 0. 1. 0. 1. 0. 0. 0. 0.
  0. 0. 1. 0. 0. 0.]
 [0. 0. 0. 0. 0. 0. 0. 0. 0. 0. 0. 1. 0. 0. 0. 0. 0. 0. 0. 0. 0. 0. 0. 1.
  0. 1. 0. 0. 0. 0.]
 [0. 0. 0. 0. 0. 0. 0. 0. 0. 0. 0. 0. 0. 0. 0. 0. 0. 0. 0. 0. 0. 0. 0. 0.
  0. 0. 0. 0. 0. 0.]
 [0. 0. 1. 0. 0. 0. 0. 0. 1. 0. 0. 0. 0. 0. 0. 0. 0. 0. 0. 0. 1. 1. 0. 0.
  0. 0. 0. 0. 0. 0.]
 [0. 0. 0. 0. 1. 0. 0. 1. 0. 0. 0. 0. 0. 0. 0. 0. 0. 0. 0. 0. 0. 0. 0. 0.
  0. 0. 1. 0. 0. 0.]
 [0. 0. 0. 0. 0. 0. 0. 0. 0. 0. 0. 0. 0. 0. 0. 0. 0. 0. 0. 0. 0. 0. 0. 0.
  0. 0. 0. 0. 0. 0.]
 [0. 0. 0. 0. 0. 0. 0. 0. 0. 0. 0. 0. 0. 0. 0. 0. 0. 0. 0. 0. 0. 0. 0. 0.
  0. 0. 0. 0. 0. 0.]
 [0. 0. 0. 0. 0. 1. 0. 0. 1. 0. 0. 0. 0. 0. 0. 0. 0. 0. 0. 0. 0. 0. 0. 0.
  0. 0. 0. 0. 1. 0.]
 [0. 0. 0. 1. 1. 0. 0. 0. 1. 0. 0. 0. 0. 0. 0. 0. 0. 1. 0. 0. 0. 0. 0. 0.
  0. 0. 0. 0. 1. 1.]
 [0. 0. 0. 0. 0. 0. 0. 0. 0. 0. 0. 0. 0. 0. 0. 1. 0. 0. 0. 0. 0. 0. 0. 0.
  0. 0. 0. 0. 0. 0.]
 [0. 0. 0. 1. 0. 0. 0. 0. 0. 0. 0. 0. 0. 0. 0. 0. 0. 0. 1. 0. 0. 0. 1. 0.
  0. 0. 1. 0. 0. 0.]
 [0. 0. 0. 0. 0. 0. 1. 0. 0. 0. 0. 0. 0. 0. 0. 0. 0. 0. 0. 0. 0. 0. 1. 0.
  0. 0. 0. 0. 0. 0.]
 [0. 0. 0. 0. 0. 0. 0. 1. 0. 0. 0. 0. 0. 0. 0. 0. 0. 1. 0. 0. 0. 0. 0. 1.
  0. 0. 0. 0. 1. 0.]
 [0. 0. 0. 0. 0. 0. 0. 0. 0. 0. 0. 0. 0. 0. 0. 1. 0. 0. 0. 0. 0. 0. 0. 0.
  0. 0. 0. 0. 0. 0.]
 [0. 0. 0. 0. 0. 0. 0. 1. 0. 0. 0. 0. 0. 0. 0. 0. 0. 0. 0. 0. 0. 0. 0. 0.
  0. 0. 0. 0. 0. 0.]
 [0. 0. 0. 0. 0. 0. 0. 0. 0. 0. 0. 0. 0. 0. 0. 0. 0. 0. 0. 0. 0. 0. 0. 0.
  0. 0. 0. 0. 0. 0.]
 [0. 0. 0. 0. 0. 1. 0. 0. 0. 0. 0. 0. 0. 0. 0. 0. 0. 0. 1. 0. 0. 0. 0. 0.
  0. 0. 0. 0. 0. 0.]]
[0. 0. 0. 0. 0. 0. 0. 0. 0. 0. 0. 0. 0. 0. 0. 0. 0. 0. 1. 0. 0. 0. 0. 0.
 0. 0. 0. 0. 0. 0. 0. 0. 0. 1. 1. 0. 0. 0. 0. 0. 0. 0. 0. 0. 0. 0. 0. 0.
 0. 0. 0. 0. 0. 0. 0. 0. 0. 0. 0. 0. 0. 0. 0. 0. 0. 0. 0. 0. 0. 0. 0. 0.
 0. 0. 0. 0. 0. 0. 0. 0. 0. 0. 0. 0. 0. 0. 0. 0. 0. 0. 0. 0. 0. 0. 0. 0.
 0. 0. 0. 0. 0. 0. 0. 0. 0. 0. 0. 0. 0. 0. 0. 0. 0. 0. 0. 0. 0. 0. 0. 0.
 0. 0. 0. 0. 0. 0. 0. 0. 0. 0. 0. 0. 0. 0. 0. 0. 0. 0. 0. 0. 0. 0. 0. 0.
 0. 0. 0. 0. 0. 0. 0. 0. 0. 0. 0. 0. 0. 0. 0. 0. 0. 0. 0. 1. 0. 0. 0. 0.
 0. 0. 0. 0. 0. 0. 0. 0. 0. 0. 0. 0. 0. 0. 0. 0. 0. 0. 0. 0. 0. 0. 0. 0.
 0. 0. 0. 0. 0. 0. 0. 0. 0. 0. 0. 0. 0. 0. 1. 0. 0. 0. 0. 0. 0. 0. 0. 0.
 0. 0. 0. 0. 0. 0. 0. 0. 0. 0. 0. 0. 0. 0. 0. 0. 0. 0. 0. 0. 0. 0. 0. 0.
 0. 0. 0. 0. 0. 0. 0. 0. 0. 1. 1. 0. 0. 1. 0. 0. 0. 0. 0. 0. 0. 1. 0. 0.
 0. 0. 1. 0. 1. 0. 0. 1. 0. 0. 0. 0. 0. 0. 0. 0. 0. 0. 0. 0. 0. 0. 1. 0.
 0. 0. 0. 0. 0. 0. 0. 0. 0. 0. 1. 0. 0. 0. 0. 0. 0. 0. 0. 0. 0. 0. 0. 0.
 0. 0. 0. 0. 1. 0. 0. 0. 0. 1. 0. 0. 0. 0. 0. 0. 0. 0. 0. 0. 0. 0. 0. 0.
 0. 0. 0. 0. 0. 0. 0. 0. 1. 0. 0. 0. 0. 0. 0. 0. 0. 0. 1. 0. 1. 0. 0. 0.
 0. 0. 0. 0. 0. 0. 0. 0. 0. 0. 1. 0. 0. 1. 0. 0. 1. 0. 0. 0. 0. 1. 0. 0.
 0. 0. 0. 0. 0. 0. 0. 0. 0. 1. 0. 1. 0. 0. 0. 0. 0. 0. 1. 0. 0. 0. 0. 0.
 0. 0. 0. 0. 0. 0. 0. 0. 0. 1. 0. 0. 0. 0. 0. 0. 0. 0. 0. 0. 1. 0. 1. 0.
 0. 0. 0. 0. 0. 0. 0. 0. 0. 0. 0. 0. 0. 0. 0. 0. 0. 0. 0. 0. 0. 0. 0. 0.
 0. 0. 0. 0. 0. 0. 0. 0. 0. 0. 1. 0. 0. 0. 0. 0. 1. 0. 0. 0. 0. 0. 0. 0.
 0. 0. 0. 1. 1. 0. 0. 0. 0. 0. 0. 0. 0. 0. 0. 0. 0. 1. 0. 0. 1. 0. 0. 0.
 0. 0. 0. 0. 0. 0. 0. 0. 0. 0. 0. 0. 0. 0. 1. 0. 0. 0. 0. 0. 0. 0. 0. 0.
 0. 0. 0. 0. 0. 0. 0. 0. 0. 0. 0. 0. 0. 0. 0. 0. 0. 0. 0. 0. 0. 0. 0. 0.
 0. 0. 0. 0. 0. 0. 0. 0. 0. 0. 0. 0. 0. 0. 0. 0. 0. 0. 0. 0. 0. 0. 0. 0.
 0. 0. 0. 0. 0. 0. 0. 0. 0. 1. 0. 0. 1. 0. 0. 0. 0. 0. 0. 0. 0. 0. 0. 0.
 0. 0. 0. 0. 0. 0. 0. 1. 0. 0. 0. 0. 1. 1. 0. 0. 0. 1. 0. 0. 0. 0. 0. 0.
 0. 0. 1. 0. 0. 0. 0. 0. 0. 0. 0. 0. 1. 1. 0. 0. 0. 0. 0. 0. 0. 0. 0. 0.
 0. 0. 0. 0. 0. 1. 0. 0. 0. 0. 0. 0. 0. 0. 0. 0. 0. 0. 0. 0. 0. 0. 1. 0.
 0. 0. 0. 0. 0. 0. 0. 0. 0. 0. 0. 0. 0. 1. 0. 0. 0. 1. 0. 0. 1. 0. 0. 0.
 0. 0. 0. 0. 0. 0. 1. 0. 0. 0. 0. 0. 0. 0. 0. 0. 0. 0. 0. 0. 0. 0. 1. 0.
 0. 0. 0. 0. 0. 0. 0. 0. 0. 0. 0. 0. 1. 0. 0. 0. 0. 0. 0. 0. 0. 0. 1. 0.
 0. 0. 0. 0. 1. 0. 0. 0. 1. 0. 0. 0. 0. 0. 0. 0. 0. 0. 0. 0. 0. 0. 0. 0.
 0. 1. 0. 0. 0. 0. 0. 0. 0. 0. 0. 0. 0. 0. 0. 0. 0. 0. 0. 0. 0. 0. 1. 0.
 0. 0. 0. 0. 0. 0. 0. 0. 0. 0. 0. 0. 0. 0. 0. 0. 0. 0. 0. 0. 0. 0. 0. 0.
 0. 0. 0. 0. 0. 0. 0. 0. 0. 0. 0. 0. 0. 0. 0. 0. 0. 0. 0. 0. 0. 0. 0. 0.
 0. 0. 0. 0. 0. 0. 1. 0. 0. 0. 0. 0. 0. 0. 0. 0. 0. 0. 0. 1. 0. 0. 0. 0.
 0. 0. 0. 0. 0. 0.]
aucroc, aucpr (0.96, 0.9244930544077199)
cuda
noise_multiplier  0.8  noise_multiplier_b  5.0  noise_multiplier_delta  0.802572353905128
cuda
Objective function 291.21 = squared loss an data 35.20 + 0.5*rho*h**2 254.631624 + alpha*h 0.000000 + L2reg 0.55 + L1reg 0.82 ; SHD = 416 ; DAG False
total norm for a microbatch 12.251042877037118 clip 12.00582138917335
total norm for a microbatch 16.51811973905537 clip 15.8168926117469
total norm for a microbatch 17.597448772508766 clip 15.643753107017698
total norm for a microbatch 19.948579167176867 clip 15.322698304534851
total norm for a microbatch 15.028615188492209 clip 16.153834134628323
total norm for a microbatch 16.847819119321503 clip 15.5395931685532
total norm for a microbatch 16.96126663293938 clip 16.384777007967035
cuda
Objective function 28.31 = squared loss an data 26.15 + 0.5*rho*h**2 1.366206 + alpha*h 0.000000 + L2reg 0.33 + L1reg 0.46 ; SHD = 68 ; DAG False
Proportion of microbatches that were clipped  0.8828199428389965
iteration 1 in inner loop, alpha 0.0 rho 1.0 h 1.65300063995657
iteration 1 in outer loop, alpha = 1.65300063995657, rho = 1.0, h = 1.65300063995657
cuda
noise_multiplier  0.8  noise_multiplier_b  5.0  noise_multiplier_delta  0.802572353905128
cuda
Objective function 31.04 = squared loss an data 26.15 + 0.5*rho*h**2 1.366206 + alpha*h 2.732411 + L2reg 0.33 + L1reg 0.46 ; SHD = 68 ; DAG False
total norm for a microbatch 17.395588095967753 clip 3.4131879900929336
total norm for a microbatch 14.161193058193367 clip 3.4131879900929336
total norm for a microbatch 17.82855210771917 clip 4.820963555372713
total norm for a microbatch 24.031738237535702 clip 17.998828335401402
total norm for a microbatch 28.825293803853523 clip 18.361947981285063
cuda
Objective function 28.74 = squared loss an data 24.95 + 0.5*rho*h**2 0.798704 + alpha*h 2.089204 + L2reg 0.47 + L1reg 0.44 ; SHD = 61 ; DAG False
Proportion of microbatches that were clipped  0.8946941424630862
iteration 1 in inner loop, alpha 1.65300063995657 rho 1.0 h 1.263885929856599
noise_multiplier  0.8  noise_multiplier_b  5.0  noise_multiplier_delta  0.802572353905128
cuda
Objective function 35.93 = squared loss an data 24.95 + 0.5*rho*h**2 7.987038 + alpha*h 2.089204 + L2reg 0.47 + L1reg 0.44 ; SHD = 61 ; DAG False
total norm for a microbatch 24.19511102759523 clip 21.01933141466863
total norm for a microbatch 22.86770574610402 clip 22.272138939002982
total norm for a microbatch 24.479511715317933 clip 21.93177147564259
cuda
Objective function 28.70 = squared loss an data 25.57 + 0.5*rho*h**2 1.354157 + alpha*h 0.860246 + L2reg 0.54 + L1reg 0.38 ; SHD = 45 ; DAG True
Proportion of microbatches that were clipped  0.8982390525167524
iteration 2 in inner loop, alpha 1.65300063995657 rho 10.0 h 0.5204146821330475
noise_multiplier  0.8  noise_multiplier_b  5.0  noise_multiplier_delta  0.802572353905128
cuda
Objective function 40.89 = squared loss an data 25.57 + 0.5*rho*h**2 13.541572 + alpha*h 0.860246 + L2reg 0.54 + L1reg 0.38 ; SHD = 45 ; DAG True
total norm for a microbatch 47.437390170774805 clip 1.0
total norm for a microbatch 47.680600458260024 clip 1.0
total norm for a microbatch 37.33660477458433 clip 1.5648840600930325
total norm for a microbatch 26.052676771891697 clip 2.926702094052304
total norm for a microbatch 19.051215925963668 clip 4.234580085031198
total norm for a microbatch 35.15276636716618 clip 8.811315503583273
total norm for a microbatch 19.984147688624454 clip 10.387705013295742
total norm for a microbatch 26.154836098805127 clip 11.254737657111313
total norm for a microbatch 24.62310977750854 clip 24.312117459972225
cuda
Objective function 29.15 = squared loss an data 26.24 + 0.5*rho*h**2 1.701160 + alpha*h 0.304902 + L2reg 0.58 + L1reg 0.32 ; SHD = 42 ; DAG True
Proportion of microbatches that were clipped  0.902710324298919
iteration 3 in inner loop, alpha 1.65300063995657 rho 100.0 h 0.18445380092812869
iteration 2 in outer loop, alpha = 20.09838073276944, rho = 100.0, h = 0.18445380092812869
cuda
noise_multiplier  0.8  noise_multiplier_b  5.0  noise_multiplier_delta  0.802572353905128
cuda
Objective function 32.56 = squared loss an data 26.24 + 0.5*rho*h**2 1.701160 + alpha*h 3.707223 + L2reg 0.58 + L1reg 0.32 ; SHD = 42 ; DAG True
total norm for a microbatch 30.084404381378114 clip 1.6939865349067824
total norm for a microbatch 34.60963214663917 clip 3.7441693006401096
total norm for a microbatch 21.633171782943702 clip 9.11322667207144
total norm for a microbatch 28.849801862645222 clip 9.11322667207144
total norm for a microbatch 33.52589652261695 clip 9.979120953609183
total norm for a microbatch 38.51384981988107 clip 12.059476234698849
total norm for a microbatch 33.80105172031448 clip 17.2151696874288
total norm for a microbatch 22.522541754175364 clip 26.094584861546963
total norm for a microbatch 21.253000877248176 clip 26.066080225518228
cuda
Objective function 30.48 = squared loss an data 26.32 + 0.5*rho*h**2 0.744781 + alpha*h 2.452960 + L2reg 0.64 + L1reg 0.32 ; SHD = 44 ; DAG True
Proportion of microbatches that were clipped  0.9015780055311534
iteration 1 in inner loop, alpha 20.09838073276944 rho 100.0 h 0.12204763414106168
noise_multiplier  0.8  noise_multiplier_b  5.0  noise_multiplier_delta  0.802572353905128
cuda
Objective function 37.18 = squared loss an data 26.32 + 0.5*rho*h**2 7.447812 + alpha*h 2.452960 + L2reg 0.64 + L1reg 0.32 ; SHD = 44 ; DAG True
total norm for a microbatch 33.55021253509641 clip 3.6382018604394717
total norm for a microbatch 27.22905467189938 clip 6.075932641169995
total norm for a microbatch 30.958565053580223 clip 13.339768351385509
total norm for a microbatch 33.77252116913103 clip 16.16904256427811
total norm for a microbatch 30.54154774108699 clip 27.393583707875298
cuda
Objective function 29.78 = squared loss an data 26.34 + 0.5*rho*h**2 1.392347 + alpha*h 1.060595 + L2reg 0.69 + L1reg 0.30 ; SHD = 54 ; DAG True
Proportion of microbatches that were clipped  0.9061795944641133
iteration 2 in inner loop, alpha 20.09838073276944 rho 1000.0 h 0.052770192769393987
noise_multiplier  0.8  noise_multiplier_b  5.0  noise_multiplier_delta  0.802572353905128
cuda
Objective function 42.31 = squared loss an data 26.34 + 0.5*rho*h**2 13.923466 + alpha*h 1.060595 + L2reg 0.69 + L1reg 0.30 ; SHD = 54 ; DAG True
total norm for a microbatch 32.50137222626979 clip 6.8288313689966476
total norm for a microbatch 32.247127538462564 clip 32.80366464588632
total norm for a microbatch 34.21058939158442 clip 35.448796353600365
total norm for a microbatch 54.13732833841598 clip 31.773241118268515
total norm for a microbatch 30.21251423270558 clip 34.22757863620854
cuda
Objective function 29.93 = squared loss an data 26.48 + 0.5*rho*h**2 2.054674 + alpha*h 0.407425 + L2reg 0.71 + L1reg 0.28 ; SHD = 63 ; DAG True
Proportion of microbatches that were clipped  0.9119405396671514
iteration 3 in inner loop, alpha 20.09838073276944 rho 10000.0 h 0.02027152919060171
iteration 3 in outer loop, alpha = 222.81367263878656, rho = 10000.0, h = 0.02027152919060171
cuda
noise_multiplier  0.8  noise_multiplier_b  5.0  noise_multiplier_delta  0.802572353905128
cuda
Objective function 34.04 = squared loss an data 26.48 + 0.5*rho*h**2 2.054674 + alpha*h 4.516774 + L2reg 0.71 + L1reg 0.28 ; SHD = 63 ; DAG True
total norm for a microbatch 34.831457020292184 clip 7.253741245615108
total norm for a microbatch 36.47291017117403 clip 8.630585512024298
total norm for a microbatch 42.979265135486216 clip 10.284651800574519
cuda
Objective function 31.95 = squared loss an data 26.53 + 0.5*rho*h**2 1.091135 + alpha*h 3.291517 + L2reg 0.75 + L1reg 0.29 ; SHD = 69 ; DAG True
Proportion of microbatches that were clipped  0.920935412026726
iteration 1 in inner loop, alpha 222.81367263878656 rho 10000.0 h 0.014772511020698431
noise_multiplier  0.8  noise_multiplier_b  5.0  noise_multiplier_delta  0.802572353905128
cuda
Objective function 41.77 = squared loss an data 26.53 + 0.5*rho*h**2 10.911354 + alpha*h 3.291517 + L2reg 0.75 + L1reg 0.29 ; SHD = 69 ; DAG True
total norm for a microbatch 2400.354900586675 clip 1.1008330059175793
total norm for a microbatch 82.80976701110939 clip 4.888243459385719
total norm for a microbatch 91.40481001091291 clip 22.005536755326045
cuda
Objective function 37.89 = squared loss an data 27.11 + 0.5*rho*h**2 7.047134 + alpha*h 2.645228 + L2reg 0.80 + L1reg 0.29 ; SHD = 97 ; DAG True
Proportion of microbatches that were clipped  0.9618122977346278
iteration 2 in inner loop, alpha 222.81367263878656 rho 100000.0 h 0.011871927958683415
iteration 4 in outer loop, alpha = 12094.741631322202, rho = 1000000.0, h = 0.011871927958683415
Threshold 0.3
[[0.004 0.196 0.223 0.073 0.324 0.232 0.08  0.072 0.17  0.009 0.019 0.076
  0.015 0.035 0.016 0.04  0.026 0.038 0.049 0.058 0.033 0.076 0.143 0.112
  0.037 0.038 0.172 0.159 0.261 0.051]
 [0.028 0.004 0.102 0.125 0.206 0.157 0.19  0.064 0.118 0.015 0.042 0.03
  0.013 0.028 0.007 0.035 0.039 0.035 0.077 0.081 0.019 0.033 0.132 0.066
  0.017 0.018 0.312 0.237 0.127 0.027]
 [0.022 0.052 0.005 0.097 0.1   0.052 0.048 0.014 0.047 0.01  0.01  0.004
  0.015 0.026 0.006 0.012 0.006 0.012 0.032 0.017 0.009 0.021 0.065 0.014
  0.03  0.012 0.104 0.058 0.043 0.026]
 [0.068 0.026 0.069 0.004 0.141 0.059 0.055 0.008 0.093 0.01  0.013 0.018
  0.018 0.015 0.007 0.076 0.015 0.015 0.056 0.018 0.016 0.004 0.108 0.026
  0.012 0.008 0.155 0.065 0.082 0.026]
 [0.014 0.026 0.049 0.029 0.004 0.049 0.066 0.021 0.055 0.01  0.014 0.021
  0.01  0.006 0.006 0.03  0.015 0.005 0.019 0.017 0.007 0.009 0.06  0.059
  0.012 0.015 0.14  0.046 0.034 0.019]
 [0.016 0.046 0.085 0.087 0.096 0.005 0.051 0.037 0.03  0.005 0.011 0.035
  0.008 0.014 0.006 0.041 0.047 0.042 0.023 0.026 0.011 0.026 0.04  0.025
  0.019 0.012 0.059 0.056 0.138 0.017]
 [0.075 0.027 0.123 0.086 0.092 0.09  0.004 0.025 0.051 0.016 0.015 0.021
  0.006 0.014 0.009 0.026 0.023 0.017 0.03  0.034 0.013 0.015 0.032 0.039
  0.008 0.022 0.082 0.048 0.087 0.043]
 [0.095 0.099 0.259 0.648 0.159 0.178 0.211 0.004 0.199 0.042 0.032 0.029
  0.041 0.065 0.009 0.157 0.035 0.088 0.096 0.148 0.012 0.042 0.235 0.121
  0.029 0.012 0.139 0.18  0.168 0.069]
 [0.021 0.04  0.108 0.056 0.065 0.114 0.095 0.023 0.005 0.022 0.019 0.023
  0.007 0.019 0.008 0.052 0.036 0.056 0.013 0.104 0.005 0.071 0.322 0.074
  0.028 0.03  0.17  0.157 0.22  0.074]
 [0.477 0.332 0.33  0.503 0.465 0.735 0.324 0.129 0.263 0.004 0.038 0.247
  0.042 0.118 0.078 0.295 0.138 0.108 0.145 0.334 0.171 0.149 0.515 0.364
  0.22  0.128 0.633 0.45  0.183 0.081]
 [0.305 0.166 0.423 0.3   0.177 0.347 0.334 0.161 0.376 0.143 0.004 0.109
  0.043 0.195 0.047 0.25  0.114 0.298 0.239 0.269 0.079 0.25  0.47  0.28
  0.167 0.097 0.351 1.778 0.369 0.16 ]
 [0.111 0.176 1.131 0.31  0.172 0.107 0.255 0.134 0.201 0.027 0.043 0.004
  0.035 0.09  0.021 0.274 0.079 0.098 0.089 0.19  0.065 0.07  0.313 0.251
  0.09  0.08  0.576 0.129 0.384 0.154]
 [0.315 0.511 0.37  0.254 0.52  0.482 0.761 0.103 0.617 0.154 0.113 0.148
  0.002 0.143 0.067 0.228 0.191 0.197 0.162 0.188 0.072 0.237 0.437 0.223
  0.139 0.184 0.79  0.289 0.315 0.574]
 [0.126 0.212 0.149 0.358 0.765 0.289 0.273 0.095 0.154 0.066 0.034 0.071
  0.037 0.002 0.023 0.082 0.089 0.136 0.1   0.534 0.061 0.065 0.26  0.145
  0.075 0.082 0.506 0.296 0.309 0.132]
 [0.206 0.496 0.509 0.388 0.372 0.502 0.285 0.363 0.397 0.071 0.107 0.256
  0.079 0.188 0.004 0.276 0.169 0.345 0.463 0.417 0.183 0.316 0.665 0.777
  0.424 1.103 0.353 0.581 0.508 0.39 ]
 [0.122 0.115 0.359 0.059 0.157 0.103 0.189 0.027 0.082 0.017 0.016 0.018
  0.026 0.042 0.015 0.004 0.061 0.046 0.042 0.087 0.016 0.04  0.393 0.08
  0.019 0.028 0.702 0.121 0.117 0.035]
 [0.199 0.097 0.646 0.212 0.329 0.09  0.217 0.103 0.086 0.043 0.042 0.09
  0.022 0.049 0.03  0.07  0.005 0.072 0.042 0.303 0.041 0.1   0.276 0.16
  0.117 0.091 0.275 0.144 0.344 0.157]
 [0.098 0.122 0.379 0.375 0.816 0.092 0.203 0.048 0.106 0.052 0.014 0.02
  0.018 0.029 0.01  0.096 0.061 0.004 0.035 0.114 0.037 0.037 0.151 0.055
  0.073 0.011 0.575 0.333 0.15  0.096]
 [0.118 0.078 0.159 0.095 0.204 0.261 0.164 0.054 0.283 0.037 0.023 0.049
  0.031 0.033 0.01  0.124 0.123 0.106 0.004 0.149 0.037 0.035 0.155 0.158
  0.069 0.032 0.333 0.355 0.188 0.195]
 [0.093 0.056 0.244 0.101 0.332 0.188 0.113 0.044 0.063 0.014 0.02  0.027
  0.023 0.006 0.015 0.045 0.016 0.05  0.032 0.003 0.02  0.04  0.144 0.086
  0.014 0.033 0.4   0.088 0.157 0.118]
 [0.162 0.197 0.414 0.235 0.424 0.493 0.306 0.281 0.901 0.035 0.072 0.099
  0.068 0.072 0.028 0.216 0.109 0.147 0.143 0.156 0.004 0.106 0.478 0.211
  0.075 0.043 0.322 0.279 0.755 0.121]
 [0.064 0.205 0.27  0.545 0.454 0.181 0.266 0.119 0.094 0.045 0.025 0.072
  0.024 0.089 0.013 0.14  0.034 0.142 0.117 0.111 0.048 0.004 0.172 0.177
  0.052 0.074 0.249 0.124 0.541 0.183]
 [0.021 0.054 0.086 0.054 0.088 0.111 0.166 0.021 0.015 0.008 0.008 0.01
  0.004 0.015 0.007 0.011 0.015 0.025 0.031 0.039 0.009 0.015 0.004 0.006
  0.009 0.017 0.068 0.073 0.051 0.044]
 [0.032 0.07  0.337 0.22  0.12  0.131 0.135 0.046 0.104 0.009 0.01  0.023
  0.021 0.036 0.006 0.053 0.027 0.068 0.039 0.04  0.024 0.036 0.643 0.004
  0.015 0.011 0.301 0.15  0.126 0.054]
 [0.141 0.263 0.154 0.458 0.351 0.216 0.652 0.197 0.15  0.023 0.036 0.068
  0.032 0.07  0.014 0.186 0.059 0.093 0.091 0.337 0.06  0.094 0.616 0.209
  0.005 0.042 0.483 0.212 0.278 0.125]
 [0.152 0.246 0.291 0.323 0.247 0.343 0.192 0.447 0.158 0.038 0.049 0.047
  0.024 0.059 0.005 0.187 0.071 0.298 0.153 0.142 0.102 0.091 0.247 0.355
  0.131 0.004 0.312 0.245 0.502 0.135]
 [0.021 0.011 0.027 0.026 0.041 0.098 0.053 0.025 0.024 0.007 0.01  0.006
  0.006 0.007 0.01  0.004 0.015 0.01  0.017 0.012 0.013 0.016 0.053 0.012
  0.009 0.012 0.004 0.066 0.051 0.019]
 [0.048 0.024 0.077 0.073 0.072 0.122 0.095 0.029 0.027 0.009 0.003 0.023
  0.011 0.014 0.007 0.043 0.024 0.018 0.019 0.068 0.013 0.036 0.071 0.034
  0.022 0.022 0.09  0.004 0.137 0.069]
 [0.018 0.048 0.11  0.084 0.125 0.043 0.055 0.026 0.035 0.021 0.012 0.011
  0.021 0.016 0.007 0.047 0.014 0.02  0.027 0.035 0.006 0.008 0.085 0.06
  0.019 0.008 0.099 0.045 0.004 0.033]
 [0.128 0.131 0.175 0.186 0.23  0.322 0.115 0.054 0.062 0.057 0.024 0.031
  0.006 0.037 0.01  0.111 0.033 0.033 0.027 0.045 0.042 0.032 0.113 0.117
  0.046 0.037 0.308 0.088 0.1   0.004]]
[[0.    0.    0.    0.    0.324 0.    0.    0.    0.    0.    0.    0.
  0.    0.    0.    0.    0.    0.    0.    0.    0.    0.    0.    0.
  0.    0.    0.    0.    0.    0.   ]
 [0.    0.    0.    0.    0.    0.    0.    0.    0.    0.    0.    0.
  0.    0.    0.    0.    0.    0.    0.    0.    0.    0.    0.    0.
  0.    0.    0.312 0.    0.    0.   ]
 [0.    0.    0.    0.    0.    0.    0.    0.    0.    0.    0.    0.
  0.    0.    0.    0.    0.    0.    0.    0.    0.    0.    0.    0.
  0.    0.    0.    0.    0.    0.   ]
 [0.    0.    0.    0.    0.    0.    0.    0.    0.    0.    0.    0.
  0.    0.    0.    0.    0.    0.    0.    0.    0.    0.    0.    0.
  0.    0.    0.    0.    0.    0.   ]
 [0.    0.    0.    0.    0.    0.    0.    0.    0.    0.    0.    0.
  0.    0.    0.    0.    0.    0.    0.    0.    0.    0.    0.    0.
  0.    0.    0.    0.    0.    0.   ]
 [0.    0.    0.    0.    0.    0.    0.    0.    0.    0.    0.    0.
  0.    0.    0.    0.    0.    0.    0.    0.    0.    0.    0.    0.
  0.    0.    0.    0.    0.    0.   ]
 [0.    0.    0.    0.    0.    0.    0.    0.    0.    0.    0.    0.
  0.    0.    0.    0.    0.    0.    0.    0.    0.    0.    0.    0.
  0.    0.    0.    0.    0.    0.   ]
 [0.    0.    0.    0.648 0.    0.    0.    0.    0.    0.    0.    0.
  0.    0.    0.    0.    0.    0.    0.    0.    0.    0.    0.    0.
  0.    0.    0.    0.    0.    0.   ]
 [0.    0.    0.    0.    0.    0.    0.    0.    0.    0.    0.    0.
  0.    0.    0.    0.    0.    0.    0.    0.    0.    0.    0.322 0.
  0.    0.    0.    0.    0.    0.   ]
 [0.477 0.332 0.33  0.503 0.465 0.735 0.324 0.    0.    0.    0.    0.
  0.    0.    0.    0.    0.    0.    0.    0.334 0.    0.    0.515 0.364
  0.    0.    0.633 0.45  0.    0.   ]
 [0.305 0.    0.423 0.    0.    0.347 0.334 0.    0.376 0.    0.    0.
  0.    0.    0.    0.    0.    0.    0.    0.    0.    0.    0.47  0.
  0.    0.    0.351 1.778 0.369 0.   ]
 [0.    0.    1.131 0.31  0.    0.    0.    0.    0.    0.    0.    0.
  0.    0.    0.    0.    0.    0.    0.    0.    0.    0.    0.313 0.
  0.    0.    0.576 0.    0.384 0.   ]
 [0.315 0.511 0.37  0.    0.52  0.482 0.761 0.    0.617 0.    0.    0.
  0.    0.    0.    0.    0.    0.    0.    0.    0.    0.    0.437 0.
  0.    0.    0.79  0.    0.315 0.574]
 [0.    0.    0.    0.358 0.765 0.    0.    0.    0.    0.    0.    0.
  0.    0.    0.    0.    0.    0.    0.    0.534 0.    0.    0.    0.
  0.    0.    0.506 0.    0.309 0.   ]
 [0.    0.496 0.509 0.388 0.372 0.502 0.    0.363 0.397 0.    0.    0.
  0.    0.    0.    0.    0.    0.345 0.463 0.417 0.    0.316 0.665 0.777
  0.424 1.103 0.353 0.581 0.508 0.39 ]
 [0.    0.    0.359 0.    0.    0.    0.    0.    0.    0.    0.    0.
  0.    0.    0.    0.    0.    0.    0.    0.    0.    0.    0.393 0.
  0.    0.    0.702 0.    0.    0.   ]
 [0.    0.    0.646 0.    0.329 0.    0.    0.    0.    0.    0.    0.
  0.    0.    0.    0.    0.    0.    0.    0.303 0.    0.    0.    0.
  0.    0.    0.    0.    0.344 0.   ]
 [0.    0.    0.379 0.375 0.816 0.    0.    0.    0.    0.    0.    0.
  0.    0.    0.    0.    0.    0.    0.    0.    0.    0.    0.    0.
  0.    0.    0.575 0.333 0.    0.   ]
 [0.    0.    0.    0.    0.    0.    0.    0.    0.    0.    0.    0.
  0.    0.    0.    0.    0.    0.    0.    0.    0.    0.    0.    0.
  0.    0.    0.333 0.355 0.    0.   ]
 [0.    0.    0.    0.    0.332 0.    0.    0.    0.    0.    0.    0.
  0.    0.    0.    0.    0.    0.    0.    0.    0.    0.    0.    0.
  0.    0.    0.4   0.    0.    0.   ]
 [0.    0.    0.414 0.    0.424 0.493 0.306 0.    0.901 0.    0.    0.
  0.    0.    0.    0.    0.    0.    0.    0.    0.    0.    0.478 0.
  0.    0.    0.322 0.    0.755 0.   ]
 [0.    0.    0.    0.545 0.454 0.    0.    0.    0.    0.    0.    0.
  0.    0.    0.    0.    0.    0.    0.    0.    0.    0.    0.    0.
  0.    0.    0.    0.    0.541 0.   ]
 [0.    0.    0.    0.    0.    0.    0.    0.    0.    0.    0.    0.
  0.    0.    0.    0.    0.    0.    0.    0.    0.    0.    0.    0.
  0.    0.    0.    0.    0.    0.   ]
 [0.    0.    0.337 0.    0.    0.    0.    0.    0.    0.    0.    0.
  0.    0.    0.    0.    0.    0.    0.    0.    0.    0.    0.643 0.
  0.    0.    0.301 0.    0.    0.   ]
 [0.    0.    0.    0.458 0.351 0.    0.652 0.    0.    0.    0.    0.
  0.    0.    0.    0.    0.    0.    0.    0.337 0.    0.    0.616 0.
  0.    0.    0.483 0.    0.    0.   ]
 [0.    0.    0.    0.323 0.    0.343 0.    0.447 0.    0.    0.    0.
  0.    0.    0.    0.    0.    0.    0.    0.    0.    0.    0.    0.355
  0.    0.    0.312 0.    0.502 0.   ]
 [0.    0.    0.    0.    0.    0.    0.    0.    0.    0.    0.    0.
  0.    0.    0.    0.    0.    0.    0.    0.    0.    0.    0.    0.
  0.    0.    0.    0.    0.    0.   ]
 [0.    0.    0.    0.    0.    0.    0.    0.    0.    0.    0.    0.
  0.    0.    0.    0.    0.    0.    0.    0.    0.    0.    0.    0.
  0.    0.    0.    0.    0.    0.   ]
 [0.    0.    0.    0.    0.    0.    0.    0.    0.    0.    0.    0.
  0.    0.    0.    0.    0.    0.    0.    0.    0.    0.    0.    0.
  0.    0.    0.    0.    0.    0.   ]
 [0.    0.    0.    0.    0.    0.322 0.    0.    0.    0.    0.    0.
  0.    0.    0.    0.    0.    0.    0.    0.    0.    0.    0.    0.
  0.    0.    0.308 0.    0.    0.   ]]
{'fdr': 0.6788990825688074, 'tpr': 0.5833333333333334, 'fpr': 0.19733333333333333, 'f1': 0.4142011834319526, 'shd': 97, 'npred': 109, 'ntrue': 60}
[0.196 0.223 0.073 0.324 0.232 0.08  0.072 0.17  0.009 0.019 0.076 0.015
 0.035 0.016 0.04  0.026 0.038 0.049 0.058 0.033 0.076 0.143 0.112 0.037
 0.038 0.172 0.159 0.261 0.051 0.028 0.102 0.125 0.206 0.157 0.19  0.064
 0.118 0.015 0.042 0.03  0.013 0.028 0.007 0.035 0.039 0.035 0.077 0.081
 0.019 0.033 0.132 0.066 0.017 0.018 0.312 0.237 0.127 0.027 0.022 0.052
 0.097 0.1   0.052 0.048 0.014 0.047 0.01  0.01  0.004 0.015 0.026 0.006
 0.012 0.006 0.012 0.032 0.017 0.009 0.021 0.065 0.014 0.03  0.012 0.104
 0.058 0.043 0.026 0.068 0.026 0.069 0.141 0.059 0.055 0.008 0.093 0.01
 0.013 0.018 0.018 0.015 0.007 0.076 0.015 0.015 0.056 0.018 0.016 0.004
 0.108 0.026 0.012 0.008 0.155 0.065 0.082 0.026 0.014 0.026 0.049 0.029
 0.049 0.066 0.021 0.055 0.01  0.014 0.021 0.01  0.006 0.006 0.03  0.015
 0.005 0.019 0.017 0.007 0.009 0.06  0.059 0.012 0.015 0.14  0.046 0.034
 0.019 0.016 0.046 0.085 0.087 0.096 0.051 0.037 0.03  0.005 0.011 0.035
 0.008 0.014 0.006 0.041 0.047 0.042 0.023 0.026 0.011 0.026 0.04  0.025
 0.019 0.012 0.059 0.056 0.138 0.017 0.075 0.027 0.123 0.086 0.092 0.09
 0.025 0.051 0.016 0.015 0.021 0.006 0.014 0.009 0.026 0.023 0.017 0.03
 0.034 0.013 0.015 0.032 0.039 0.008 0.022 0.082 0.048 0.087 0.043 0.095
 0.099 0.259 0.648 0.159 0.178 0.211 0.199 0.042 0.032 0.029 0.041 0.065
 0.009 0.157 0.035 0.088 0.096 0.148 0.012 0.042 0.235 0.121 0.029 0.012
 0.139 0.18  0.168 0.069 0.021 0.04  0.108 0.056 0.065 0.114 0.095 0.023
 0.022 0.019 0.023 0.007 0.019 0.008 0.052 0.036 0.056 0.013 0.104 0.005
 0.071 0.322 0.074 0.028 0.03  0.17  0.157 0.22  0.074 0.477 0.332 0.33
 0.503 0.465 0.735 0.324 0.129 0.263 0.038 0.247 0.042 0.118 0.078 0.295
 0.138 0.108 0.145 0.334 0.171 0.149 0.515 0.364 0.22  0.128 0.633 0.45
 0.183 0.081 0.305 0.166 0.423 0.3   0.177 0.347 0.334 0.161 0.376 0.143
 0.109 0.043 0.195 0.047 0.25  0.114 0.298 0.239 0.269 0.079 0.25  0.47
 0.28  0.167 0.097 0.351 1.778 0.369 0.16  0.111 0.176 1.131 0.31  0.172
 0.107 0.255 0.134 0.201 0.027 0.043 0.035 0.09  0.021 0.274 0.079 0.098
 0.089 0.19  0.065 0.07  0.313 0.251 0.09  0.08  0.576 0.129 0.384 0.154
 0.315 0.511 0.37  0.254 0.52  0.482 0.761 0.103 0.617 0.154 0.113 0.148
 0.143 0.067 0.228 0.191 0.197 0.162 0.188 0.072 0.237 0.437 0.223 0.139
 0.184 0.79  0.289 0.315 0.574 0.126 0.212 0.149 0.358 0.765 0.289 0.273
 0.095 0.154 0.066 0.034 0.071 0.037 0.023 0.082 0.089 0.136 0.1   0.534
 0.061 0.065 0.26  0.145 0.075 0.082 0.506 0.296 0.309 0.132 0.206 0.496
 0.509 0.388 0.372 0.502 0.285 0.363 0.397 0.071 0.107 0.256 0.079 0.188
 0.276 0.169 0.345 0.463 0.417 0.183 0.316 0.665 0.777 0.424 1.103 0.353
 0.581 0.508 0.39  0.122 0.115 0.359 0.059 0.157 0.103 0.189 0.027 0.082
 0.017 0.016 0.018 0.026 0.042 0.015 0.061 0.046 0.042 0.087 0.016 0.04
 0.393 0.08  0.019 0.028 0.702 0.121 0.117 0.035 0.199 0.097 0.646 0.212
 0.329 0.09  0.217 0.103 0.086 0.043 0.042 0.09  0.022 0.049 0.03  0.07
 0.072 0.042 0.303 0.041 0.1   0.276 0.16  0.117 0.091 0.275 0.144 0.344
 0.157 0.098 0.122 0.379 0.375 0.816 0.092 0.203 0.048 0.106 0.052 0.014
 0.02  0.018 0.029 0.01  0.096 0.061 0.035 0.114 0.037 0.037 0.151 0.055
 0.073 0.011 0.575 0.333 0.15  0.096 0.118 0.078 0.159 0.095 0.204 0.261
 0.164 0.054 0.283 0.037 0.023 0.049 0.031 0.033 0.01  0.124 0.123 0.106
 0.149 0.037 0.035 0.155 0.158 0.069 0.032 0.333 0.355 0.188 0.195 0.093
 0.056 0.244 0.101 0.332 0.188 0.113 0.044 0.063 0.014 0.02  0.027 0.023
 0.006 0.015 0.045 0.016 0.05  0.032 0.02  0.04  0.144 0.086 0.014 0.033
 0.4   0.088 0.157 0.118 0.162 0.197 0.414 0.235 0.424 0.493 0.306 0.281
 0.901 0.035 0.072 0.099 0.068 0.072 0.028 0.216 0.109 0.147 0.143 0.156
 0.106 0.478 0.211 0.075 0.043 0.322 0.279 0.755 0.121 0.064 0.205 0.27
 0.545 0.454 0.181 0.266 0.119 0.094 0.045 0.025 0.072 0.024 0.089 0.013
 0.14  0.034 0.142 0.117 0.111 0.048 0.172 0.177 0.052 0.074 0.249 0.124
 0.541 0.183 0.021 0.054 0.086 0.054 0.088 0.111 0.166 0.021 0.015 0.008
 0.008 0.01  0.004 0.015 0.007 0.011 0.015 0.025 0.031 0.039 0.009 0.015
 0.006 0.009 0.017 0.068 0.073 0.051 0.044 0.032 0.07  0.337 0.22  0.12
 0.131 0.135 0.046 0.104 0.009 0.01  0.023 0.021 0.036 0.006 0.053 0.027
 0.068 0.039 0.04  0.024 0.036 0.643 0.015 0.011 0.301 0.15  0.126 0.054
 0.141 0.263 0.154 0.458 0.351 0.216 0.652 0.197 0.15  0.023 0.036 0.068
 0.032 0.07  0.014 0.186 0.059 0.093 0.091 0.337 0.06  0.094 0.616 0.209
 0.042 0.483 0.212 0.278 0.125 0.152 0.246 0.291 0.323 0.247 0.343 0.192
 0.447 0.158 0.038 0.049 0.047 0.024 0.059 0.005 0.187 0.071 0.298 0.153
 0.142 0.102 0.091 0.247 0.355 0.131 0.312 0.245 0.502 0.135 0.021 0.011
 0.027 0.026 0.041 0.098 0.053 0.025 0.024 0.007 0.01  0.006 0.006 0.007
 0.01  0.004 0.015 0.01  0.017 0.012 0.013 0.016 0.053 0.012 0.009 0.012
 0.066 0.051 0.019 0.048 0.024 0.077 0.073 0.072 0.122 0.095 0.029 0.027
 0.009 0.003 0.023 0.011 0.014 0.007 0.043 0.024 0.018 0.019 0.068 0.013
 0.036 0.071 0.034 0.022 0.022 0.09  0.137 0.069 0.018 0.048 0.11  0.084
 0.125 0.043 0.055 0.026 0.035 0.021 0.012 0.011 0.021 0.016 0.007 0.047
 0.014 0.02  0.027 0.035 0.006 0.008 0.085 0.06  0.019 0.008 0.099 0.045
 0.033 0.128 0.131 0.175 0.186 0.23  0.322 0.115 0.054 0.062 0.057 0.024
 0.031 0.006 0.037 0.01  0.111 0.033 0.033 0.027 0.045 0.042 0.032 0.113
 0.117 0.046 0.037 0.308 0.088 0.1  ]
[[0. 0. 0. 0. 0. 0. 0. 0. 0. 0. 0. 0. 0. 0. 0. 0. 0. 0. 0. 1. 0. 0. 0. 0.
  0. 0. 0. 0. 0. 0.]
 [0. 0. 0. 0. 0. 1. 1. 0. 0. 0. 0. 0. 0. 0. 0. 0. 0. 0. 0. 0. 0. 0. 0. 0.
  0. 0. 0. 0. 0. 0.]
 [0. 0. 0. 0. 0. 0. 0. 0. 0. 0. 0. 0. 0. 0. 0. 0. 0. 0. 0. 0. 0. 0. 0. 0.
  0. 0. 0. 0. 0. 0.]
 [0. 0. 0. 0. 0. 0. 0. 0. 0. 0. 0. 0. 0. 0. 0. 0. 0. 0. 0. 0. 0. 0. 0. 0.
  0. 0. 0. 0. 0. 0.]
 [0. 0. 0. 0. 0. 0. 0. 0. 0. 0. 0. 0. 0. 0. 0. 0. 0. 0. 0. 0. 0. 0. 0. 0.
  0. 0. 0. 0. 0. 0.]
 [0. 0. 0. 0. 0. 0. 0. 0. 0. 0. 0. 0. 0. 0. 0. 0. 0. 0. 0. 1. 0. 0. 0. 0.
  0. 0. 0. 0. 0. 0.]
 [0. 0. 0. 0. 0. 0. 0. 0. 0. 0. 0. 0. 0. 0. 0. 0. 0. 0. 0. 0. 0. 0. 0. 0.
  0. 0. 0. 0. 0. 0.]
 [0. 0. 0. 1. 0. 0. 0. 0. 0. 0. 0. 0. 0. 0. 0. 0. 0. 0. 0. 0. 0. 0. 0. 0.
  0. 0. 0. 0. 0. 0.]
 [0. 0. 0. 0. 0. 0. 0. 0. 0. 0. 0. 0. 0. 0. 0. 0. 0. 0. 1. 1. 0. 0. 1. 0.
  0. 0. 0. 0. 0. 0.]
 [1. 0. 0. 0. 0. 1. 0. 1. 0. 0. 0. 1. 0. 0. 0. 0. 0. 0. 0. 0. 0. 0. 0. 0.
  0. 0. 1. 0. 0. 0.]
 [0. 0. 0. 0. 0. 0. 0. 0. 1. 0. 0. 0. 0. 0. 0. 0. 0. 0. 0. 0. 0. 0. 0. 0.
  0. 0. 0. 1. 0. 0.]
 [0. 0. 1. 0. 0. 0. 0. 0. 0. 0. 0. 0. 0. 0. 0. 0. 0. 0. 0. 0. 0. 0. 0. 0.
  0. 0. 1. 0. 0. 0.]
 [0. 0. 0. 0. 0. 0. 1. 0. 1. 0. 0. 0. 0. 0. 0. 0. 0. 0. 0. 0. 0. 0. 0. 1.
  0. 0. 1. 0. 0. 1.]
 [0. 0. 0. 0. 1. 0. 0. 0. 0. 0. 0. 0. 0. 0. 0. 0. 0. 1. 0. 1. 0. 0. 0. 0.
  0. 0. 1. 0. 0. 0.]
 [0. 0. 0. 0. 0. 0. 0. 0. 0. 0. 0. 1. 0. 0. 0. 0. 0. 0. 0. 0. 0. 0. 0. 1.
  0. 1. 0. 0. 0. 0.]
 [0. 0. 0. 0. 0. 0. 0. 0. 0. 0. 0. 0. 0. 0. 0. 0. 0. 0. 0. 0. 0. 0. 0. 0.
  0. 0. 0. 0. 0. 0.]
 [0. 0. 1. 0. 0. 0. 0. 0. 1. 0. 0. 0. 0. 0. 0. 0. 0. 0. 0. 0. 1. 1. 0. 0.
  0. 0. 0. 0. 0. 0.]
 [0. 0. 0. 0. 1. 0. 0. 1. 0. 0. 0. 0. 0. 0. 0. 0. 0. 0. 0. 0. 0. 0. 0. 0.
  0. 0. 1. 0. 0. 0.]
 [0. 0. 0. 0. 0. 0. 0. 0. 0. 0. 0. 0. 0. 0. 0. 0. 0. 0. 0. 0. 0. 0. 0. 0.
  0. 0. 0. 0. 0. 0.]
 [0. 0. 0. 0. 0. 0. 0. 0. 0. 0. 0. 0. 0. 0. 0. 0. 0. 0. 0. 0. 0. 0. 0. 0.
  0. 0. 0. 0. 0. 0.]
 [0. 0. 0. 0. 0. 1. 0. 0. 1. 0. 0. 0. 0. 0. 0. 0. 0. 0. 0. 0. 0. 0. 0. 0.
  0. 0. 0. 0. 1. 0.]
 [0. 0. 0. 1. 1. 0. 0. 0. 1. 0. 0. 0. 0. 0. 0. 0. 0. 1. 0. 0. 0. 0. 0. 0.
  0. 0. 0. 0. 1. 1.]
 [0. 0. 0. 0. 0. 0. 0. 0. 0. 0. 0. 0. 0. 0. 0. 1. 0. 0. 0. 0. 0. 0. 0. 0.
  0. 0. 0. 0. 0. 0.]
 [0. 0. 0. 1. 0. 0. 0. 0. 0. 0. 0. 0. 0. 0. 0. 0. 0. 0. 1. 0. 0. 0. 1. 0.
  0. 0. 1. 0. 0. 0.]
 [0. 0. 0. 0. 0. 0. 1. 0. 0. 0. 0. 0. 0. 0. 0. 0. 0. 0. 0. 0. 0. 0. 1. 0.
  0. 0. 0. 0. 0. 0.]
 [0. 0. 0. 0. 0. 0. 0. 1. 0. 0. 0. 0. 0. 0. 0. 0. 0. 1. 0. 0. 0. 0. 0. 1.
  0. 0. 0. 0. 1. 0.]
 [0. 0. 0. 0. 0. 0. 0. 0. 0. 0. 0. 0. 0. 0. 0. 1. 0. 0. 0. 0. 0. 0. 0. 0.
  0. 0. 0. 0. 0. 0.]
 [0. 0. 0. 0. 0. 0. 0. 1. 0. 0. 0. 0. 0. 0. 0. 0. 0. 0. 0. 0. 0. 0. 0. 0.
  0. 0. 0. 0. 0. 0.]
 [0. 0. 0. 0. 0. 0. 0. 0. 0. 0. 0. 0. 0. 0. 0. 0. 0. 0. 0. 0. 0. 0. 0. 0.
  0. 0. 0. 0. 0. 0.]
 [0. 0. 0. 0. 0. 1. 0. 0. 0. 0. 0. 0. 0. 0. 0. 0. 0. 0. 1. 0. 0. 0. 0. 0.
  0. 0. 0. 0. 0. 0.]]
[0. 0. 0. 0. 0. 0. 0. 0. 0. 0. 0. 0. 0. 0. 0. 0. 0. 0. 1. 0. 0. 0. 0. 0.
 0. 0. 0. 0. 0. 0. 0. 0. 0. 1. 1. 0. 0. 0. 0. 0. 0. 0. 0. 0. 0. 0. 0. 0.
 0. 0. 0. 0. 0. 0. 0. 0. 0. 0. 0. 0. 0. 0. 0. 0. 0. 0. 0. 0. 0. 0. 0. 0.
 0. 0. 0. 0. 0. 0. 0. 0. 0. 0. 0. 0. 0. 0. 0. 0. 0. 0. 0. 0. 0. 0. 0. 0.
 0. 0. 0. 0. 0. 0. 0. 0. 0. 0. 0. 0. 0. 0. 0. 0. 0. 0. 0. 0. 0. 0. 0. 0.
 0. 0. 0. 0. 0. 0. 0. 0. 0. 0. 0. 0. 0. 0. 0. 0. 0. 0. 0. 0. 0. 0. 0. 0.
 0. 0. 0. 0. 0. 0. 0. 0. 0. 0. 0. 0. 0. 0. 0. 0. 0. 0. 0. 1. 0. 0. 0. 0.
 0. 0. 0. 0. 0. 0. 0. 0. 0. 0. 0. 0. 0. 0. 0. 0. 0. 0. 0. 0. 0. 0. 0. 0.
 0. 0. 0. 0. 0. 0. 0. 0. 0. 0. 0. 0. 0. 0. 1. 0. 0. 0. 0. 0. 0. 0. 0. 0.
 0. 0. 0. 0. 0. 0. 0. 0. 0. 0. 0. 0. 0. 0. 0. 0. 0. 0. 0. 0. 0. 0. 0. 0.
 0. 0. 0. 0. 0. 0. 0. 0. 0. 1. 1. 0. 0. 1. 0. 0. 0. 0. 0. 0. 0. 1. 0. 0.
 0. 0. 1. 0. 1. 0. 0. 1. 0. 0. 0. 0. 0. 0. 0. 0. 0. 0. 0. 0. 0. 0. 1. 0.
 0. 0. 0. 0. 0. 0. 0. 0. 0. 0. 1. 0. 0. 0. 0. 0. 0. 0. 0. 0. 0. 0. 0. 0.
 0. 0. 0. 0. 1. 0. 0. 0. 0. 1. 0. 0. 0. 0. 0. 0. 0. 0. 0. 0. 0. 0. 0. 0.
 0. 0. 0. 0. 0. 0. 0. 0. 1. 0. 0. 0. 0. 0. 0. 0. 0. 0. 1. 0. 1. 0. 0. 0.
 0. 0. 0. 0. 0. 0. 0. 0. 0. 0. 1. 0. 0. 1. 0. 0. 1. 0. 0. 0. 0. 1. 0. 0.
 0. 0. 0. 0. 0. 0. 0. 0. 0. 1. 0. 1. 0. 0. 0. 0. 0. 0. 1. 0. 0. 0. 0. 0.
 0. 0. 0. 0. 0. 0. 0. 0. 0. 1. 0. 0. 0. 0. 0. 0. 0. 0. 0. 0. 1. 0. 1. 0.
 0. 0. 0. 0. 0. 0. 0. 0. 0. 0. 0. 0. 0. 0. 0. 0. 0. 0. 0. 0. 0. 0. 0. 0.
 0. 0. 0. 0. 0. 0. 0. 0. 0. 0. 1. 0. 0. 0. 0. 0. 1. 0. 0. 0. 0. 0. 0. 0.
 0. 0. 0. 1. 1. 0. 0. 0. 0. 0. 0. 0. 0. 0. 0. 0. 0. 1. 0. 0. 1. 0. 0. 0.
 0. 0. 0. 0. 0. 0. 0. 0. 0. 0. 0. 0. 0. 0. 1. 0. 0. 0. 0. 0. 0. 0. 0. 0.
 0. 0. 0. 0. 0. 0. 0. 0. 0. 0. 0. 0. 0. 0. 0. 0. 0. 0. 0. 0. 0. 0. 0. 0.
 0. 0. 0. 0. 0. 0. 0. 0. 0. 0. 0. 0. 0. 0. 0. 0. 0. 0. 0. 0. 0. 0. 0. 0.
 0. 0. 0. 0. 0. 0. 0. 0. 0. 1. 0. 0. 1. 0. 0. 0. 0. 0. 0. 0. 0. 0. 0. 0.
 0. 0. 0. 0. 0. 0. 0. 1. 0. 0. 0. 0. 1. 1. 0. 0. 0. 1. 0. 0. 0. 0. 0. 0.
 0. 0. 1. 0. 0. 0. 0. 0. 0. 0. 0. 0. 1. 1. 0. 0. 0. 0. 0. 0. 0. 0. 0. 0.
 0. 0. 0. 0. 0. 1. 0. 0. 0. 0. 0. 0. 0. 0. 0. 0. 0. 0. 0. 0. 0. 0. 1. 0.
 0. 0. 0. 0. 0. 0. 0. 0. 0. 0. 0. 0. 0. 1. 0. 0. 0. 1. 0. 0. 1. 0. 0. 0.
 0. 0. 0. 0. 0. 0. 1. 0. 0. 0. 0. 0. 0. 0. 0. 0. 0. 0. 0. 0. 0. 0. 1. 0.
 0. 0. 0. 0. 0. 0. 0. 0. 0. 0. 0. 0. 1. 0. 0. 0. 0. 0. 0. 0. 0. 0. 1. 0.
 0. 0. 0. 0. 1. 0. 0. 0. 1. 0. 0. 0. 0. 0. 0. 0. 0. 0. 0. 0. 0. 0. 0. 0.
 0. 1. 0. 0. 0. 0. 0. 0. 0. 0. 0. 0. 0. 0. 0. 0. 0. 0. 0. 0. 0. 0. 1. 0.
 0. 0. 0. 0. 0. 0. 0. 0. 0. 0. 0. 0. 0. 0. 0. 0. 0. 0. 0. 0. 0. 0. 0. 0.
 0. 0. 0. 0. 0. 0. 0. 0. 0. 0. 0. 0. 0. 0. 0. 0. 0. 0. 0. 0. 0. 0. 0. 0.
 0. 0. 0. 0. 0. 0. 1. 0. 0. 0. 0. 0. 0. 0. 0. 0. 0. 0. 0. 1. 0. 0. 0. 0.
 0. 0. 0. 0. 0. 0.]
aucroc, aucpr (0.807283950617284, 0.5386324141755098)
Iterations 567
Achieves (6.423795639751447, 1e-05)-DP
