samples  5000  graph  30 120 ER mlp  minibatch size  50  noise  0.6  minibatches per NN training  250 quantile adaptive clipping
cuda
cuda
iteration 1 in inner loop,alpha 0.0 rho 1.0 h 2.407192360868244
iteration 1 in outer loop, alpha = 2.407192360868244, rho = 1.0, h = 2.407192360868244
cuda
iteration 1 in inner loop,alpha 2.407192360868244 rho 1.0 h 1.519847643277938
iteration 2 in inner loop,alpha 2.407192360868244 rho 10.0 h 0.6681085661998409
iteration 3 in inner loop,alpha 2.407192360868244 rho 100.0 h 0.2142382096787543
iteration 2 in outer loop, alpha = 23.831013328743673, rho = 100.0, h = 0.2142382096787543
cuda
iteration 1 in inner loop,alpha 23.831013328743673 rho 100.0 h 0.12078187772351612
iteration 2 in inner loop,alpha 23.831013328743673 rho 1000.0 h 0.04372606397762979
iteration 3 in outer loop, alpha = 67.55707730637346, rho = 1000.0, h = 0.04372606397762979
cuda
iteration 1 in inner loop,alpha 67.55707730637346 rho 1000.0 h 0.023239082362103147
iteration 2 in inner loop,alpha 67.55707730637346 rho 10000.0 h 0.007686345269199535
iteration 4 in outer loop, alpha = 144.4205299983688, rho = 10000.0, h = 0.007686345269199535
cuda
iteration 1 in inner loop,alpha 144.4205299983688 rho 10000.0 h 0.004012326571370295
iteration 2 in inner loop,alpha 144.4205299983688 rho 100000.0 h 0.0013267240677272696
iteration 5 in outer loop, alpha = 277.09293677109576, rho = 100000.0, h = 0.0013267240677272696
cuda
iteration 1 in inner loop,alpha 277.09293677109576 rho 100000.0 h 0.000637695786529946
iteration 6 in outer loop, alpha = 914.7887233010417, rho = 1000000.0, h = 0.000637695786529946
Threshold 0.3
[[0.002 0.    0.001 1.883 0.004 0.161 0.156 0.    0.    0.    0.    0.094
  0.    0.    0.    0.914 0.    0.    0.663 0.16  0.    0.    0.163 0.
  0.    0.    0.165 0.    0.204 0.   ]
 [0.392 0.003 0.02  0.091 0.202 1.539 0.186 0.    1.    0.    0.    0.123
  0.    0.    0.    0.832 0.    1.189 0.336 0.589 0.    0.003 0.996 0.001
  0.    0.    0.166 0.    0.215 0.149]
 [0.167 0.039 0.001 0.452 0.011 0.443 0.215 0.002 0.126 0.    0.    0.154
  0.    0.    0.    0.734 0.    0.253 0.05  0.076 0.    0.    0.196 0.
  0.    0.002 0.177 0.    0.233 0.004]
 [0.    0.    0.    0.003 0.    0.002 0.136 0.    0.    0.    0.    0.
  0.    0.    0.    0.799 0.    0.    0.196 0.547 0.    0.    0.172 0.
  0.    0.    0.    0.    0.171 0.   ]
 [0.079 0.006 0.066 0.212 0.003 0.079 0.332 0.    0.207 0.    0.    0.187
  0.    0.    0.    0.175 0.    0.001 0.665 0.151 0.    0.001 1.418 0.
  0.    0.    0.087 0.    0.153 0.005]
 [0.001 0.    0.    0.181 0.007 0.002 1.615 0.    0.001 0.    0.    0.
  0.    0.    0.    0.18  0.    0.    0.141 0.105 0.    0.    0.279 0.
  0.    0.    0.    0.    0.779 0.   ]
 [0.    0.    0.    0.001 0.    0.    0.004 0.    0.001 0.    0.    0.
  0.    0.    0.    0.957 0.    0.    0.005 0.001 0.    0.    0.    0.
  0.    0.    0.    0.    0.069 0.   ]
 [0.421 0.769 0.108 0.142 2.121 0.176 0.196 0.002 1.375 0.    0.    0.131
  0.    0.    0.    0.509 0.    0.301 0.165 0.687 0.    0.004 0.259 0.001
  0.    0.005 0.146 0.    0.332 0.274]
 [1.206 0.    0.002 0.251 0.002 0.111 0.101 0.    0.002 0.    0.    0.281
  0.    0.    0.    0.072 0.    0.    0.258 0.836 0.    0.    0.116 0.
  0.    0.    0.111 0.    0.114 0.   ]
 [0.313 0.957 0.167 0.23  0.278 0.354 0.213 0.319 1.047 0.001 0.    0.214
  2.239 0.093 0.007 0.29  0.001 0.393 0.23  0.095 0.002 0.478 0.452 0.084
  0.    0.164 0.241 0.002 0.325 1.846]
 [1.65  1.791 0.317 0.166 0.182 0.327 0.304 1.956 0.276 1.27  0.002 0.062
  0.169 0.276 0.004 1.067 0.    0.28  0.227 0.172 0.017 0.09  0.263 0.02
  0.    0.208 0.091 0.015 1.003 0.423]
 [0.012 0.001 0.003 0.133 0.005 0.134 0.887 0.    0.004 0.    0.    0.001
  0.    0.    0.    0.312 0.    0.    0.194 0.122 0.    0.    0.154 0.
  0.    0.    0.904 0.    0.139 0.   ]
 [0.156 1.641 0.103 0.176 2.287 0.36  0.346 1.359 0.855 0.    0.    1.731
  0.001 0.    0.    0.226 0.    0.184 0.637 0.091 0.    2.507 0.539 0.003
  0.    0.03  1.051 0.    0.346 0.264]
 [0.223 0.187 2.753 1.116 0.126 1.683 0.352 0.126 0.409 0.004 0.002 0.49
  0.299 0.001 0.    0.489 0.    1.74  0.4   0.218 0.    0.126 0.313 2.614
  0.    0.522 0.365 0.007 0.218 2.422]
 [0.231 0.836 0.07  0.251 0.252 0.238 0.422 0.282 0.26  0.028 0.019 0.676
  2.495 0.083 0.001 0.253 0.    0.176 0.185 0.167 0.358 0.619 1.023 3.569
  0.006 0.103 0.45  0.003 0.439 0.273]
 [0.    0.    0.    0.    0.001 0.    0.001 0.    0.    0.    0.    0.
  0.    0.    0.    0.005 0.    0.    0.004 0.001 0.    0.    0.    0.
  0.    0.    0.    0.    0.101 0.   ]
 [0.206 0.228 0.147 0.067 0.349 1.065 0.548 0.276 0.545 0.128 0.079 0.128
  1.091 0.109 3.006 0.455 0.001 0.026 0.2   0.07  0.707 1.326 0.198 0.332
  0.002 0.053 0.137 0.004 0.267 0.142]
 [0.171 0.    0.001 0.225 0.142 0.242 0.19  0.    1.092 0.    0.    0.214
  0.    0.    0.    0.186 0.    0.001 0.688 0.235 0.    0.    0.339 0.
  0.    0.    0.688 0.    0.182 0.001]
 [0.001 0.001 0.002 0.001 0.    0.002 0.25  0.    0.001 0.    0.    0.
  0.    0.    0.    0.165 0.    0.    0.012 0.001 0.    0.    0.009 0.
  0.    0.001 0.001 0.    0.007 0.   ]
 [0.    0.    0.001 0.004 0.001 0.003 0.253 0.001 0.    0.    0.    0.001
  0.    0.    0.    0.233 0.    0.    0.693 0.004 0.    0.    0.208 0.
  0.    0.    0.    0.    0.385 0.   ]
 [0.191 0.535 0.214 0.393 1.823 1.008 0.266 1.103 0.183 0.083 0.027 0.205
  0.223 3.741 0.001 0.134 0.001 0.215 0.222 0.06  0.001 1.695 0.636 0.075
  0.    2.439 0.223 0.002 0.22  0.158]
 [0.084 0.183 2.458 1.061 1.499 0.216 0.588 0.234 0.446 0.    0.    0.363
  0.    0.    0.    0.258 0.    2.282 0.285 0.224 0.    0.001 0.506 0.
  0.    0.003 0.285 0.    0.508 2.097]
 [0.001 0.001 0.001 0.002 0.    0.001 1.053 0.    0.001 0.    0.    0.
  0.    0.    0.    0.191 0.    0.    0.512 0.003 0.    0.    0.005 0.
  0.    0.    0.001 0.    0.083 0.   ]
 [2.093 0.278 0.128 0.19  0.22  0.149 0.988 0.133 0.516 0.003 0.    2.154
  0.249 0.    0.    0.754 0.    0.087 0.773 0.764 0.    0.259 0.449 0.002
  0.    0.013 1.525 0.    0.12  0.126]
 [0.229 0.447 0.695 0.129 0.167 0.525 0.579 0.282 0.116 1.144 4.368 0.149
  0.191 2.14  0.04  0.147 0.01  0.393 0.164 0.064 0.033 0.101 0.879 0.108
  0.001 2.782 0.113 0.003 0.262 0.902]
 [0.228 1.713 0.18  0.071 0.186 0.245 0.186 0.116 0.19  0.003 0.004 0.103
  0.018 0.    0.    0.12  0.    0.116 0.336 0.163 0.    0.127 1.331 0.037
  0.    0.003 0.065 0.    0.089 0.143]
 [0.002 0.    0.001 1.52  0.009 1.769 0.358 0.    0.001 0.    0.    0.
  0.    0.    0.    0.733 0.    0.    0.8   0.182 0.    0.    1.298 0.
  0.    0.    0.003 0.    0.74  0.   ]
 [2.067 0.355 0.188 0.264 0.124 0.222 0.088 0.1   0.247 0.013 0.007 0.978
  0.005 0.017 0.021 0.188 0.018 0.121 0.166 0.073 0.001 0.051 0.895 0.033
  0.003 2.995 0.137 0.    0.123 0.089]
 [0.002 0.001 0.001 0.012 0.005 0.002 0.033 0.002 0.001 0.    0.    0.001
  0.    0.    0.    0.081 0.    0.    0.122 0.014 0.    0.    0.008 0.
  0.    0.    0.002 0.    0.011 0.   ]
 [0.268 0.004 0.236 0.383 0.143 0.244 0.224 0.002 0.555 0.    0.    1.962
  0.    0.    0.    0.19  0.    0.312 0.603 0.199 0.    0.    0.163 0.
  0.    0.001 0.689 0.    0.109 0.002]]
[[0.    0.    0.    1.883 0.    0.    0.    0.    0.    0.    0.    0.
  0.    0.    0.    0.914 0.    0.    0.663 0.    0.    0.    0.    0.
  0.    0.    0.    0.    0.    0.   ]
 [0.392 0.    0.    0.    0.    1.539 0.    0.    1.    0.    0.    0.
  0.    0.    0.    0.832 0.    1.189 0.336 0.589 0.    0.    0.996 0.
  0.    0.    0.    0.    0.    0.   ]
 [0.    0.    0.    0.452 0.    0.443 0.    0.    0.    0.    0.    0.
  0.    0.    0.    0.734 0.    0.    0.    0.    0.    0.    0.    0.
  0.    0.    0.    0.    0.    0.   ]
 [0.    0.    0.    0.    0.    0.    0.    0.    0.    0.    0.    0.
  0.    0.    0.    0.799 0.    0.    0.    0.547 0.    0.    0.    0.
  0.    0.    0.    0.    0.    0.   ]
 [0.    0.    0.    0.    0.    0.    0.332 0.    0.    0.    0.    0.
  0.    0.    0.    0.    0.    0.    0.665 0.    0.    0.    1.418 0.
  0.    0.    0.    0.    0.    0.   ]
 [0.    0.    0.    0.    0.    0.    1.615 0.    0.    0.    0.    0.
  0.    0.    0.    0.    0.    0.    0.    0.    0.    0.    0.    0.
  0.    0.    0.    0.    0.779 0.   ]
 [0.    0.    0.    0.    0.    0.    0.    0.    0.    0.    0.    0.
  0.    0.    0.    0.957 0.    0.    0.    0.    0.    0.    0.    0.
  0.    0.    0.    0.    0.    0.   ]
 [0.421 0.769 0.    0.    2.121 0.    0.    0.    1.375 0.    0.    0.
  0.    0.    0.    0.509 0.    0.301 0.    0.687 0.    0.    0.    0.
  0.    0.    0.    0.    0.332 0.   ]
 [1.206 0.    0.    0.    0.    0.    0.    0.    0.    0.    0.    0.
  0.    0.    0.    0.    0.    0.    0.    0.836 0.    0.    0.    0.
  0.    0.    0.    0.    0.    0.   ]
 [0.313 0.957 0.    0.    0.    0.354 0.    0.319 1.047 0.    0.    0.
  2.239 0.    0.    0.    0.    0.393 0.    0.    0.    0.478 0.452 0.
  0.    0.    0.    0.    0.325 1.846]
 [1.65  1.791 0.317 0.    0.    0.327 0.304 1.956 0.    1.27  0.    0.
  0.    0.    0.    1.067 0.    0.    0.    0.    0.    0.    0.    0.
  0.    0.    0.    0.    1.003 0.423]
 [0.    0.    0.    0.    0.    0.    0.887 0.    0.    0.    0.    0.
  0.    0.    0.    0.312 0.    0.    0.    0.    0.    0.    0.    0.
  0.    0.    0.904 0.    0.    0.   ]
 [0.    1.641 0.    0.    2.287 0.36  0.346 1.359 0.855 0.    0.    1.731
  0.    0.    0.    0.    0.    0.    0.637 0.    0.    2.507 0.539 0.
  0.    0.    1.051 0.    0.346 0.   ]
 [0.    0.    2.753 1.116 0.    1.683 0.352 0.    0.409 0.    0.    0.49
  0.    0.    0.    0.489 0.    1.74  0.4   0.    0.    0.    0.313 2.614
  0.    0.522 0.365 0.    0.    2.422]
 [0.    0.836 0.    0.    0.    0.    0.422 0.    0.    0.    0.    0.676
  2.495 0.    0.    0.    0.    0.    0.    0.    0.358 0.619 1.023 3.569
  0.    0.    0.45  0.    0.439 0.   ]
 [0.    0.    0.    0.    0.    0.    0.    0.    0.    0.    0.    0.
  0.    0.    0.    0.    0.    0.    0.    0.    0.    0.    0.    0.
  0.    0.    0.    0.    0.    0.   ]
 [0.    0.    0.    0.    0.349 1.065 0.548 0.    0.545 0.    0.    0.
  1.091 0.    3.006 0.455 0.    0.    0.    0.    0.707 1.326 0.    0.332
  0.    0.    0.    0.    0.    0.   ]
 [0.    0.    0.    0.    0.    0.    0.    0.    1.092 0.    0.    0.
  0.    0.    0.    0.    0.    0.    0.688 0.    0.    0.    0.339 0.
  0.    0.    0.688 0.    0.    0.   ]
 [0.    0.    0.    0.    0.    0.    0.    0.    0.    0.    0.    0.
  0.    0.    0.    0.    0.    0.    0.    0.    0.    0.    0.    0.
  0.    0.    0.    0.    0.    0.   ]
 [0.    0.    0.    0.    0.    0.    0.    0.    0.    0.    0.    0.
  0.    0.    0.    0.    0.    0.    0.693 0.    0.    0.    0.    0.
  0.    0.    0.    0.    0.385 0.   ]
 [0.    0.535 0.    0.393 1.823 1.008 0.    1.103 0.    0.    0.    0.
  0.    3.741 0.    0.    0.    0.    0.    0.    0.    1.695 0.636 0.
  0.    2.439 0.    0.    0.    0.   ]
 [0.    0.    2.458 1.061 1.499 0.    0.588 0.    0.446 0.    0.    0.363
  0.    0.    0.    0.    0.    2.282 0.    0.    0.    0.    0.506 0.
  0.    0.    0.    0.    0.508 2.097]
 [0.    0.    0.    0.    0.    0.    1.053 0.    0.    0.    0.    0.
  0.    0.    0.    0.    0.    0.    0.512 0.    0.    0.    0.    0.
  0.    0.    0.    0.    0.    0.   ]
 [2.093 0.    0.    0.    0.    0.    0.988 0.    0.516 0.    0.    2.154
  0.    0.    0.    0.754 0.    0.    0.773 0.764 0.    0.    0.449 0.
  0.    0.    1.525 0.    0.    0.   ]
 [0.    0.447 0.695 0.    0.    0.525 0.579 0.    0.    1.144 4.368 0.
  0.    2.14  0.    0.    0.    0.393 0.    0.    0.    0.    0.879 0.
  0.    2.782 0.    0.    0.    0.902]
 [0.    1.713 0.    0.    0.    0.    0.    0.    0.    0.    0.    0.
  0.    0.    0.    0.    0.    0.    0.336 0.    0.    0.    1.331 0.
  0.    0.    0.    0.    0.    0.   ]
 [0.    0.    0.    1.52  0.    1.769 0.358 0.    0.    0.    0.    0.
  0.    0.    0.    0.733 0.    0.    0.8   0.    0.    0.    1.298 0.
  0.    0.    0.    0.    0.74  0.   ]
 [2.067 0.355 0.    0.    0.    0.    0.    0.    0.    0.    0.    0.978
  0.    0.    0.    0.    0.    0.    0.    0.    0.    0.    0.895 0.
  0.    2.995 0.    0.    0.    0.   ]
 [0.    0.    0.    0.    0.    0.    0.    0.    0.    0.    0.    0.
  0.    0.    0.    0.    0.    0.    0.    0.    0.    0.    0.    0.
  0.    0.    0.    0.    0.    0.   ]
 [0.    0.    0.    0.383 0.    0.    0.    0.    0.555 0.    0.    1.962
  0.    0.    0.    0.    0.    0.312 0.603 0.    0.    0.    0.    0.
  0.    0.    0.689 0.    0.    0.   ]]
{'fdr': 0.3235294117647059, 'tpr': 0.9583333333333334, 'fpr': 0.1746031746031746, 'f1': 0.7931034482758621, 'shd': 60, 'npred': 170, 'ntrue': 120}
[2.742e-04 8.636e-04 1.883e+00 4.131e-03 1.612e-01 1.563e-01 2.559e-05
 4.319e-04 2.048e-05 1.846e-05 9.361e-02 1.420e-05 2.572e-05 3.680e-05
 9.139e-01 2.256e-05 6.886e-05 6.635e-01 1.597e-01 7.071e-07 4.064e-05
 1.633e-01 2.023e-04 2.176e-06 1.138e-04 1.647e-01 2.700e-05 2.035e-01
 1.128e-04 3.920e-01 1.958e-02 9.135e-02 2.020e-01 1.539e+00 1.855e-01
 3.002e-04 9.997e-01 7.185e-05 3.445e-05 1.227e-01 2.110e-04 1.359e-04
 1.006e-04 8.325e-01 4.921e-05 1.189e+00 3.364e-01 5.889e-01 4.955e-05
 3.246e-03 9.964e-01 6.399e-04 1.061e-06 2.944e-04 1.657e-01 2.243e-05
 2.145e-01 1.487e-01 1.674e-01 3.938e-02 4.524e-01 1.131e-02 4.434e-01
 2.146e-01 2.433e-03 1.258e-01 2.544e-06 1.240e-05 1.536e-01 2.531e-05
 1.822e-04 4.446e-06 7.344e-01 5.887e-06 2.532e-01 4.952e-02 7.645e-02
 1.742e-05 1.065e-04 1.962e-01 3.398e-04 1.802e-05 2.317e-03 1.775e-01
 1.036e-04 2.328e-01 3.626e-03 1.072e-04 1.617e-04 1.434e-04 3.673e-04
 1.544e-03 1.360e-01 5.817e-05 1.417e-04 5.154e-05 6.069e-05 5.599e-05
 1.059e-04 1.953e-05 2.121e-06 7.987e-01 1.889e-05 4.185e-05 1.960e-01
 5.469e-01 6.406e-06 1.306e-05 1.718e-01 1.857e-05 1.126e-05 2.389e-05
 1.423e-04 1.226e-05 1.712e-01 5.646e-05 7.927e-02 5.863e-03 6.612e-02
 2.121e-01 7.855e-02 3.322e-01 3.968e-04 2.067e-01 2.825e-05 1.748e-05
 1.866e-01 6.280e-05 1.135e-05 1.650e-05 1.749e-01 1.537e-06 1.097e-03
 6.654e-01 1.506e-01 4.110e-05 6.835e-04 1.418e+00 3.232e-04 8.627e-07
 4.899e-04 8.683e-02 7.379e-05 1.527e-01 4.701e-03 7.419e-04 4.758e-04
 7.687e-05 1.809e-01 6.626e-03 1.615e+00 3.663e-04 1.429e-03 2.374e-05
 1.747e-05 7.249e-05 6.494e-05 8.976e-06 6.951e-06 1.803e-01 3.077e-06
 2.173e-04 1.412e-01 1.052e-01 2.769e-06 1.196e-05 2.785e-01 3.116e-05
 1.611e-06 3.793e-05 1.380e-04 5.979e-06 7.793e-01 4.863e-05 2.356e-04
 1.504e-04 1.274e-04 9.708e-04 7.729e-05 3.855e-04 1.169e-04 8.062e-04
 2.002e-06 4.779e-05 8.054e-05 3.270e-05 1.216e-05 1.474e-05 9.574e-01
 1.115e-05 3.400e-05 4.895e-03 8.059e-04 1.990e-06 1.880e-05 4.521e-04
 2.497e-04 3.712e-06 6.501e-05 6.180e-05 3.052e-06 6.892e-02 1.241e-05
 4.208e-01 7.686e-01 1.083e-01 1.424e-01 2.121e+00 1.764e-01 1.960e-01
 1.375e+00 4.229e-05 2.297e-05 1.308e-01 1.956e-04 1.338e-04 1.981e-05
 5.090e-01 1.468e-05 3.015e-01 1.653e-01 6.865e-01 5.433e-06 3.739e-03
 2.595e-01 1.428e-03 5.591e-06 5.037e-03 1.459e-01 1.420e-04 3.322e-01
 2.744e-01 1.206e+00 4.672e-04 1.593e-03 2.509e-01 1.672e-03 1.110e-01
 1.011e-01 8.798e-05 6.905e-05 1.513e-05 2.808e-01 3.155e-05 1.830e-05
 1.211e-05 7.250e-02 1.203e-05 1.740e-04 2.580e-01 8.359e-01 4.150e-06
 6.512e-05 1.164e-01 1.955e-04 6.318e-07 1.030e-04 1.106e-01 1.324e-05
 1.144e-01 1.394e-04 3.127e-01 9.568e-01 1.666e-01 2.299e-01 2.778e-01
 3.536e-01 2.134e-01 3.190e-01 1.047e+00 9.524e-05 2.143e-01 2.239e+00
 9.265e-02 6.614e-03 2.901e-01 5.602e-04 3.926e-01 2.305e-01 9.531e-02
 1.838e-03 4.776e-01 4.520e-01 8.362e-02 5.153e-05 1.637e-01 2.409e-01
 1.733e-03 3.251e-01 1.846e+00 1.650e+00 1.791e+00 3.165e-01 1.663e-01
 1.817e-01 3.275e-01 3.043e-01 1.956e+00 2.756e-01 1.270e+00 6.228e-02
 1.692e-01 2.759e-01 4.441e-03 1.067e+00 1.301e-04 2.804e-01 2.268e-01
 1.725e-01 1.668e-02 8.969e-02 2.628e-01 2.014e-02 2.472e-04 2.076e-01
 9.098e-02 1.531e-02 1.003e+00 4.228e-01 1.171e-02 1.020e-03 2.662e-03
 1.333e-01 5.283e-03 1.341e-01 8.870e-01 3.715e-04 3.926e-03 2.483e-05
 2.430e-05 3.752e-05 1.033e-05 3.596e-06 3.121e-01 5.065e-06 1.380e-04
 1.944e-01 1.221e-01 2.342e-06 4.047e-05 1.540e-01 5.241e-05 4.251e-06
 4.926e-04 9.039e-01 5.330e-05 1.392e-01 2.221e-04 1.562e-01 1.641e+00
 1.032e-01 1.756e-01 2.287e+00 3.604e-01 3.456e-01 1.359e+00 8.551e-01
 1.562e-04 3.392e-05 1.731e+00 1.149e-04 7.237e-05 2.258e-01 2.286e-05
 1.843e-01 6.371e-01 9.115e-02 3.875e-05 2.507e+00 5.389e-01 3.197e-03
 7.566e-06 3.047e-02 1.051e+00 3.484e-04 3.457e-01 2.644e-01 2.228e-01
 1.866e-01 2.753e+00 1.116e+00 1.255e-01 1.683e+00 3.522e-01 1.259e-01
 4.094e-01 4.462e-03 1.766e-03 4.897e-01 2.986e-01 8.546e-05 4.892e-01
 1.493e-04 1.740e+00 4.002e-01 2.182e-01 7.674e-05 1.263e-01 3.135e-01
 2.614e+00 2.586e-04 5.218e-01 3.651e-01 6.657e-03 2.179e-01 2.422e+00
 2.309e-01 8.357e-01 6.997e-02 2.509e-01 2.520e-01 2.384e-01 4.215e-01
 2.817e-01 2.604e-01 2.783e-02 1.940e-02 6.759e-01 2.495e+00 8.339e-02
 2.530e-01 2.554e-04 1.757e-01 1.855e-01 1.672e-01 3.583e-01 6.193e-01
 1.023e+00 3.569e+00 5.857e-03 1.027e-01 4.502e-01 2.588e-03 4.394e-01
 2.725e-01 8.834e-05 4.268e-04 3.401e-04 3.216e-04 5.407e-04 2.418e-04
 1.376e-03 4.520e-05 5.175e-05 2.499e-05 4.052e-05 1.061e-04 5.196e-05
 1.551e-05 5.389e-06 9.212e-06 1.250e-04 4.133e-03 5.947e-04 3.414e-06
 1.753e-05 2.746e-04 3.354e-05 2.920e-06 1.357e-04 2.296e-04 2.487e-05
 1.007e-01 2.955e-05 2.064e-01 2.281e-01 1.466e-01 6.673e-02 3.491e-01
 1.065e+00 5.483e-01 2.758e-01 5.452e-01 1.285e-01 7.864e-02 1.281e-01
 1.091e+00 1.088e-01 3.006e+00 4.554e-01 2.595e-02 2.004e-01 7.001e-02
 7.072e-01 1.326e+00 1.978e-01 3.323e-01 2.240e-03 5.299e-02 1.365e-01
 3.955e-03 2.670e-01 1.421e-01 1.712e-01 4.764e-04 6.666e-04 2.248e-01
 1.420e-01 2.423e-01 1.901e-01 9.561e-05 1.092e+00 5.459e-06 1.829e-05
 2.141e-01 3.911e-05 1.126e-04 4.882e-06 1.858e-01 3.694e-07 6.875e-01
 2.349e-01 1.996e-05 1.236e-04 3.389e-01 9.995e-05 6.817e-06 1.298e-04
 6.879e-01 9.730e-06 1.818e-01 9.526e-04 1.210e-03 5.518e-04 1.819e-03
 7.932e-04 3.810e-04 2.198e-03 2.505e-01 7.468e-05 5.524e-04 2.262e-05
 2.454e-05 4.572e-04 6.260e-05 6.021e-05 7.258e-05 1.646e-01 5.745e-05
 3.011e-04 5.053e-04 5.062e-06 9.968e-05 9.172e-03 3.173e-04 1.149e-06
 5.237e-04 1.129e-03 1.892e-05 7.079e-03 1.503e-04 4.231e-04 3.676e-04
 6.708e-04 4.417e-03 1.215e-03 2.869e-03 2.532e-01 5.634e-04 2.323e-04
 7.971e-06 1.445e-05 6.650e-04 2.801e-05 6.672e-05 6.336e-05 2.330e-01
 3.706e-05 6.759e-05 6.927e-01 1.989e-05 5.136e-05 2.082e-01 2.633e-04
 1.984e-05 1.971e-04 1.015e-04 2.928e-05 3.851e-01 1.722e-04 1.912e-01
 5.353e-01 2.138e-01 3.931e-01 1.823e+00 1.008e+00 2.661e-01 1.103e+00
 1.832e-01 8.259e-02 2.702e-02 2.047e-01 2.230e-01 3.741e+00 7.477e-04
 1.344e-01 6.654e-04 2.154e-01 2.215e-01 6.002e-02 1.695e+00 6.365e-01
 7.477e-02 1.710e-04 2.439e+00 2.231e-01 1.552e-03 2.205e-01 1.583e-01
 8.384e-02 1.833e-01 2.458e+00 1.061e+00 1.499e+00 2.159e-01 5.876e-01
 2.336e-01 4.461e-01 9.699e-06 4.001e-06 3.629e-01 3.466e-05 2.134e-05
 1.965e-05 2.576e-01 6.013e-06 2.282e+00 2.847e-01 2.238e-01 5.713e-05
 5.058e-01 2.539e-04 1.202e-06 3.341e-03 2.850e-01 5.063e-05 5.079e-01
 2.097e+00 6.309e-04 1.141e-03 6.393e-04 1.686e-03 3.079e-04 9.429e-04
 1.053e+00 3.218e-05 1.434e-03 7.099e-06 9.307e-06 2.635e-04 2.716e-05
 2.186e-05 3.998e-06 1.908e-01 2.988e-06 1.284e-04 5.120e-01 2.680e-03
 3.010e-06 6.395e-05 2.408e-05 8.083e-06 1.342e-04 6.505e-04 4.176e-05
 8.274e-02 8.368e-05 2.093e+00 2.778e-01 1.278e-01 1.902e-01 2.205e-01
 1.491e-01 9.882e-01 1.332e-01 5.165e-01 3.011e-03 6.491e-05 2.154e+00
 2.489e-01 9.041e-05 1.858e-04 7.536e-01 6.139e-05 8.730e-02 7.732e-01
 7.638e-01 5.865e-06 2.592e-01 4.494e-01 4.152e-05 1.348e-02 1.525e+00
 1.888e-05 1.197e-01 1.257e-01 2.288e-01 4.472e-01 6.954e-01 1.292e-01
 1.674e-01 5.247e-01 5.795e-01 2.817e-01 1.156e-01 1.144e+00 4.368e+00
 1.492e-01 1.909e-01 2.140e+00 4.046e-02 1.471e-01 1.045e-02 3.927e-01
 1.643e-01 6.402e-02 3.341e-02 1.006e-01 8.786e-01 1.078e-01 2.782e+00
 1.134e-01 2.980e-03 2.617e-01 9.020e-01 2.276e-01 1.713e+00 1.796e-01
 7.086e-02 1.863e-01 2.446e-01 1.862e-01 1.159e-01 1.901e-01 2.946e-03
 4.163e-03 1.028e-01 1.755e-02 3.583e-04 1.353e-04 1.204e-01 8.019e-05
 1.160e-01 3.357e-01 1.628e-01 3.052e-05 1.266e-01 1.331e+00 3.742e-02
 3.801e-04 6.529e-02 7.895e-05 8.906e-02 1.433e-01 1.526e-03 1.951e-04
 7.464e-04 1.520e+00 8.829e-03 1.769e+00 3.575e-01 3.180e-04 8.248e-04
 5.796e-06 1.441e-05 3.377e-04 4.800e-05 7.360e-06 5.405e-06 7.326e-01
 7.053e-06 1.617e-04 8.000e-01 1.823e-01 3.714e-06 8.866e-05 1.298e+00
 3.607e-05 1.152e-06 2.878e-04 1.398e-05 7.405e-01 1.017e-04 2.067e+00
 3.546e-01 1.877e-01 2.643e-01 1.235e-01 2.220e-01 8.795e-02 9.962e-02
 2.473e-01 1.314e-02 6.824e-03 9.781e-01 5.164e-03 1.662e-02 2.150e-02
 1.882e-01 1.843e-02 1.213e-01 1.664e-01 7.311e-02 1.008e-03 5.142e-02
 8.947e-01 3.273e-02 3.313e-03 2.995e+00 1.371e-01 1.227e-01 8.853e-02
 2.256e-03 6.331e-04 5.770e-04 1.245e-02 5.488e-03 1.619e-03 3.338e-02
 2.118e-03 1.258e-03 1.533e-05 1.861e-04 8.047e-04 6.521e-05 2.216e-05
 2.748e-05 8.051e-02 3.154e-05 4.127e-04 1.220e-01 1.417e-02 2.719e-05
 1.630e-04 7.591e-03 1.790e-04 8.717e-05 4.850e-05 1.701e-03 2.295e-05
 2.765e-04 2.683e-01 3.862e-03 2.355e-01 3.832e-01 1.426e-01 2.439e-01
 2.241e-01 1.827e-03 5.553e-01 4.483e-05 3.224e-05 1.962e+00 2.129e-05
 1.077e-04 7.009e-06 1.897e-01 5.386e-06 3.117e-01 6.031e-01 1.987e-01
 1.967e-05 1.378e-04 1.628e-01 3.420e-04 2.305e-05 8.278e-04 6.894e-01
 6.769e-05 1.086e-01]
[[0. 0. 0. 1. 0. 0. 0. 0. 0. 0. 0. 0. 0. 0. 0. 1. 0. 0. 1. 0. 0. 0. 0. 0.
  0. 0. 0. 0. 0. 0.]
 [0. 0. 0. 0. 0. 1. 0. 0. 1. 0. 0. 0. 0. 0. 0. 1. 0. 1. 0. 1. 0. 0. 1. 0.
  0. 0. 0. 0. 0. 0.]
 [0. 0. 0. 0. 0. 0. 0. 0. 0. 0. 0. 0. 0. 0. 0. 1. 0. 0. 0. 0. 0. 0. 0. 0.
  0. 0. 0. 0. 0. 0.]
 [0. 0. 0. 0. 0. 0. 0. 0. 0. 0. 0. 0. 0. 0. 0. 1. 0. 0. 0. 1. 0. 0. 0. 0.
  0. 0. 0. 0. 0. 0.]
 [0. 0. 0. 0. 0. 0. 0. 0. 0. 0. 0. 0. 0. 0. 0. 0. 0. 0. 1. 0. 0. 0. 1. 0.
  0. 0. 0. 0. 0. 0.]
 [0. 0. 0. 0. 0. 0. 1. 0. 0. 0. 0. 0. 0. 0. 0. 0. 0. 0. 0. 0. 0. 0. 0. 0.
  0. 0. 0. 0. 1. 0.]
 [0. 0. 0. 0. 0. 0. 0. 0. 0. 0. 0. 0. 0. 0. 0. 1. 0. 0. 0. 0. 0. 0. 0. 0.
  0. 0. 0. 0. 0. 0.]
 [0. 0. 0. 0. 1. 0. 0. 0. 1. 0. 0. 0. 0. 0. 0. 1. 0. 0. 0. 1. 0. 0. 0. 0.
  0. 0. 0. 0. 1. 0.]
 [1. 0. 0. 0. 0. 0. 0. 0. 0. 0. 0. 0. 0. 0. 0. 0. 0. 0. 0. 1. 0. 0. 0. 0.
  0. 0. 0. 0. 0. 0.]
 [0. 0. 0. 0. 0. 0. 0. 0. 1. 0. 0. 0. 1. 0. 0. 0. 0. 0. 0. 0. 0. 0. 0. 0.
  0. 0. 0. 0. 0. 1.]
 [1. 1. 0. 0. 0. 0. 0. 1. 0. 1. 0. 0. 0. 0. 0. 1. 0. 0. 0. 0. 0. 0. 0. 0.
  0. 0. 0. 0. 1. 0.]
 [0. 0. 0. 0. 0. 0. 1. 0. 1. 0. 0. 0. 0. 0. 0. 0. 0. 0. 0. 0. 0. 0. 0. 0.
  0. 0. 1. 0. 0. 0.]
 [0. 1. 0. 0. 1. 0. 0. 1. 1. 0. 0. 1. 0. 0. 0. 0. 0. 0. 1. 0. 0. 1. 0. 0.
  0. 0. 1. 0. 0. 0.]
 [0. 0. 1. 1. 0. 1. 0. 0. 0. 0. 0. 0. 0. 0. 0. 0. 0. 1. 0. 0. 0. 0. 0. 1.
  0. 0. 0. 0. 0. 1.]
 [0. 1. 0. 0. 0. 0. 0. 0. 0. 0. 0. 0. 1. 0. 0. 0. 0. 0. 0. 0. 0. 0. 1. 1.
  0. 0. 0. 0. 1. 0.]
 [0. 0. 0. 0. 0. 0. 0. 0. 0. 0. 0. 0. 0. 0. 0. 0. 0. 0. 0. 0. 0. 0. 0. 0.
  0. 0. 0. 0. 1. 0.]
 [0. 0. 0. 0. 0. 1. 1. 0. 1. 0. 0. 0. 1. 0. 1. 1. 0. 0. 1. 0. 1. 1. 0. 0.
  0. 0. 0. 0. 0. 0.]
 [0. 0. 0. 0. 0. 0. 0. 0. 1. 0. 0. 0. 0. 0. 0. 0. 0. 0. 1. 0. 0. 0. 0. 0.
  0. 0. 1. 0. 0. 0.]
 [0. 0. 0. 0. 0. 0. 0. 0. 0. 0. 0. 0. 0. 0. 0. 0. 0. 0. 0. 0. 0. 0. 0. 0.
  0. 0. 0. 0. 0. 0.]
 [0. 0. 0. 0. 0. 0. 0. 0. 0. 0. 0. 0. 0. 0. 0. 0. 0. 0. 1. 0. 0. 0. 0. 0.
  0. 0. 0. 0. 1. 0.]
 [0. 0. 0. 0. 1. 1. 0. 1. 0. 0. 0. 0. 0. 1. 0. 0. 0. 0. 0. 0. 0. 1. 1. 0.
  0. 1. 1. 0. 0. 0.]
 [0. 0. 1. 1. 1. 0. 1. 0. 0. 0. 0. 0. 0. 0. 0. 0. 0. 1. 0. 0. 0. 0. 0. 0.
  0. 0. 0. 0. 1. 1.]
 [0. 0. 0. 0. 0. 0. 1. 0. 0. 0. 0. 0. 0. 0. 0. 0. 0. 0. 1. 0. 0. 0. 0. 0.
  0. 0. 0. 0. 0. 0.]
 [1. 0. 0. 0. 0. 0. 1. 0. 0. 0. 0. 1. 0. 0. 0. 1. 0. 0. 1. 1. 0. 0. 0. 0.
  0. 0. 1. 0. 0. 0.]
 [0. 0. 1. 0. 0. 1. 1. 0. 1. 1. 1. 0. 0. 1. 0. 0. 0. 1. 0. 0. 0. 0. 1. 0.
  0. 1. 0. 0. 0. 1.]
 [0. 1. 0. 0. 0. 0. 0. 0. 0. 0. 0. 0. 0. 0. 0. 0. 0. 0. 0. 0. 0. 0. 1. 0.
  0. 0. 0. 0. 0. 0.]
 [0. 0. 0. 1. 0. 1. 0. 0. 0. 0. 0. 0. 0. 0. 0. 1. 0. 0. 1. 0. 0. 0. 1. 0.
  0. 0. 0. 0. 1. 0.]
 [1. 0. 0. 0. 0. 0. 0. 0. 0. 0. 0. 1. 0. 0. 0. 0. 0. 0. 0. 0. 0. 0. 1. 0.
  0. 1. 0. 0. 0. 0.]
 [0. 0. 0. 0. 0. 0. 0. 0. 0. 0. 0. 0. 0. 0. 0. 0. 0. 0. 0. 0. 0. 0. 0. 0.
  0. 0. 0. 0. 0. 0.]
 [0. 0. 0. 0. 0. 0. 0. 0. 0. 0. 0. 1. 0. 0. 0. 0. 0. 0. 1. 0. 0. 0. 0. 0.
  0. 0. 1. 0. 0. 0.]]
[0. 0. 1. 0. 0. 0. 0. 0. 0. 0. 0. 0. 0. 0. 1. 0. 0. 1. 0. 0. 0. 0. 0. 0.
 0. 0. 0. 0. 0. 0. 0. 0. 0. 1. 0. 0. 1. 0. 0. 0. 0. 0. 0. 1. 0. 1. 0. 1.
 0. 0. 1. 0. 0. 0. 0. 0. 0. 0. 0. 0. 0. 0. 0. 0. 0. 0. 0. 0. 0. 0. 0. 0.
 1. 0. 0. 0. 0. 0. 0. 0. 0. 0. 0. 0. 0. 0. 0. 0. 0. 0. 0. 0. 0. 0. 0. 0.
 0. 0. 0. 0. 0. 1. 0. 0. 0. 1. 0. 0. 0. 0. 0. 0. 0. 0. 0. 0. 0. 0. 0. 0.
 0. 0. 0. 0. 0. 0. 0. 0. 0. 0. 0. 0. 0. 1. 0. 0. 0. 1. 0. 0. 0. 0. 0. 0.
 0. 0. 0. 0. 0. 0. 1. 0. 0. 0. 0. 0. 0. 0. 0. 0. 0. 0. 0. 0. 0. 0. 0. 0.
 0. 0. 0. 0. 1. 0. 0. 0. 0. 0. 0. 0. 0. 0. 0. 0. 0. 0. 0. 0. 1. 0. 0. 0.
 0. 0. 0. 0. 0. 0. 0. 0. 0. 0. 0. 0. 0. 0. 0. 1. 0. 0. 1. 0. 0. 0. 0. 0.
 0. 1. 0. 0. 0. 1. 0. 0. 0. 0. 0. 0. 0. 0. 1. 0. 1. 0. 0. 0. 0. 0. 0. 0.
 0. 0. 0. 0. 0. 0. 0. 0. 0. 0. 1. 0. 0. 0. 0. 0. 0. 0. 0. 0. 0. 0. 0. 0.
 0. 0. 0. 0. 0. 1. 0. 0. 1. 0. 0. 0. 0. 0. 0. 0. 0. 0. 0. 0. 0. 0. 0. 0.
 0. 1. 1. 1. 0. 0. 0. 0. 0. 1. 0. 1. 0. 0. 0. 0. 1. 0. 0. 0. 0. 0. 0. 0.
 0. 0. 0. 0. 0. 1. 0. 0. 0. 0. 0. 0. 0. 1. 0. 1. 0. 0. 0. 0. 0. 0. 0. 0.
 0. 0. 0. 0. 0. 0. 0. 0. 1. 0. 0. 0. 0. 1. 0. 0. 1. 0. 0. 1. 1. 0. 0. 1.
 0. 0. 0. 0. 0. 1. 0. 0. 1. 0. 0. 0. 0. 1. 0. 0. 0. 0. 0. 1. 1. 0. 1. 0.
 0. 0. 0. 0. 0. 0. 0. 0. 0. 1. 0. 0. 0. 0. 0. 1. 0. 0. 0. 0. 0. 1. 0. 1.
 0. 0. 0. 0. 0. 0. 0. 0. 0. 0. 1. 0. 0. 0. 0. 0. 0. 0. 0. 1. 1. 0. 0. 0.
 0. 1. 0. 0. 0. 0. 0. 0. 0. 0. 0. 0. 0. 0. 0. 0. 0. 0. 0. 0. 0. 0. 0. 0.
 0. 0. 0. 0. 0. 0. 1. 0. 0. 0. 0. 0. 0. 1. 1. 0. 1. 0. 0. 0. 1. 0. 1. 1.
 0. 1. 0. 1. 1. 0. 0. 0. 0. 0. 0. 0. 0. 0. 0. 0. 0. 0. 0. 0. 0. 1. 0. 0.
 0. 0. 0. 0. 0. 0. 1. 0. 0. 0. 0. 0. 0. 0. 1. 0. 0. 0. 0. 0. 0. 0. 0. 0.
 0. 0. 0. 0. 0. 0. 0. 0. 0. 0. 0. 0. 0. 0. 0. 0. 0. 0. 0. 0. 0. 0. 0. 0.
 0. 0. 0. 0. 0. 0. 0. 0. 0. 0. 0. 0. 0. 0. 0. 0. 0. 1. 0. 0. 0. 0. 0. 0.
 0. 0. 1. 0. 0. 0. 0. 0. 1. 1. 0. 1. 0. 0. 0. 0. 0. 1. 0. 0. 0. 0. 0. 0.
 1. 1. 0. 0. 1. 1. 0. 0. 0. 0. 0. 1. 1. 1. 0. 1. 0. 0. 0. 0. 0. 0. 0. 0.
 0. 0. 1. 0. 0. 0. 0. 0. 0. 0. 0. 0. 1. 1. 0. 0. 0. 0. 0. 0. 1. 0. 0. 0.
 0. 0. 0. 0. 0. 0. 0. 0. 1. 0. 0. 0. 0. 0. 0. 0. 0. 0. 0. 1. 0. 0. 0. 0.
 0. 1. 0. 0. 0. 0. 1. 0. 0. 0. 1. 0. 0. 1. 1. 0. 0. 0. 0. 0. 1. 0. 0. 0.
 0. 0. 1. 0. 0. 1. 1. 0. 1. 1. 1. 0. 0. 1. 0. 0. 0. 1. 0. 0. 0. 0. 1. 0.
 1. 0. 0. 0. 1. 0. 1. 0. 0. 0. 0. 0. 0. 0. 0. 0. 0. 0. 0. 0. 0. 0. 0. 0.
 0. 0. 0. 1. 0. 0. 0. 0. 0. 0. 0. 0. 0. 1. 0. 1. 0. 0. 0. 0. 0. 0. 0. 0.
 0. 1. 0. 0. 1. 0. 0. 0. 1. 0. 0. 0. 0. 1. 0. 1. 0. 0. 0. 0. 0. 0. 0. 0.
 0. 0. 1. 0. 0. 0. 0. 0. 0. 0. 0. 0. 0. 1. 0. 0. 1. 0. 0. 0. 0. 0. 0. 0.
 0. 0. 0. 0. 0. 0. 0. 0. 0. 0. 0. 0. 0. 0. 0. 0. 0. 0. 0. 0. 0. 0. 0. 0.
 0. 0. 0. 0. 0. 0. 0. 0. 0. 0. 0. 0. 1. 0. 0. 0. 0. 0. 0. 1. 0. 0. 0. 0.
 0. 0. 0. 1. 0. 0.]
aucroc, aucpr (0.9850777777777777, 0.9567360984318124)
cuda
noise_multiplier  0.6  noise_multiplier_b  2.5  noise_multiplier_delta  0.6043672230190352
cuda
Objective function 1220.30 = squared loss an data 964.29 + 0.5*rho*h**2 254.631624 + alpha*h 0.000000 + L2reg 0.55 + L1reg 0.82 ; SHD = 397 ; DAG False
total norm for a microbatch 122.72420119405277 clip 1.8511579101054196
total norm for a microbatch 120.89868462712619 clip 96.17057269267215
total norm for a microbatch 192.88214676940208 clip 112.78083041480988
total norm for a microbatch 222.1230362149985 clip 114.13049636649556
total norm for a microbatch 88.45516003055894 clip 125.89521898666766
total norm for a microbatch 170.35220476235943 clip 111.47725624997467
total norm for a microbatch 238.8281820819643 clip 117.03065711876103
total norm for a microbatch 150.2492921704958 clip 128.00280494036568
total norm for a microbatch 231.42038485232857 clip 151.30484352514384
total norm for a microbatch 177.8800490199893 clip 151.33302359641272
total norm for a microbatch 335.5883785688371 clip 159.27143939005546
total norm for a microbatch 191.4121947830839 clip 156.9611966011785
cuda
Objective function 88.14 = squared loss an data 68.74 + 0.5*rho*h**2 16.882064 + alpha*h 0.000000 + L2reg 1.91 + L1reg 0.61 ; SHD = 237 ; DAG False
Proportion of microbatches that were clipped  0.8247214597125787
iteration 1 in inner loop, alpha 0.0 rho 1.0 h 5.810690792475327
iteration 1 in outer loop, alpha = 5.810690792475327, rho = 1.0, h = 5.810690792475327
cuda
noise_multiplier  0.6  noise_multiplier_b  2.5  noise_multiplier_delta  0.6043672230190352
cuda
Objective function 121.91 = squared loss an data 68.74 + 0.5*rho*h**2 16.882064 + alpha*h 33.764127 + L2reg 1.91 + L1reg 0.61 ; SHD = 237 ; DAG False
total norm for a microbatch 190.63343839416797 clip 2.9274048785051345
total norm for a microbatch 160.27637565212194 clip 9.827362307325945
total norm for a microbatch 122.236507312099 clip 12.751562309647179
total norm for a microbatch 204.6041523658677 clip 201.98064071350552
total norm for a microbatch 161.22430451243505 clip 221.66308607523547
total norm for a microbatch 219.3356406447902 clip 210.0632707985973
total norm for a microbatch 346.96927121815315 clip 207.56747464794287
total norm for a microbatch 203.44922917300528 clip 203.98448580981676
cuda
Objective function 91.17 = squared loss an data 58.95 + 0.5*rho*h**2 7.168125 + alpha*h 22.001159 + L2reg 2.48 + L1reg 0.58 ; SHD = 228 ; DAG False
Proportion of microbatches that were clipped  0.8259913687810438
iteration 1 in inner loop, alpha 5.810690792475327 rho 1.0 h 3.786324143937904
noise_multiplier  0.6  noise_multiplier_b  2.5  noise_multiplier_delta  0.6043672230190352
cuda
Objective function 155.69 = squared loss an data 58.95 + 0.5*rho*h**2 71.681253 + alpha*h 22.001159 + L2reg 2.48 + L1reg 0.58 ; SHD = 228 ; DAG False
total norm for a microbatch 287.57737059655665 clip 3.259756890234208
total norm for a microbatch 233.88158241104705 clip 233.29369686120418
total norm for a microbatch 444.14672156909154 clip 276.0222939644464
total norm for a microbatch 335.6161103654208 clip 266.18700712745346
total norm for a microbatch 294.90843376324415 clip 277.4224776683309
total norm for a microbatch 484.2035605005411 clip 254.72389785547438
total norm for a microbatch 336.54900099626957 clip 247.35292988538393
total norm for a microbatch 398.53510813536286 clip 264.51528853956836
total norm for a microbatch 224.27753056065444 clip 269.43945481714684
total norm for a microbatch 621.4970837154876 clip 263.9550550988466
total norm for a microbatch 314.9711840660569 clip 274.0499405853883
total norm for a microbatch 383.90039209277796 clip 266.4690127850017
total norm for a microbatch 503.5485013911948 clip 261.07209231721095
cuda
Objective function 92.43 = squared loss an data 62.46 + 0.5*rho*h**2 16.181380 + alpha*h 10.453231 + L2reg 2.81 + L1reg 0.53 ; SHD = 221 ; DAG True
Proportion of microbatches that were clipped  0.8312429651069304
iteration 2 in inner loop, alpha 5.810690792475327 rho 10.0 h 1.7989652517128363
noise_multiplier  0.6  noise_multiplier_b  2.5  noise_multiplier_delta  0.6043672230190352
cuda
Objective function 238.07 = squared loss an data 62.46 + 0.5*rho*h**2 161.813799 + alpha*h 10.453231 + L2reg 2.81 + L1reg 0.53 ; SHD = 221 ; DAG True
total norm for a microbatch 437.0381618473438 clip 1.0
total norm for a microbatch 315.0181535169346 clip 6.895783329617075
total norm for a microbatch 434.2477820149322 clip 6.895783329617075
total norm for a microbatch 951.8006930164788 clip 18.477762008719147
total norm for a microbatch 378.20044486785036 clip 31.29476782379229
total norm for a microbatch 411.4964456732493 clip 131.53104764267604
total norm for a microbatch 509.2432037707289 clip 305.4234235585954
total norm for a microbatch 577.0572653694277 clip 333.32260589374124
total norm for a microbatch 275.74648801551757 clip 316.7265909421208
total norm for a microbatch 404.3209583601384 clip 307.3016494815963
total norm for a microbatch 354.7951594215851 clip 312.54815583435743
total norm for a microbatch 628.0664305144758 clip 320.2523817564558
total norm for a microbatch 338.0934252580399 clip 317.4105173018845
total norm for a microbatch 555.523634152157 clip 325.8697191325342
total norm for a microbatch 331.84794975532867 clip 311.4774005411813
total norm for a microbatch 313.5524129170659 clip 298.39285578277793
total norm for a microbatch 263.0393165264319 clip 308.0438648294933
cuda
Objective function 101.29 = squared loss an data 67.82 + 0.5*rho*h**2 25.793788 + alpha*h 4.173499 + L2reg 3.03 + L1reg 0.47 ; SHD = 200 ; DAG True
Proportion of microbatches that were clipped  0.83239905760013
iteration 3 in inner loop, alpha 5.810690792475327 rho 100.0 h 0.7182449111854226
iteration 2 in outer loop, alpha = 77.63518191101758, rho = 100.0, h = 0.7182449111854226
cuda
noise_multiplier  0.6  noise_multiplier_b  2.5  noise_multiplier_delta  0.6043672230190352
cuda
Objective function 152.88 = squared loss an data 67.82 + 0.5*rho*h**2 25.793788 + alpha*h 55.761074 + L2reg 3.03 + L1reg 0.47 ; SHD = 200 ; DAG True
total norm for a microbatch 312.06830044877097 clip 1.2929899128129856
total norm for a microbatch 810.8682330668723 clip 2.2065959255337204
total norm for a microbatch 445.9571203061308 clip 2.883073826190332
total norm for a microbatch 594.2325750257949 clip 9.253742714706249
total norm for a microbatch 319.12422007191 clip 46.044480722296804
total norm for a microbatch 355.70315322306544 clip 368.986364881085
total norm for a microbatch 599.2099182848335 clip 371.24005863118657
total norm for a microbatch 289.02797775551517 clip 372.8369872406736
total norm for a microbatch 496.9901974639706 clip 341.1779826498558
total norm for a microbatch 569.3756837093954 clip 370.5181315549019
total norm for a microbatch 379.6870128459071 clip 368.59584634074093
total norm for a microbatch 554.704367449841 clip 339.654888976271
total norm for a microbatch 453.3375048604606 clip 341.7843331584938
total norm for a microbatch 631.9303974251574 clip 334.4879906555108
total norm for a microbatch 412.34637875659206 clip 347.3570164591106
cuda
Objective function 116.64 = squared loss an data 68.72 + 0.5*rho*h**2 9.829122 + alpha*h 34.421590 + L2reg 3.22 + L1reg 0.45 ; SHD = 192 ; DAG True
Proportion of microbatches that were clipped  0.8306647258612324
iteration 1 in inner loop, alpha 77.63518191101758 rho 100.0 h 0.44337617689697595
noise_multiplier  0.6  noise_multiplier_b  2.5  noise_multiplier_delta  0.6043672230190352
cuda
Objective function 205.10 = squared loss an data 68.72 + 0.5*rho*h**2 98.291217 + alpha*h 34.421590 + L2reg 3.22 + L1reg 0.45 ; SHD = 192 ; DAG True
total norm for a microbatch 451.5234754374293 clip 1.6994152444932447
total norm for a microbatch 430.3904891061038 clip 3.737997185022944
total norm for a microbatch 381.920805903887 clip 375.0101187822916
total norm for a microbatch 565.7617720473557 clip 375.0101187822916
total norm for a microbatch 418.10033038004525 clip 413.87772251927913
total norm for a microbatch 407.3433342162743 clip 420.0604592237472
total norm for a microbatch 419.86887182523645 clip 425.675731344252
total norm for a microbatch 477.553646524267 clip 444.0154153892232
total norm for a microbatch 630.9392088797446 clip 407.8155548561102
total norm for a microbatch 390.2157745113108 clip 394.61488785921813
total norm for a microbatch 327.5443861370235 clip 400.4619097041704
total norm for a microbatch 613.5697236900282 clip 400.4619097041704
total norm for a microbatch 434.4964770430691 clip 376.995930157535
total norm for a microbatch 438.17320328632894 clip 376.0601683142861
cuda
Objective function 116.94 = squared loss an data 71.24 + 0.5*rho*h**2 24.517094 + alpha*h 17.191274 + L2reg 3.54 + L1reg 0.45 ; SHD = 207 ; DAG True
Proportion of microbatches that were clipped  0.837037037037037
iteration 2 in inner loop, alpha 77.63518191101758 rho 1000.0 h 0.22143664726505818
noise_multiplier  0.6  noise_multiplier_b  2.5  noise_multiplier_delta  0.6043672230190352
cuda
Objective function 337.60 = squared loss an data 71.24 + 0.5*rho*h**2 245.170944 + alpha*h 17.191274 + L2reg 3.54 + L1reg 0.45 ; SHD = 207 ; DAG True
total norm for a microbatch 698.3182354173936 clip 1.3285360296189497
total norm for a microbatch 422.6347145560479 clip 2.342497264749504
total norm for a microbatch 664.0584968477327 clip 87.65018397465717
total norm for a microbatch 725.4686220910683 clip 114.91415144227943
total norm for a microbatch 571.6543666517141 clip 124.55547421293674
total norm for a microbatch 749.4636291659742 clip 613.3818933546689
total norm for a microbatch 494.3214355760146 clip 527.2460330923863
total norm for a microbatch 608.4958280070817 clip 491.2763129707236
total norm for a microbatch 902.5804185555704 clip 433.5468646320321
total norm for a microbatch 627.3358770250966 clip 439.1383660410019
total norm for a microbatch 426.8223795770567 clip 447.2974530363886
total norm for a microbatch 399.0456570564934 clip 447.2974530363886
cuda
Objective function 114.03 = squared loss an data 75.63 + 0.5*rho*h**2 28.299828 + alpha*h 5.840708 + L2reg 3.82 + L1reg 0.44 ; SHD = 198 ; DAG True
Proportion of microbatches that were clipped  0.8371740690535046
iteration 3 in inner loop, alpha 77.63518191101758 rho 10000.0 h 0.07523274278104708
iteration 3 in outer loop, alpha = 829.9626097214884, rho = 10000.0, h = 0.07523274278104708
cuda
noise_multiplier  0.6  noise_multiplier_b  2.5  noise_multiplier_delta  0.6043672230190352
cuda
Objective function 170.63 = squared loss an data 75.63 + 0.5*rho*h**2 28.299828 + alpha*h 62.440364 + L2reg 3.82 + L1reg 0.44 ; SHD = 198 ; DAG True
total norm for a microbatch 531.4149220247604 clip 1.0
total norm for a microbatch 556.3449743900759 clip 64.33751086047766
total norm for a microbatch 760.281873319951 clip 752.1727794464962
total norm for a microbatch 744.8829215617479 clip 721.1974508457424
total norm for a microbatch 510.8004571957457 clip 518.4548927823938
total norm for a microbatch 560.2353962881006 clip 493.9539308931844
total norm for a microbatch 600.03168232302 clip 486.0557516789365
total norm for a microbatch 593.278101228329 clip 493.0601399782935
total norm for a microbatch 635.8579546435866 clip 494.6669487724002
total norm for a microbatch 439.349037383418 clip 468.42117715686146
total norm for a microbatch 506.92594261245654 clip 519.7064920057634
cuda
Objective function 128.69 = squared loss an data 73.34 + 0.5*rho*h**2 11.348892 + alpha*h 39.541237 + L2reg 4.01 + L1reg 0.45 ; SHD = 214 ; DAG True
Proportion of microbatches that were clipped  0.8372924445856836
iteration 1 in inner loop, alpha 829.9626097214884 rho 10000.0 h 0.04764219125814506
noise_multiplier  0.6  noise_multiplier_b  2.5  noise_multiplier_delta  0.6043672230190352
cuda
Objective function 230.83 = squared loss an data 73.34 + 0.5*rho*h**2 113.488919 + alpha*h 39.541237 + L2reg 4.01 + L1reg 0.45 ; SHD = 214 ; DAG True
total norm for a microbatch 1216.1332100291897 clip 35.839554808996
total norm for a microbatch 1312.518087021168 clip 125.24951506921897
total norm for a microbatch 2115.424049485156 clip 959.7479506671381
total norm for a microbatch 2506.655361903519 clip 1058.3237124612149
total norm for a microbatch 2501.0347055792017 clip 1058.3237124612149
total norm for a microbatch 3779.5877761446013 clip 3589.210986224467
total norm for a microbatch 1993.070426385068 clip 1943.9241300590072
total norm for a microbatch 530.7364455208265 clip 482.29798443477233
total norm for a microbatch 448.52292864313387 clip 401.78825396995524
total norm for a microbatch 388.0899379347921 clip 446.00856958679606
total norm for a microbatch 630.0456513584268 clip 414.7735045731502
total norm for a microbatch 574.7438359282006 clip 429.171756073024
total norm for a microbatch 566.0350947498331 clip 442.02594242269254
cuda
Objective function 94.59 = squared loss an data 76.85 + 0.5*rho*h**2 4.927882 + alpha*h 8.239554 + L2reg 4.13 + L1reg 0.45 ; SHD = 218 ; DAG True
Proportion of microbatches that were clipped  0.8357263174781423
iteration 2 in inner loop, alpha 829.9626097214884 rho 100000.0 h 0.009927620312172536
iteration 4 in outer loop, alpha = 1822.7246409387421, rho = 100000.0, h = 0.009927620312172536
cuda
noise_multiplier  0.6  noise_multiplier_b  2.5  noise_multiplier_delta  0.6043672230190352
cuda
Objective function 104.44 = squared loss an data 76.85 + 0.5*rho*h**2 4.927882 + alpha*h 18.095318 + L2reg 4.13 + L1reg 0.45 ; SHD = 218 ; DAG True
total norm for a microbatch 5557.507328736428 clip 1.5800104281720568
total norm for a microbatch 3504.1688887443147 clip 2.0639977664832068
total norm for a microbatch 1779.0037431861365 clip 3.2480238231413754
total norm for a microbatch 2588.1216406885956 clip 1102.0409157606516
total norm for a microbatch 4807.917472115079 clip 5438.3359639757
total norm for a microbatch 6367.322135378031 clip 4416.990242525347
total norm for a microbatch 4436.834982097477 clip 3998.4861761194425
total norm for a microbatch 4480.516268992763 clip 4367.210610094786
total norm for a microbatch 2907.215732618226 clip 2981.8877498233805
total norm for a microbatch 2028.2653599641624 clip 1848.4905847419989
total norm for a microbatch 1803.7595091366404 clip 2008.7673906330508
total norm for a microbatch 582.570643625528 clip 527.9182274401834
total norm for a microbatch 514.5837647243166 clip 431.87705482219667
total norm for a microbatch 726.3798491076107 clip 449.372308016029
cuda
Objective function 96.71 = squared loss an data 78.99 + 0.5*rho*h**2 1.849601 + alpha*h 11.086004 + L2reg 4.33 + L1reg 0.46 ; SHD = 220 ; DAG True
Proportion of microbatches that were clipped  0.8333333333333334
iteration 1 in inner loop, alpha 1822.7246409387421 rho 100000.0 h 0.0060821059427524915
iteration 5 in outer loop, alpha = 7904.830583691233, rho = 1000000.0, h = 0.0060821059427524915
Threshold 0.3
[[0.004 0.076 0.084 0.021 0.23  0.022 0.088 0.012 0.092 0.038 0.021 0.206
  0.005 0.003 0.002 0.13  0.005 0.011 0.005 0.017 0.009 0.008 0.01  0.017
  0.003 0.011 0.024 0.007 0.047 0.101]
 [0.063 0.002 0.21  0.011 0.088 0.009 0.029 0.005 0.09  0.011 0.01  0.114
  0.001 0.002 0.002 0.042 0.003 0.005 0.004 0.006 0.003 0.005 0.007 0.013
  0.005 0.024 0.012 0.007 0.022 0.033]
 [0.041 0.02  0.003 0.007 0.104 0.009 0.04  0.003 0.023 0.007 0.017 0.071
  0.001 0.001 0.001 0.007 0.004 0.004 0.005 0.007 0.005 0.005 0.005 0.007
  0.003 0.009 0.004 0.002 0.023 0.032]
 [0.194 0.323 0.528 0.002 0.615 0.12  0.209 0.007 0.298 0.067 0.093 0.451
  0.014 0.004 0.01  0.194 0.021 0.039 0.032 0.054 0.045 0.008 0.02  0.122
  0.023 0.175 0.045 0.021 0.288 0.351]
 [0.019 0.044 0.046 0.006 0.003 0.005 0.032 0.002 0.022 0.011 0.016 0.092
  0.001 0.002 0.002 0.016 0.002 0.006 0.006 0.005 0.003 0.003 0.002 0.005
  0.005 0.007 0.008 0.004 0.015 0.037]
 [0.077 0.363 0.284 0.033 0.63  0.002 0.364 0.009 0.292 0.155 0.206 0.725
  0.002 0.013 0.008 0.293 0.013 0.068 0.048 0.019 0.011 0.017 0.016 0.057
  0.028 0.319 0.122 0.024 0.254 0.242]
 [0.043 0.11  0.165 0.015 0.136 0.01  0.002 0.004 0.073 0.008 0.029 0.08
  0.001 0.002 0.003 0.014 0.002 0.007 0.014 0.007 0.002 0.004 0.006 0.021
  0.005 0.03  0.008 0.006 0.144 0.04 ]
 [0.33  0.527 0.82  0.39  1.628 0.235 0.526 0.004 0.414 0.189 0.362 1.205
  0.037 0.023 0.013 0.379 0.074 0.111 0.142 0.098 0.141 0.078 0.189 0.278
  0.023 0.265 0.141 0.204 0.463 0.854]
 [0.051 0.048 0.161 0.009 0.13  0.008 0.042 0.007 0.002 0.009 0.014 0.06
  0.002 0.002 0.002 0.021 0.004 0.005 0.01  0.007 0.006 0.008 0.005 0.01
  0.003 0.007 0.01  0.007 0.06  0.109]
 [0.092 0.244 0.518 0.059 0.385 0.018 0.472 0.015 0.448 0.004 0.107 0.302
  0.002 0.004 0.007 0.14  0.022 0.016 0.021 0.027 0.013 0.01  0.013 0.097
  0.014 0.13  0.102 0.015 0.393 0.208]
 [0.172 0.226 0.217 0.039 0.214 0.016 0.141 0.01  0.254 0.025 0.003 0.513
  0.005 0.019 0.002 0.082 0.019 0.014 0.038 0.019 0.012 0.009 0.014 0.057
  0.001 0.032 0.03  0.027 0.125 0.081]
 [0.019 0.028 0.069 0.008 0.038 0.003 0.049 0.002 0.046 0.009 0.009 0.002
  0.002 0.003 0.001 0.029 0.002 0.003 0.006 0.005 0.004 0.002 0.007 0.015
  0.004 0.004 0.013 0.01  0.045 0.012]
 [0.561 1.789 1.626 0.284 1.924 1.09  1.01  0.121 1.223 0.797 0.438 1.55
  0.003 0.048 0.051 1.415 0.507 0.323 0.8   0.347 0.557 0.097 0.604 0.342
  0.164 0.672 0.332 0.758 0.8   0.954]
 [0.801 1.01  1.74  0.638 0.797 0.162 1.263 0.143 1.191 0.545 0.225 0.957
  0.079 0.005 0.035 1.317 0.332 0.405 0.43  0.15  0.523 0.122 0.264 0.48
  0.168 1.161 0.593 0.372 0.926 1.083]
 [0.752 0.855 1.406 0.427 1.464 0.342 0.661 0.205 0.909 0.489 0.963 1.297
  0.096 0.159 0.004 0.879 0.433 0.342 1.187 0.788 0.375 0.189 0.405 1.11
  0.184 0.446 0.762 0.659 0.694 0.696]
 [0.04  0.064 0.379 0.016 0.278 0.011 0.219 0.005 0.131 0.023 0.029 0.151
  0.002 0.002 0.002 0.003 0.01  0.01  0.015 0.014 0.01  0.01  0.006 0.015
  0.006 0.017 0.021 0.01  0.046 0.03 ]
 [0.599 0.933 0.551 0.219 1.087 0.217 1.188 0.058 0.761 0.194 0.225 1.254
  0.006 0.013 0.006 0.238 0.003 0.092 0.202 0.134 0.028 0.133 0.033 0.576
  0.03  0.4   0.248 0.073 0.725 0.608]
 [0.245 0.693 0.823 0.055 0.488 0.054 0.429 0.038 0.564 0.365 0.232 0.982
  0.01  0.012 0.011 0.394 0.028 0.002 0.063 0.026 0.013 0.056 0.034 0.136
  0.064 0.299 0.105 0.022 0.27  0.479]
 [0.64  0.549 0.567 0.135 0.473 0.046 0.249 0.023 0.407 0.164 0.099 0.658
  0.004 0.01  0.003 0.238 0.017 0.073 0.004 0.076 0.019 0.038 0.023 0.239
  0.011 0.284 0.052 0.05  0.37  0.233]
 [0.236 0.653 0.485 0.099 0.684 0.188 0.538 0.075 0.419 0.076 0.202 0.47
  0.011 0.024 0.005 0.26  0.027 0.146 0.062 0.002 0.024 0.036 0.055 0.174
  0.023 0.207 0.292 0.074 0.506 0.384]
 [0.393 0.632 0.526 0.094 0.978 0.357 0.906 0.028 0.69  0.31  0.276 0.568
  0.007 0.005 0.007 0.382 0.15  0.118 0.187 0.141 0.003 0.081 0.029 0.24
  0.023 0.269 0.164 0.121 0.137 0.608]
 [0.271 0.68  0.691 0.486 1.046 0.227 0.866 0.045 0.469 0.361 0.294 0.885
  0.032 0.029 0.024 0.417 0.028 0.079 0.101 0.092 0.046 0.003 0.214 0.172
  0.018 0.403 0.21  0.144 0.564 0.692]
 [0.41  0.644 0.903 0.158 1.215 0.191 0.46  0.014 0.51  0.258 0.354 0.462
  0.005 0.014 0.008 0.423 0.072 0.073 0.24  0.052 0.104 0.015 0.003 0.078
  0.027 0.169 0.154 0.013 0.444 0.382]
 [0.251 0.298 0.446 0.03  0.769 0.088 0.219 0.008 0.382 0.028 0.091 0.269
  0.007 0.007 0.003 0.236 0.004 0.026 0.03  0.032 0.014 0.029 0.042 0.004
  0.015 0.156 0.056 0.026 0.321 0.283]
 [0.823 0.689 0.736 0.177 0.683 0.154 0.473 0.134 0.686 0.217 1.389 0.79
  0.026 0.024 0.024 0.481 0.116 0.06  0.231 0.164 0.152 0.105 0.132 0.238
  0.002 0.331 0.216 0.185 0.511 0.767]
 [0.272 0.229 0.518 0.016 0.345 0.013 0.162 0.012 0.443 0.029 0.244 0.605
  0.004 0.003 0.005 0.18  0.01  0.011 0.011 0.015 0.013 0.009 0.031 0.022
  0.008 0.003 0.024 0.034 0.448 0.233]
 [0.185 0.27  0.805 0.086 0.332 0.031 0.388 0.017 0.37  0.033 0.12  0.418
  0.011 0.006 0.004 0.181 0.014 0.03  0.068 0.012 0.022 0.019 0.023 0.061
  0.018 0.106 0.003 0.02  0.402 0.258]
 [0.56  0.557 0.911 0.177 0.714 0.134 0.471 0.021 0.453 0.254 0.132 0.308
  0.005 0.007 0.005 0.356 0.078 0.1   0.061 0.051 0.031 0.03  0.178 0.177
  0.022 0.132 0.158 0.002 0.355 0.286]
 [0.062 0.165 0.171 0.008 0.29  0.017 0.028 0.006 0.068 0.006 0.066 0.128
  0.002 0.002 0.003 0.083 0.002 0.01  0.008 0.009 0.016 0.004 0.003 0.017
  0.006 0.01  0.011 0.015 0.004 0.077]
 [0.04  0.131 0.092 0.014 0.073 0.012 0.103 0.003 0.037 0.015 0.068 0.312
  0.003 0.002 0.003 0.056 0.006 0.007 0.014 0.009 0.005 0.004 0.008 0.013
  0.003 0.019 0.014 0.011 0.076 0.004]]
[[0.    0.    0.    0.    0.    0.    0.    0.    0.    0.    0.    0.
  0.    0.    0.    0.    0.    0.    0.    0.    0.    0.    0.    0.
  0.    0.    0.    0.    0.    0.   ]
 [0.    0.    0.    0.    0.    0.    0.    0.    0.    0.    0.    0.
  0.    0.    0.    0.    0.    0.    0.    0.    0.    0.    0.    0.
  0.    0.    0.    0.    0.    0.   ]
 [0.    0.    0.    0.    0.    0.    0.    0.    0.    0.    0.    0.
  0.    0.    0.    0.    0.    0.    0.    0.    0.    0.    0.    0.
  0.    0.    0.    0.    0.    0.   ]
 [0.    0.323 0.528 0.    0.615 0.    0.    0.    0.    0.    0.    0.451
  0.    0.    0.    0.    0.    0.    0.    0.    0.    0.    0.    0.
  0.    0.    0.    0.    0.    0.351]
 [0.    0.    0.    0.    0.    0.    0.    0.    0.    0.    0.    0.
  0.    0.    0.    0.    0.    0.    0.    0.    0.    0.    0.    0.
  0.    0.    0.    0.    0.    0.   ]
 [0.    0.363 0.    0.    0.63  0.    0.364 0.    0.    0.    0.    0.725
  0.    0.    0.    0.    0.    0.    0.    0.    0.    0.    0.    0.
  0.    0.319 0.    0.    0.    0.   ]
 [0.    0.    0.    0.    0.    0.    0.    0.    0.    0.    0.    0.
  0.    0.    0.    0.    0.    0.    0.    0.    0.    0.    0.    0.
  0.    0.    0.    0.    0.    0.   ]
 [0.33  0.527 0.82  0.39  1.628 0.    0.526 0.    0.414 0.    0.362 1.205
  0.    0.    0.    0.379 0.    0.    0.    0.    0.    0.    0.    0.
  0.    0.    0.    0.    0.463 0.854]
 [0.    0.    0.    0.    0.    0.    0.    0.    0.    0.    0.    0.
  0.    0.    0.    0.    0.    0.    0.    0.    0.    0.    0.    0.
  0.    0.    0.    0.    0.    0.   ]
 [0.    0.    0.518 0.    0.385 0.    0.472 0.    0.448 0.    0.    0.302
  0.    0.    0.    0.    0.    0.    0.    0.    0.    0.    0.    0.
  0.    0.    0.    0.    0.393 0.   ]
 [0.    0.    0.    0.    0.    0.    0.    0.    0.    0.    0.    0.513
  0.    0.    0.    0.    0.    0.    0.    0.    0.    0.    0.    0.
  0.    0.    0.    0.    0.    0.   ]
 [0.    0.    0.    0.    0.    0.    0.    0.    0.    0.    0.    0.
  0.    0.    0.    0.    0.    0.    0.    0.    0.    0.    0.    0.
  0.    0.    0.    0.    0.    0.   ]
 [0.561 1.789 1.626 0.    1.924 1.09  1.01  0.    1.223 0.797 0.438 1.55
  0.    0.    0.    1.415 0.507 0.323 0.8   0.347 0.557 0.    0.604 0.342
  0.    0.672 0.332 0.758 0.8   0.954]
 [0.801 1.01  1.74  0.638 0.797 0.    1.263 0.    1.191 0.545 0.    0.957
  0.    0.    0.    1.317 0.332 0.405 0.43  0.    0.523 0.    0.    0.48
  0.    1.161 0.593 0.372 0.926 1.083]
 [0.752 0.855 1.406 0.427 1.464 0.342 0.661 0.    0.909 0.489 0.963 1.297
  0.    0.    0.    0.879 0.433 0.342 1.187 0.788 0.375 0.    0.405 1.11
  0.    0.446 0.762 0.659 0.694 0.696]
 [0.    0.    0.379 0.    0.    0.    0.    0.    0.    0.    0.    0.
  0.    0.    0.    0.    0.    0.    0.    0.    0.    0.    0.    0.
  0.    0.    0.    0.    0.    0.   ]
 [0.599 0.933 0.551 0.    1.087 0.    1.188 0.    0.761 0.    0.    1.254
  0.    0.    0.    0.    0.    0.    0.    0.    0.    0.    0.    0.576
  0.    0.4   0.    0.    0.725 0.608]
 [0.    0.693 0.823 0.    0.488 0.    0.429 0.    0.564 0.365 0.    0.982
  0.    0.    0.    0.394 0.    0.    0.    0.    0.    0.    0.    0.
  0.    0.    0.    0.    0.    0.479]
 [0.64  0.549 0.567 0.    0.473 0.    0.    0.    0.407 0.    0.    0.658
  0.    0.    0.    0.    0.    0.    0.    0.    0.    0.    0.    0.
  0.    0.    0.    0.    0.37  0.   ]
 [0.    0.653 0.485 0.    0.684 0.    0.538 0.    0.419 0.    0.    0.47
  0.    0.    0.    0.    0.    0.    0.    0.    0.    0.    0.    0.
  0.    0.    0.    0.    0.506 0.384]
 [0.393 0.632 0.526 0.    0.978 0.357 0.906 0.    0.69  0.31  0.    0.568
  0.    0.    0.    0.382 0.    0.    0.    0.    0.    0.    0.    0.
  0.    0.    0.    0.    0.    0.608]
 [0.    0.68  0.691 0.486 1.046 0.    0.866 0.    0.469 0.361 0.    0.885
  0.    0.    0.    0.417 0.    0.    0.    0.    0.    0.    0.    0.
  0.    0.403 0.    0.    0.564 0.692]
 [0.41  0.644 0.903 0.    1.215 0.    0.46  0.    0.51  0.    0.354 0.462
  0.    0.    0.    0.423 0.    0.    0.    0.    0.    0.    0.    0.
  0.    0.    0.    0.    0.444 0.382]
 [0.    0.    0.446 0.    0.769 0.    0.    0.    0.382 0.    0.    0.
  0.    0.    0.    0.    0.    0.    0.    0.    0.    0.    0.    0.
  0.    0.    0.    0.    0.321 0.   ]
 [0.823 0.689 0.736 0.    0.683 0.    0.473 0.    0.686 0.    1.389 0.79
  0.    0.    0.    0.481 0.    0.    0.    0.    0.    0.    0.    0.
  0.    0.331 0.    0.    0.511 0.767]
 [0.    0.    0.518 0.    0.345 0.    0.    0.    0.443 0.    0.    0.605
  0.    0.    0.    0.    0.    0.    0.    0.    0.    0.    0.    0.
  0.    0.    0.    0.    0.448 0.   ]
 [0.    0.    0.805 0.    0.332 0.    0.388 0.    0.37  0.    0.    0.418
  0.    0.    0.    0.    0.    0.    0.    0.    0.    0.    0.    0.
  0.    0.    0.    0.    0.402 0.   ]
 [0.56  0.557 0.911 0.    0.714 0.    0.471 0.    0.453 0.    0.    0.308
  0.    0.    0.    0.356 0.    0.    0.    0.    0.    0.    0.    0.
  0.    0.    0.    0.    0.355 0.   ]
 [0.    0.    0.    0.    0.    0.    0.    0.    0.    0.    0.    0.
  0.    0.    0.    0.    0.    0.    0.    0.    0.    0.    0.    0.
  0.    0.    0.    0.    0.    0.   ]
 [0.    0.    0.    0.    0.    0.    0.    0.    0.    0.    0.    0.312
  0.    0.    0.    0.    0.    0.    0.    0.    0.    0.    0.    0.
  0.    0.    0.    0.    0.    0.   ]]
{'fdr': 0.7832512315270936, 'tpr': 0.36666666666666664, 'fpr': 0.5047619047619047, 'f1': 0.27244582043343646, 'shd': 220, 'npred': 203, 'ntrue': 120}
[7.556e-02 8.429e-02 2.132e-02 2.296e-01 2.234e-02 8.822e-02 1.154e-02
 9.211e-02 3.826e-02 2.128e-02 2.056e-01 4.685e-03 3.305e-03 2.197e-03
 1.300e-01 5.384e-03 1.137e-02 5.426e-03 1.679e-02 9.124e-03 8.116e-03
 9.678e-03 1.684e-02 2.509e-03 1.137e-02 2.431e-02 7.037e-03 4.732e-02
 1.008e-01 6.331e-02 2.099e-01 1.127e-02 8.755e-02 9.395e-03 2.894e-02
 4.600e-03 9.036e-02 1.114e-02 1.047e-02 1.138e-01 1.279e-03 2.033e-03
 2.186e-03 4.170e-02 3.261e-03 4.666e-03 4.249e-03 6.370e-03 2.632e-03
 4.762e-03 7.268e-03 1.284e-02 4.647e-03 2.395e-02 1.200e-02 6.722e-03
 2.229e-02 3.321e-02 4.095e-02 2.027e-02 7.476e-03 1.039e-01 8.794e-03
 3.982e-02 3.129e-03 2.321e-02 7.480e-03 1.726e-02 7.052e-02 1.002e-03
 1.191e-03 1.015e-03 6.703e-03 3.791e-03 3.807e-03 4.739e-03 6.925e-03
 4.672e-03 5.292e-03 4.618e-03 7.340e-03 3.007e-03 8.880e-03 3.572e-03
 2.042e-03 2.332e-02 3.217e-02 1.936e-01 3.234e-01 5.279e-01 6.147e-01
 1.201e-01 2.086e-01 6.578e-03 2.976e-01 6.744e-02 9.289e-02 4.514e-01
 1.367e-02 3.704e-03 9.759e-03 1.936e-01 2.076e-02 3.856e-02 3.248e-02
 5.365e-02 4.458e-02 8.151e-03 1.955e-02 1.219e-01 2.281e-02 1.755e-01
 4.509e-02 2.139e-02 2.879e-01 3.511e-01 1.865e-02 4.415e-02 4.597e-02
 5.975e-03 5.196e-03 3.223e-02 1.629e-03 2.182e-02 1.057e-02 1.561e-02
 9.159e-02 6.311e-04 1.889e-03 1.673e-03 1.592e-02 2.201e-03 6.272e-03
 6.257e-03 5.129e-03 2.590e-03 2.642e-03 1.795e-03 5.145e-03 4.545e-03
 6.966e-03 7.817e-03 4.208e-03 1.497e-02 3.662e-02 7.714e-02 3.631e-01
 2.837e-01 3.277e-02 6.304e-01 3.636e-01 9.350e-03 2.917e-01 1.547e-01
 2.060e-01 7.245e-01 1.720e-03 1.341e-02 8.034e-03 2.928e-01 1.334e-02
 6.760e-02 4.782e-02 1.939e-02 1.053e-02 1.749e-02 1.612e-02 5.651e-02
 2.807e-02 3.189e-01 1.219e-01 2.381e-02 2.535e-01 2.417e-01 4.348e-02
 1.095e-01 1.645e-01 1.451e-02 1.357e-01 1.031e-02 3.584e-03 7.325e-02
 7.799e-03 2.890e-02 7.950e-02 1.006e-03 1.782e-03 2.540e-03 1.378e-02
 2.267e-03 6.829e-03 1.420e-02 6.535e-03 2.496e-03 3.647e-03 6.410e-03
 2.066e-02 5.468e-03 2.952e-02 7.946e-03 5.615e-03 1.440e-01 4.008e-02
 3.302e-01 5.266e-01 8.195e-01 3.896e-01 1.628e+00 2.350e-01 5.258e-01
 4.136e-01 1.892e-01 3.617e-01 1.205e+00 3.724e-02 2.290e-02 1.278e-02
 3.785e-01 7.426e-02 1.111e-01 1.423e-01 9.811e-02 1.406e-01 7.818e-02
 1.892e-01 2.784e-01 2.294e-02 2.647e-01 1.412e-01 2.042e-01 4.627e-01
 8.542e-01 5.059e-02 4.794e-02 1.611e-01 8.825e-03 1.305e-01 8.027e-03
 4.245e-02 7.223e-03 9.438e-03 1.407e-02 6.024e-02 1.998e-03 2.477e-03
 1.949e-03 2.054e-02 4.142e-03 4.549e-03 9.513e-03 6.611e-03 5.724e-03
 7.577e-03 4.996e-03 9.892e-03 2.937e-03 6.653e-03 9.740e-03 7.192e-03
 5.975e-02 1.085e-01 9.232e-02 2.438e-01 5.179e-01 5.925e-02 3.846e-01
 1.799e-02 4.722e-01 1.544e-02 4.484e-01 1.065e-01 3.023e-01 2.012e-03
 4.307e-03 6.835e-03 1.398e-01 2.167e-02 1.589e-02 2.069e-02 2.740e-02
 1.334e-02 1.004e-02 1.261e-02 9.653e-02 1.431e-02 1.299e-01 1.015e-01
 1.464e-02 3.926e-01 2.080e-01 1.723e-01 2.261e-01 2.167e-01 3.948e-02
 2.140e-01 1.566e-02 1.405e-01 9.783e-03 2.545e-01 2.507e-02 5.125e-01
 5.206e-03 1.903e-02 2.299e-03 8.187e-02 1.911e-02 1.432e-02 3.847e-02
 1.939e-02 1.237e-02 9.213e-03 1.408e-02 5.705e-02 1.283e-03 3.168e-02
 3.022e-02 2.739e-02 1.250e-01 8.115e-02 1.888e-02 2.769e-02 6.888e-02
 8.004e-03 3.775e-02 2.733e-03 4.930e-02 1.896e-03 4.581e-02 8.865e-03
 9.034e-03 1.536e-03 2.520e-03 1.430e-03 2.933e-02 1.998e-03 3.262e-03
 5.613e-03 4.875e-03 3.525e-03 2.010e-03 7.329e-03 1.533e-02 3.760e-03
 4.036e-03 1.262e-02 1.049e-02 4.475e-02 1.206e-02 5.609e-01 1.789e+00
 1.626e+00 2.840e-01 1.924e+00 1.090e+00 1.010e+00 1.214e-01 1.223e+00
 7.969e-01 4.381e-01 1.550e+00 4.837e-02 5.121e-02 1.415e+00 5.067e-01
 3.226e-01 7.995e-01 3.473e-01 5.567e-01 9.718e-02 6.041e-01 3.416e-01
 1.637e-01 6.724e-01 3.317e-01 7.575e-01 7.996e-01 9.535e-01 8.006e-01
 1.010e+00 1.740e+00 6.380e-01 7.967e-01 1.625e-01 1.263e+00 1.427e-01
 1.191e+00 5.455e-01 2.245e-01 9.567e-01 7.928e-02 3.469e-02 1.317e+00
 3.316e-01 4.051e-01 4.305e-01 1.499e-01 5.232e-01 1.221e-01 2.641e-01
 4.801e-01 1.676e-01 1.161e+00 5.933e-01 3.720e-01 9.258e-01 1.083e+00
 7.520e-01 8.550e-01 1.406e+00 4.270e-01 1.464e+00 3.423e-01 6.607e-01
 2.048e-01 9.089e-01 4.890e-01 9.630e-01 1.297e+00 9.575e-02 1.590e-01
 8.792e-01 4.328e-01 3.424e-01 1.187e+00 7.885e-01 3.753e-01 1.890e-01
 4.052e-01 1.110e+00 1.844e-01 4.457e-01 7.621e-01 6.593e-01 6.936e-01
 6.963e-01 4.016e-02 6.360e-02 3.794e-01 1.648e-02 2.781e-01 1.138e-02
 2.189e-01 5.259e-03 1.311e-01 2.266e-02 2.865e-02 1.512e-01 1.634e-03
 1.526e-03 2.129e-03 9.529e-03 9.774e-03 1.453e-02 1.359e-02 1.020e-02
 9.849e-03 6.198e-03 1.513e-02 6.089e-03 1.706e-02 2.059e-02 9.688e-03
 4.615e-02 3.019e-02 5.988e-01 9.331e-01 5.510e-01 2.186e-01 1.087e+00
 2.171e-01 1.188e+00 5.813e-02 7.606e-01 1.936e-01 2.254e-01 1.254e+00
 5.878e-03 1.344e-02 6.174e-03 2.385e-01 9.205e-02 2.021e-01 1.338e-01
 2.834e-02 1.329e-01 3.323e-02 5.759e-01 3.029e-02 4.003e-01 2.478e-01
 7.314e-02 7.253e-01 6.076e-01 2.448e-01 6.926e-01 8.234e-01 5.452e-02
 4.880e-01 5.350e-02 4.293e-01 3.797e-02 5.641e-01 3.647e-01 2.325e-01
 9.825e-01 1.010e-02 1.213e-02 1.107e-02 3.940e-01 2.849e-02 6.262e-02
 2.599e-02 1.283e-02 5.602e-02 3.438e-02 1.364e-01 6.385e-02 2.987e-01
 1.047e-01 2.237e-02 2.703e-01 4.789e-01 6.397e-01 5.486e-01 5.669e-01
 1.350e-01 4.731e-01 4.608e-02 2.490e-01 2.251e-02 4.070e-01 1.643e-01
 9.939e-02 6.577e-01 3.718e-03 9.887e-03 2.624e-03 2.379e-01 1.728e-02
 7.289e-02 7.620e-02 1.911e-02 3.782e-02 2.350e-02 2.391e-01 1.142e-02
 2.837e-01 5.191e-02 4.984e-02 3.699e-01 2.332e-01 2.357e-01 6.531e-01
 4.855e-01 9.876e-02 6.842e-01 1.882e-01 5.381e-01 7.534e-02 4.194e-01
 7.555e-02 2.018e-01 4.698e-01 1.127e-02 2.445e-02 4.570e-03 2.598e-01
 2.723e-02 1.456e-01 6.200e-02 2.403e-02 3.583e-02 5.475e-02 1.735e-01
 2.285e-02 2.073e-01 2.921e-01 7.425e-02 5.056e-01 3.839e-01 3.928e-01
 6.319e-01 5.259e-01 9.387e-02 9.776e-01 3.572e-01 9.062e-01 2.824e-02
 6.902e-01 3.099e-01 2.759e-01 5.682e-01 7.019e-03 4.898e-03 6.859e-03
 3.824e-01 1.501e-01 1.183e-01 1.866e-01 1.414e-01 8.128e-02 2.904e-02
 2.401e-01 2.304e-02 2.691e-01 1.635e-01 1.208e-01 1.374e-01 6.084e-01
 2.709e-01 6.798e-01 6.915e-01 4.861e-01 1.046e+00 2.269e-01 8.663e-01
 4.489e-02 4.688e-01 3.606e-01 2.942e-01 8.850e-01 3.222e-02 2.930e-02
 2.364e-02 4.167e-01 2.825e-02 7.896e-02 1.013e-01 9.191e-02 4.577e-02
 2.140e-01 1.718e-01 1.839e-02 4.027e-01 2.105e-01 1.436e-01 5.639e-01
 6.916e-01 4.096e-01 6.439e-01 9.030e-01 1.580e-01 1.215e+00 1.906e-01
 4.597e-01 1.436e-02 5.100e-01 2.583e-01 3.538e-01 4.624e-01 5.181e-03
 1.417e-02 7.617e-03 4.233e-01 7.201e-02 7.321e-02 2.399e-01 5.164e-02
 1.041e-01 1.467e-02 7.843e-02 2.741e-02 1.694e-01 1.537e-01 1.305e-02
 4.436e-01 3.823e-01 2.514e-01 2.979e-01 4.460e-01 2.994e-02 7.693e-01
 8.834e-02 2.193e-01 7.504e-03 3.816e-01 2.754e-02 9.050e-02 2.692e-01
 6.602e-03 7.237e-03 2.954e-03 2.360e-01 3.577e-03 2.603e-02 2.973e-02
 3.194e-02 1.359e-02 2.883e-02 4.233e-02 1.528e-02 1.556e-01 5.629e-02
 2.595e-02 3.214e-01 2.831e-01 8.233e-01 6.892e-01 7.363e-01 1.771e-01
 6.833e-01 1.535e-01 4.726e-01 1.341e-01 6.860e-01 2.167e-01 1.389e+00
 7.897e-01 2.630e-02 2.358e-02 2.364e-02 4.810e-01 1.161e-01 6.027e-02
 2.312e-01 1.640e-01 1.517e-01 1.046e-01 1.322e-01 2.377e-01 3.308e-01
 2.165e-01 1.846e-01 5.107e-01 7.673e-01 2.721e-01 2.292e-01 5.181e-01
 1.642e-02 3.452e-01 1.280e-02 1.617e-01 1.185e-02 4.427e-01 2.851e-02
 2.441e-01 6.045e-01 3.865e-03 3.011e-03 5.112e-03 1.800e-01 1.050e-02
 1.116e-02 1.104e-02 1.507e-02 1.343e-02 9.498e-03 3.122e-02 2.199e-02
 7.640e-03 2.432e-02 3.382e-02 4.477e-01 2.333e-01 1.854e-01 2.697e-01
 8.049e-01 8.565e-02 3.315e-01 3.110e-02 3.880e-01 1.652e-02 3.704e-01
 3.277e-02 1.203e-01 4.183e-01 1.115e-02 6.409e-03 4.335e-03 1.811e-01
 1.376e-02 2.960e-02 6.753e-02 1.203e-02 2.150e-02 1.873e-02 2.286e-02
 6.106e-02 1.755e-02 1.058e-01 1.999e-02 4.018e-01 2.580e-01 5.596e-01
 5.574e-01 9.115e-01 1.767e-01 7.140e-01 1.337e-01 4.711e-01 2.056e-02
 4.534e-01 2.542e-01 1.320e-01 3.081e-01 4.809e-03 6.523e-03 4.588e-03
 3.559e-01 7.832e-02 1.001e-01 6.059e-02 5.076e-02 3.121e-02 2.985e-02
 1.784e-01 1.771e-01 2.224e-02 1.315e-01 1.577e-01 3.551e-01 2.861e-01
 6.215e-02 1.645e-01 1.709e-01 8.065e-03 2.896e-01 1.719e-02 2.772e-02
 5.556e-03 6.838e-02 6.431e-03 6.574e-02 1.280e-01 2.362e-03 1.837e-03
 3.324e-03 8.334e-02 2.341e-03 1.025e-02 8.375e-03 9.075e-03 1.620e-02
 3.771e-03 3.153e-03 1.715e-02 5.857e-03 9.807e-03 1.072e-02 1.467e-02
 7.660e-02 4.035e-02 1.309e-01 9.194e-02 1.432e-02 7.260e-02 1.153e-02
 1.028e-01 3.429e-03 3.655e-02 1.466e-02 6.754e-02 3.119e-01 2.510e-03
 2.177e-03 2.762e-03 5.563e-02 5.511e-03 7.290e-03 1.414e-02 8.816e-03
 5.120e-03 3.569e-03 8.206e-03 1.300e-02 3.382e-03 1.938e-02 1.400e-02
 1.110e-02 7.584e-02]
[[0. 0. 0. 1. 0. 0. 0. 0. 0. 0. 0. 0. 0. 0. 0. 1. 0. 0. 1. 0. 0. 0. 0. 0.
  0. 0. 0. 0. 0. 0.]
 [0. 0. 0. 0. 0. 1. 0. 0. 1. 0. 0. 0. 0. 0. 0. 1. 0. 1. 0. 1. 0. 0. 1. 0.
  0. 0. 0. 0. 0. 0.]
 [0. 0. 0. 0. 0. 0. 0. 0. 0. 0. 0. 0. 0. 0. 0. 1. 0. 0. 0. 0. 0. 0. 0. 0.
  0. 0. 0. 0. 0. 0.]
 [0. 0. 0. 0. 0. 0. 0. 0. 0. 0. 0. 0. 0. 0. 0. 1. 0. 0. 0. 1. 0. 0. 0. 0.
  0. 0. 0. 0. 0. 0.]
 [0. 0. 0. 0. 0. 0. 0. 0. 0. 0. 0. 0. 0. 0. 0. 0. 0. 0. 1. 0. 0. 0. 1. 0.
  0. 0. 0. 0. 0. 0.]
 [0. 0. 0. 0. 0. 0. 1. 0. 0. 0. 0. 0. 0. 0. 0. 0. 0. 0. 0. 0. 0. 0. 0. 0.
  0. 0. 0. 0. 1. 0.]
 [0. 0. 0. 0. 0. 0. 0. 0. 0. 0. 0. 0. 0. 0. 0. 1. 0. 0. 0. 0. 0. 0. 0. 0.
  0. 0. 0. 0. 0. 0.]
 [0. 0. 0. 0. 1. 0. 0. 0. 1. 0. 0. 0. 0. 0. 0. 1. 0. 0. 0. 1. 0. 0. 0. 0.
  0. 0. 0. 0. 1. 0.]
 [1. 0. 0. 0. 0. 0. 0. 0. 0. 0. 0. 0. 0. 0. 0. 0. 0. 0. 0. 1. 0. 0. 0. 0.
  0. 0. 0. 0. 0. 0.]
 [0. 0. 0. 0. 0. 0. 0. 0. 1. 0. 0. 0. 1. 0. 0. 0. 0. 0. 0. 0. 0. 0. 0. 0.
  0. 0. 0. 0. 0. 1.]
 [1. 1. 0. 0. 0. 0. 0. 1. 0. 1. 0. 0. 0. 0. 0. 1. 0. 0. 0. 0. 0. 0. 0. 0.
  0. 0. 0. 0. 1. 0.]
 [0. 0. 0. 0. 0. 0. 1. 0. 1. 0. 0. 0. 0. 0. 0. 0. 0. 0. 0. 0. 0. 0. 0. 0.
  0. 0. 1. 0. 0. 0.]
 [0. 1. 0. 0. 1. 0. 0. 1. 1. 0. 0. 1. 0. 0. 0. 0. 0. 0. 1. 0. 0. 1. 0. 0.
  0. 0. 1. 0. 0. 0.]
 [0. 0. 1. 1. 0. 1. 0. 0. 0. 0. 0. 0. 0. 0. 0. 0. 0. 1. 0. 0. 0. 0. 0. 1.
  0. 0. 0. 0. 0. 1.]
 [0. 1. 0. 0. 0. 0. 0. 0. 0. 0. 0. 0. 1. 0. 0. 0. 0. 0. 0. 0. 0. 0. 1. 1.
  0. 0. 0. 0. 1. 0.]
 [0. 0. 0. 0. 0. 0. 0. 0. 0. 0. 0. 0. 0. 0. 0. 0. 0. 0. 0. 0. 0. 0. 0. 0.
  0. 0. 0. 0. 1. 0.]
 [0. 0. 0. 0. 0. 1. 1. 0. 1. 0. 0. 0. 1. 0. 1. 1. 0. 0. 1. 0. 1. 1. 0. 0.
  0. 0. 0. 0. 0. 0.]
 [0. 0. 0. 0. 0. 0. 0. 0. 1. 0. 0. 0. 0. 0. 0. 0. 0. 0. 1. 0. 0. 0. 0. 0.
  0. 0. 1. 0. 0. 0.]
 [0. 0. 0. 0. 0. 0. 0. 0. 0. 0. 0. 0. 0. 0. 0. 0. 0. 0. 0. 0. 0. 0. 0. 0.
  0. 0. 0. 0. 0. 0.]
 [0. 0. 0. 0. 0. 0. 0. 0. 0. 0. 0. 0. 0. 0. 0. 0. 0. 0. 1. 0. 0. 0. 0. 0.
  0. 0. 0. 0. 1. 0.]
 [0. 0. 0. 0. 1. 1. 0. 1. 0. 0. 0. 0. 0. 1. 0. 0. 0. 0. 0. 0. 0. 1. 1. 0.
  0. 1. 1. 0. 0. 0.]
 [0. 0. 1. 1. 1. 0. 1. 0. 0. 0. 0. 0. 0. 0. 0. 0. 0. 1. 0. 0. 0. 0. 0. 0.
  0. 0. 0. 0. 1. 1.]
 [0. 0. 0. 0. 0. 0. 1. 0. 0. 0. 0. 0. 0. 0. 0. 0. 0. 0. 1. 0. 0. 0. 0. 0.
  0. 0. 0. 0. 0. 0.]
 [1. 0. 0. 0. 0. 0. 1. 0. 0. 0. 0. 1. 0. 0. 0. 1. 0. 0. 1. 1. 0. 0. 0. 0.
  0. 0. 1. 0. 0. 0.]
 [0. 0. 1. 0. 0. 1. 1. 0. 1. 1. 1. 0. 0. 1. 0. 0. 0. 1. 0. 0. 0. 0. 1. 0.
  0. 1. 0. 0. 0. 1.]
 [0. 1. 0. 0. 0. 0. 0. 0. 0. 0. 0. 0. 0. 0. 0. 0. 0. 0. 0. 0. 0. 0. 1. 0.
  0. 0. 0. 0. 0. 0.]
 [0. 0. 0. 1. 0. 1. 0. 0. 0. 0. 0. 0. 0. 0. 0. 1. 0. 0. 1. 0. 0. 0. 1. 0.
  0. 0. 0. 0. 1. 0.]
 [1. 0. 0. 0. 0. 0. 0. 0. 0. 0. 0. 1. 0. 0. 0. 0. 0. 0. 0. 0. 0. 0. 1. 0.
  0. 1. 0. 0. 0. 0.]
 [0. 0. 0. 0. 0. 0. 0. 0. 0. 0. 0. 0. 0. 0. 0. 0. 0. 0. 0. 0. 0. 0. 0. 0.
  0. 0. 0. 0. 0. 0.]
 [0. 0. 0. 0. 0. 0. 0. 0. 0. 0. 0. 1. 0. 0. 0. 0. 0. 0. 1. 0. 0. 0. 0. 0.
  0. 0. 1. 0. 0. 0.]]
[0. 0. 1. 0. 0. 0. 0. 0. 0. 0. 0. 0. 0. 0. 1. 0. 0. 1. 0. 0. 0. 0. 0. 0.
 0. 0. 0. 0. 0. 0. 0. 0. 0. 1. 0. 0. 1. 0. 0. 0. 0. 0. 0. 1. 0. 1. 0. 1.
 0. 0. 1. 0. 0. 0. 0. 0. 0. 0. 0. 0. 0. 0. 0. 0. 0. 0. 0. 0. 0. 0. 0. 0.
 1. 0. 0. 0. 0. 0. 0. 0. 0. 0. 0. 0. 0. 0. 0. 0. 0. 0. 0. 0. 0. 0. 0. 0.
 0. 0. 0. 0. 0. 1. 0. 0. 0. 1. 0. 0. 0. 0. 0. 0. 0. 0. 0. 0. 0. 0. 0. 0.
 0. 0. 0. 0. 0. 0. 0. 0. 0. 0. 0. 0. 0. 1. 0. 0. 0. 1. 0. 0. 0. 0. 0. 0.
 0. 0. 0. 0. 0. 0. 1. 0. 0. 0. 0. 0. 0. 0. 0. 0. 0. 0. 0. 0. 0. 0. 0. 0.
 0. 0. 0. 0. 1. 0. 0. 0. 0. 0. 0. 0. 0. 0. 0. 0. 0. 0. 0. 0. 1. 0. 0. 0.
 0. 0. 0. 0. 0. 0. 0. 0. 0. 0. 0. 0. 0. 0. 0. 1. 0. 0. 1. 0. 0. 0. 0. 0.
 0. 1. 0. 0. 0. 1. 0. 0. 0. 0. 0. 0. 0. 0. 1. 0. 1. 0. 0. 0. 0. 0. 0. 0.
 0. 0. 0. 0. 0. 0. 0. 0. 0. 0. 1. 0. 0. 0. 0. 0. 0. 0. 0. 0. 0. 0. 0. 0.
 0. 0. 0. 0. 0. 1. 0. 0. 1. 0. 0. 0. 0. 0. 0. 0. 0. 0. 0. 0. 0. 0. 0. 0.
 0. 1. 1. 1. 0. 0. 0. 0. 0. 1. 0. 1. 0. 0. 0. 0. 1. 0. 0. 0. 0. 0. 0. 0.
 0. 0. 0. 0. 0. 1. 0. 0. 0. 0. 0. 0. 0. 1. 0. 1. 0. 0. 0. 0. 0. 0. 0. 0.
 0. 0. 0. 0. 0. 0. 0. 0. 1. 0. 0. 0. 0. 1. 0. 0. 1. 0. 0. 1. 1. 0. 0. 1.
 0. 0. 0. 0. 0. 1. 0. 0. 1. 0. 0. 0. 0. 1. 0. 0. 0. 0. 0. 1. 1. 0. 1. 0.
 0. 0. 0. 0. 0. 0. 0. 0. 0. 1. 0. 0. 0. 0. 0. 1. 0. 0. 0. 0. 0. 1. 0. 1.
 0. 0. 0. 0. 0. 0. 0. 0. 0. 0. 1. 0. 0. 0. 0. 0. 0. 0. 0. 1. 1. 0. 0. 0.
 0. 1. 0. 0. 0. 0. 0. 0. 0. 0. 0. 0. 0. 0. 0. 0. 0. 0. 0. 0. 0. 0. 0. 0.
 0. 0. 0. 0. 0. 0. 1. 0. 0. 0. 0. 0. 0. 1. 1. 0. 1. 0. 0. 0. 1. 0. 1. 1.
 0. 1. 0. 1. 1. 0. 0. 0. 0. 0. 0. 0. 0. 0. 0. 0. 0. 0. 0. 0. 0. 1. 0. 0.
 0. 0. 0. 0. 0. 0. 1. 0. 0. 0. 0. 0. 0. 0. 1. 0. 0. 0. 0. 0. 0. 0. 0. 0.
 0. 0. 0. 0. 0. 0. 0. 0. 0. 0. 0. 0. 0. 0. 0. 0. 0. 0. 0. 0. 0. 0. 0. 0.
 0. 0. 0. 0. 0. 0. 0. 0. 0. 0. 0. 0. 0. 0. 0. 0. 0. 1. 0. 0. 0. 0. 0. 0.
 0. 0. 1. 0. 0. 0. 0. 0. 1. 1. 0. 1. 0. 0. 0. 0. 0. 1. 0. 0. 0. 0. 0. 0.
 1. 1. 0. 0. 1. 1. 0. 0. 0. 0. 0. 1. 1. 1. 0. 1. 0. 0. 0. 0. 0. 0. 0. 0.
 0. 0. 1. 0. 0. 0. 0. 0. 0. 0. 0. 0. 1. 1. 0. 0. 0. 0. 0. 0. 1. 0. 0. 0.
 0. 0. 0. 0. 0. 0. 0. 0. 1. 0. 0. 0. 0. 0. 0. 0. 0. 0. 0. 1. 0. 0. 0. 0.
 0. 1. 0. 0. 0. 0. 1. 0. 0. 0. 1. 0. 0. 1. 1. 0. 0. 0. 0. 0. 1. 0. 0. 0.
 0. 0. 1. 0. 0. 1. 1. 0. 1. 1. 1. 0. 0. 1. 0. 0. 0. 1. 0. 0. 0. 0. 1. 0.
 1. 0. 0. 0. 1. 0. 1. 0. 0. 0. 0. 0. 0. 0. 0. 0. 0. 0. 0. 0. 0. 0. 0. 0.
 0. 0. 0. 1. 0. 0. 0. 0. 0. 0. 0. 0. 0. 1. 0. 1. 0. 0. 0. 0. 0. 0. 0. 0.
 0. 1. 0. 0. 1. 0. 0. 0. 1. 0. 0. 0. 0. 1. 0. 1. 0. 0. 0. 0. 0. 0. 0. 0.
 0. 0. 1. 0. 0. 0. 0. 0. 0. 0. 0. 0. 0. 1. 0. 0. 1. 0. 0. 0. 0. 0. 0. 0.
 0. 0. 0. 0. 0. 0. 0. 0. 0. 0. 0. 0. 0. 0. 0. 0. 0. 0. 0. 0. 0. 0. 0. 0.
 0. 0. 0. 0. 0. 0. 0. 0. 0. 0. 0. 0. 1. 0. 0. 0. 0. 0. 0. 1. 0. 0. 0. 0.
 0. 0. 0. 1. 0. 0.]
aucroc, aucpr (0.6450444444444445, 0.2510957346657411)
Iterations 2500
Achieves (13.610683049707138, 1e-05)-DP
