samples  5000  graph  30 120 ER mlp  minibatch size  100  noise  0.6  minibatches per NN training  63 quantile adaptive clipping
cuda
cuda
iteration 1 in inner loop,alpha 0.0 rho 1.0 h 2.407192360868244
iteration 1 in outer loop, alpha = 2.407192360868244, rho = 1.0, h = 2.407192360868244
cuda
iteration 1 in inner loop,alpha 2.407192360868244 rho 1.0 h 1.536496141170911
iteration 2 in inner loop,alpha 2.407192360868244 rho 10.0 h 0.6726939360289457
iteration 3 in inner loop,alpha 2.407192360868244 rho 100.0 h 0.2142371970659589
iteration 2 in outer loop, alpha = 23.830912067464133, rho = 100.0, h = 0.2142371970659589
cuda
iteration 1 in inner loop,alpha 23.830912067464133 rho 100.0 h 0.12217796695324523
iteration 2 in inner loop,alpha 23.830912067464133 rho 1000.0 h 0.04290609905537579
iteration 3 in outer loop, alpha = 66.73701112283993, rho = 1000.0, h = 0.04290609905537579
cuda
iteration 1 in inner loop,alpha 66.73701112283993 rho 1000.0 h 0.021530985921749846
iteration 2 in inner loop,alpha 66.73701112283993 rho 10000.0 h 0.007646585389480265
iteration 4 in outer loop, alpha = 143.20286501764258, rho = 10000.0, h = 0.007646585389480265
cuda
iteration 1 in inner loop,alpha 143.20286501764258 rho 10000.0 h 0.003540868713148626
iteration 2 in inner loop,alpha 143.20286501764258 rho 100000.0 h 0.0012686974553020036
iteration 5 in outer loop, alpha = 270.07261054784294, rho = 100000.0, h = 0.0012686974553020036
cuda
iteration 1 in inner loop,alpha 270.07261054784294 rho 100000.0 h 0.0006590200872196306
iteration 6 in outer loop, alpha = 929.0926977674735, rho = 1000000.0, h = 0.0006590200872196306
Threshold 0.3
[[0.002 0.    0.001 1.856 0.011 0.103 0.147 0.    0.001 0.    0.    0.145
  0.    0.    0.    0.904 0.    0.    0.65  0.149 0.    0.    0.207 0.
  0.    0.    0.105 0.    0.176 0.   ]
 [0.394 0.003 0.073 0.127 0.238 1.579 0.209 0.    0.966 0.    0.    0.136
  0.    0.    0.    0.844 0.    1.214 0.348 0.585 0.    0.004 1.056 0.001
  0.    0.    0.165 0.    0.194 0.129]
 [0.169 0.011 0.001 0.423 0.133 0.403 0.19  0.005 0.108 0.    0.    0.161
  0.    0.    0.    0.762 0.    0.319 0.064 0.077 0.    0.    0.169 0.
  0.    0.002 0.189 0.    0.214 0.244]
 [0.    0.    0.    0.002 0.001 0.001 0.121 0.    0.    0.    0.    0.
  0.    0.    0.    0.831 0.    0.    0.173 0.509 0.    0.    0.113 0.
  0.    0.    0.    0.    0.158 0.   ]
 [0.049 0.001 0.004 0.189 0.003 0.005 0.216 0.    0.09  0.    0.    0.014
  0.    0.    0.    0.145 0.    0.001 0.675 0.119 0.    0.001 1.438 0.
  0.    0.    0.002 0.    0.059 0.002]
 [0.002 0.    0.001 0.203 0.143 0.002 1.678 0.    0.002 0.    0.    0.
  0.    0.    0.    0.245 0.    0.    0.159 0.161 0.    0.    0.249 0.
  0.    0.    0.    0.    0.702 0.   ]
 [0.001 0.    0.    0.002 0.001 0.    0.004 0.    0.001 0.    0.    0.
  0.    0.    0.    0.988 0.    0.    0.011 0.003 0.    0.    0.001 0.
  0.    0.    0.    0.    0.083 0.   ]
 [0.422 0.679 0.106 0.152 2.133 0.137 0.171 0.002 1.318 0.    0.    0.121
  0.    0.    0.    0.552 0.    0.299 0.158 0.671 0.    0.003 0.302 0.001
  0.    0.006 0.099 0.001 0.323 0.262]
 [1.207 0.    0.001 0.26  0.008 0.099 0.119 0.    0.002 0.    0.    0.316
  0.    0.    0.    0.059 0.    0.    0.262 0.802 0.    0.    0.137 0.
  0.    0.    0.081 0.    0.109 0.   ]
 [0.31  0.768 0.244 0.239 0.235 0.349 0.245 0.308 1.004 0.001 0.    0.216
  2.249 0.12  0.008 0.307 0.001 0.378 0.214 0.088 0.002 0.48  0.476 0.085
  0.    0.163 0.202 0.001 0.283 1.863]
 [1.644 1.739 0.236 0.167 0.143 0.358 0.215 1.945 0.283 1.265 0.002 0.067
  0.183 0.28  0.004 1.099 0.    0.269 0.219 0.123 0.016 0.089 0.28  0.02
  0.    0.203 0.119 0.016 0.964 0.409]
 [0.005 0.001 0.001 0.162 0.043 0.104 0.93  0.001 0.003 0.    0.    0.001
  0.    0.    0.    0.346 0.    0.001 0.208 0.106 0.    0.    0.129 0.
  0.    0.001 0.833 0.    0.131 0.   ]
 [0.157 1.689 0.139 0.227 2.271 0.309 0.294 1.354 0.833 0.    0.    1.777
  0.001 0.    0.    0.239 0.    0.184 0.644 0.113 0.    2.514 0.503 0.003
  0.    0.018 1.037 0.    0.381 0.318]
 [0.225 0.175 2.832 1.117 0.131 1.745 0.308 0.15  0.435 0.003 0.001 0.501
  0.218 0.001 0.    0.481 0.    1.72  0.393 0.187 0.    0.114 0.297 2.591
  0.    0.517 0.39  0.008 0.178 2.313]
 [0.233 0.872 0.03  0.228 0.224 0.312 0.412 0.275 0.247 0.026 0.018 0.652
  2.46  0.082 0.001 0.233 0.    0.176 0.203 0.167 0.363 0.62  0.966 3.549
  0.006 0.097 0.448 0.003 0.416 0.256]
 [0.    0.    0.    0.    0.001 0.    0.001 0.    0.001 0.    0.    0.
  0.    0.    0.    0.004 0.    0.    0.006 0.002 0.    0.    0.    0.
  0.    0.    0.    0.    0.125 0.   ]
 [0.205 0.235 0.165 0.077 0.324 1.183 0.473 0.308 0.556 0.128 0.078 0.133
  1.094 0.092 2.977 0.48  0.001 0.031 0.194 0.062 0.707 1.327 0.208 0.341
  0.    0.049 0.138 0.005 0.256 0.099]
 [0.169 0.    0.001 0.321 0.174 0.257 0.2   0.    1.05  0.    0.    0.219
  0.    0.    0.    0.206 0.    0.001 0.673 0.278 0.    0.    0.375 0.
  0.    0.    0.627 0.    0.143 0.   ]
 [0.001 0.    0.001 0.002 0.001 0.001 0.155 0.    0.001 0.    0.    0.001
  0.    0.    0.    0.15  0.    0.    0.011 0.001 0.    0.    0.011 0.
  0.    0.    0.001 0.    0.007 0.   ]
 [0.001 0.001 0.001 0.005 0.002 0.002 0.225 0.001 0.    0.    0.    0.001
  0.    0.    0.    0.258 0.    0.    0.693 0.004 0.    0.    0.155 0.001
  0.    0.    0.    0.    0.357 0.   ]
 [0.193 0.542 0.221 0.366 1.82  1.088 0.229 1.091 0.182 0.083 0.029 0.208
  0.214 3.738 0.001 0.184 0.001 0.213 0.222 0.063 0.001 1.688 0.678 0.076
  0.001 2.426 0.218 0.    0.221 0.215]
 [0.082 0.158 2.56  0.994 1.511 0.221 0.637 0.302 0.477 0.    0.    0.34
  0.    0.    0.    0.23  0.    2.276 0.292 0.23  0.    0.001 0.438 0.
  0.    0.003 0.296 0.001 0.491 2.105]
 [0.002 0.001 0.001 0.004 0.    0.001 0.816 0.    0.002 0.    0.    0.
  0.    0.    0.    0.22  0.    0.    0.423 0.005 0.    0.    0.004 0.
  0.    0.    0.001 0.    0.041 0.001]
 [2.085 0.267 0.094 0.25  0.214 0.197 0.941 0.153 0.487 0.002 0.001 2.145
  0.258 0.    0.    0.79  0.    0.094 0.742 0.817 0.    0.249 0.526 0.002
  0.    0.013 1.466 0.001 0.13  0.103]
 [0.234 0.395 0.819 0.14  0.143 0.539 0.536 0.281 0.104 1.144 4.327 0.138
  0.204 2.145 0.038 0.144 0.012 0.391 0.152 0.052 0.029 0.112 0.884 0.105
  0.001 2.792 0.102 0.    0.248 0.805]
 [0.227 1.697 0.119 0.098 0.156 0.209 0.189 0.106 0.207 0.003 0.005 0.104
  0.034 0.    0.    0.1   0.    0.113 0.368 0.183 0.    0.133 1.316 0.038
  0.    0.002 0.069 0.    0.08  0.114]
 [0.003 0.    0.001 1.535 0.13  1.708 0.39  0.    0.001 0.    0.    0.
  0.    0.    0.    0.795 0.    0.    0.771 0.14  0.    0.    1.322 0.
  0.    0.    0.002 0.001 0.666 0.001]
 [2.059 0.355 0.177 0.296 0.105 0.202 0.122 0.09  0.251 0.012 0.005 0.971
  0.011 0.015 0.018 0.195 0.014 0.118 0.154 0.071 0.    0.054 0.894 0.03
  0.003 2.983 0.135 0.    0.125 0.154]
 [0.004 0.001 0.    0.012 0.021 0.001 0.015 0.004 0.002 0.    0.    0.001
  0.    0.    0.    0.062 0.    0.    0.144 0.019 0.    0.    0.023 0.001
  0.    0.    0.001 0.    0.012 0.   ]
 [0.265 0.005 0.002 0.409 0.158 0.18  0.286 0.002 0.543 0.    0.    1.955
  0.    0.    0.    0.232 0.    0.328 0.623 0.204 0.    0.    0.178 0.
  0.    0.003 0.64  0.001 0.105 0.002]]
[[0.    0.    0.    1.856 0.    0.    0.    0.    0.    0.    0.    0.
  0.    0.    0.    0.904 0.    0.    0.65  0.    0.    0.    0.    0.
  0.    0.    0.    0.    0.    0.   ]
 [0.394 0.    0.    0.    0.    1.579 0.    0.    0.966 0.    0.    0.
  0.    0.    0.    0.844 0.    1.214 0.348 0.585 0.    0.    1.056 0.
  0.    0.    0.    0.    0.    0.   ]
 [0.    0.    0.    0.423 0.    0.403 0.    0.    0.    0.    0.    0.
  0.    0.    0.    0.762 0.    0.319 0.    0.    0.    0.    0.    0.
  0.    0.    0.    0.    0.    0.   ]
 [0.    0.    0.    0.    0.    0.    0.    0.    0.    0.    0.    0.
  0.    0.    0.    0.831 0.    0.    0.    0.509 0.    0.    0.    0.
  0.    0.    0.    0.    0.    0.   ]
 [0.    0.    0.    0.    0.    0.    0.    0.    0.    0.    0.    0.
  0.    0.    0.    0.    0.    0.    0.675 0.    0.    0.    1.438 0.
  0.    0.    0.    0.    0.    0.   ]
 [0.    0.    0.    0.    0.    0.    1.678 0.    0.    0.    0.    0.
  0.    0.    0.    0.    0.    0.    0.    0.    0.    0.    0.    0.
  0.    0.    0.    0.    0.702 0.   ]
 [0.    0.    0.    0.    0.    0.    0.    0.    0.    0.    0.    0.
  0.    0.    0.    0.988 0.    0.    0.    0.    0.    0.    0.    0.
  0.    0.    0.    0.    0.    0.   ]
 [0.422 0.679 0.    0.    2.133 0.    0.    0.    1.318 0.    0.    0.
  0.    0.    0.    0.552 0.    0.    0.    0.671 0.    0.    0.302 0.
  0.    0.    0.    0.    0.323 0.   ]
 [1.207 0.    0.    0.    0.    0.    0.    0.    0.    0.    0.    0.316
  0.    0.    0.    0.    0.    0.    0.    0.802 0.    0.    0.    0.
  0.    0.    0.    0.    0.    0.   ]
 [0.31  0.768 0.    0.    0.    0.349 0.    0.308 1.004 0.    0.    0.
  2.249 0.    0.    0.307 0.    0.378 0.    0.    0.    0.48  0.476 0.
  0.    0.    0.    0.    0.    1.863]
 [1.644 1.739 0.    0.    0.    0.358 0.    1.945 0.    1.265 0.    0.
  0.    0.    0.    1.099 0.    0.    0.    0.    0.    0.    0.    0.
  0.    0.    0.    0.    0.964 0.409]
 [0.    0.    0.    0.    0.    0.    0.93  0.    0.    0.    0.    0.
  0.    0.    0.    0.346 0.    0.    0.    0.    0.    0.    0.    0.
  0.    0.    0.833 0.    0.    0.   ]
 [0.    1.689 0.    0.    2.271 0.309 0.    1.354 0.833 0.    0.    1.777
  0.    0.    0.    0.    0.    0.    0.644 0.    0.    2.514 0.503 0.
  0.    0.    1.037 0.    0.381 0.318]
 [0.    0.    2.832 1.117 0.    1.745 0.308 0.    0.435 0.    0.    0.501
  0.    0.    0.    0.481 0.    1.72  0.393 0.    0.    0.    0.    2.591
  0.    0.517 0.39  0.    0.    2.313]
 [0.    0.872 0.    0.    0.    0.312 0.412 0.    0.    0.    0.    0.652
  2.46  0.    0.    0.    0.    0.    0.    0.    0.363 0.62  0.966 3.549
  0.    0.    0.448 0.    0.416 0.   ]
 [0.    0.    0.    0.    0.    0.    0.    0.    0.    0.    0.    0.
  0.    0.    0.    0.    0.    0.    0.    0.    0.    0.    0.    0.
  0.    0.    0.    0.    0.    0.   ]
 [0.    0.    0.    0.    0.324 1.183 0.473 0.308 0.556 0.    0.    0.
  1.094 0.    2.977 0.48  0.    0.    0.    0.    0.707 1.327 0.    0.341
  0.    0.    0.    0.    0.    0.   ]
 [0.    0.    0.    0.321 0.    0.    0.    0.    1.05  0.    0.    0.
  0.    0.    0.    0.    0.    0.    0.673 0.    0.    0.    0.375 0.
  0.    0.    0.627 0.    0.    0.   ]
 [0.    0.    0.    0.    0.    0.    0.    0.    0.    0.    0.    0.
  0.    0.    0.    0.    0.    0.    0.    0.    0.    0.    0.    0.
  0.    0.    0.    0.    0.    0.   ]
 [0.    0.    0.    0.    0.    0.    0.    0.    0.    0.    0.    0.
  0.    0.    0.    0.    0.    0.    0.693 0.    0.    0.    0.    0.
  0.    0.    0.    0.    0.357 0.   ]
 [0.    0.542 0.    0.366 1.82  1.088 0.    1.091 0.    0.    0.    0.
  0.    3.738 0.    0.    0.    0.    0.    0.    0.    1.688 0.678 0.
  0.    2.426 0.    0.    0.    0.   ]
 [0.    0.    2.56  0.994 1.511 0.    0.637 0.302 0.477 0.    0.    0.34
  0.    0.    0.    0.    0.    2.276 0.    0.    0.    0.    0.438 0.
  0.    0.    0.    0.    0.491 2.105]
 [0.    0.    0.    0.    0.    0.    0.816 0.    0.    0.    0.    0.
  0.    0.    0.    0.    0.    0.    0.423 0.    0.    0.    0.    0.
  0.    0.    0.    0.    0.    0.   ]
 [2.085 0.    0.    0.    0.    0.    0.941 0.    0.487 0.    0.    2.145
  0.    0.    0.    0.79  0.    0.    0.742 0.817 0.    0.    0.526 0.
  0.    0.    1.466 0.    0.    0.   ]
 [0.    0.395 0.819 0.    0.    0.539 0.536 0.    0.    1.144 4.327 0.
  0.    2.145 0.    0.    0.    0.391 0.    0.    0.    0.    0.884 0.
  0.    2.792 0.    0.    0.    0.805]
 [0.    1.697 0.    0.    0.    0.    0.    0.    0.    0.    0.    0.
  0.    0.    0.    0.    0.    0.    0.368 0.    0.    0.    1.316 0.
  0.    0.    0.    0.    0.    0.   ]
 [0.    0.    0.    1.535 0.    1.708 0.39  0.    0.    0.    0.    0.
  0.    0.    0.    0.795 0.    0.    0.771 0.    0.    0.    1.322 0.
  0.    0.    0.    0.    0.666 0.   ]
 [2.059 0.355 0.    0.    0.    0.    0.    0.    0.    0.    0.    0.971
  0.    0.    0.    0.    0.    0.    0.    0.    0.    0.    0.894 0.
  0.    2.983 0.    0.    0.    0.   ]
 [0.    0.    0.    0.    0.    0.    0.    0.    0.    0.    0.    0.
  0.    0.    0.    0.    0.    0.    0.    0.    0.    0.    0.    0.
  0.    0.    0.    0.    0.    0.   ]
 [0.    0.    0.    0.409 0.    0.    0.    0.    0.543 0.    0.    1.955
  0.    0.    0.    0.    0.    0.328 0.623 0.    0.    0.    0.    0.
  0.    0.    0.64  0.    0.    0.   ]]
{'fdr': 0.3313953488372093, 'tpr': 0.9583333333333334, 'fpr': 0.18095238095238095, 'f1': 0.7876712328767125, 'shd': 61, 'npred': 172, 'ntrue': 120}
[2.410e-04 1.286e-03 1.856e+00 1.074e-02 1.029e-01 1.470e-01 2.141e-05
 5.489e-04 2.440e-05 1.746e-05 1.453e-01 1.577e-05 5.589e-05 3.910e-05
 9.044e-01 2.439e-05 8.207e-05 6.500e-01 1.487e-01 9.438e-07 4.693e-05
 2.069e-01 7.284e-05 2.374e-06 1.217e-04 1.049e-01 2.873e-05 1.765e-01
 2.267e-04 3.941e-01 7.296e-02 1.274e-01 2.383e-01 1.579e+00 2.087e-01
 2.330e-04 9.657e-01 9.146e-05 6.971e-05 1.363e-01 1.993e-04 1.569e-04
 1.154e-04 8.439e-01 5.185e-05 1.214e+00 3.478e-01 5.850e-01 3.918e-05
 3.529e-03 1.056e+00 8.483e-04 4.427e-07 4.032e-04 1.650e-01 2.330e-05
 1.940e-01 1.292e-01 1.685e-01 1.087e-02 4.230e-01 1.326e-01 4.026e-01
 1.897e-01 4.515e-03 1.079e-01 9.732e-07 1.305e-05 1.606e-01 1.290e-04
 3.803e-04 4.034e-06 7.616e-01 5.970e-06 3.195e-01 6.431e-02 7.679e-02
 1.680e-05 1.014e-04 1.689e-01 2.900e-04 1.746e-05 2.342e-03 1.887e-01
 1.413e-04 2.139e-01 2.445e-01 1.134e-04 6.932e-05 9.301e-05 1.010e-03
 1.158e-03 1.212e-01 6.701e-05 1.378e-04 2.136e-05 8.197e-05 8.684e-05
 6.582e-06 2.160e-05 2.315e-06 8.309e-01 1.561e-05 3.032e-05 1.725e-01
 5.089e-01 6.784e-06 1.319e-05 1.129e-01 1.782e-05 1.234e-05 1.377e-04
 8.392e-05 1.670e-05 1.583e-01 2.186e-04 4.868e-02 1.298e-03 3.803e-03
 1.886e-01 5.079e-03 2.161e-01 2.943e-04 9.038e-02 2.852e-05 3.991e-05
 1.447e-02 2.305e-04 1.776e-04 1.692e-05 1.449e-01 1.602e-06 1.149e-03
 6.746e-01 1.185e-01 4.993e-06 6.040e-04 1.438e+00 2.917e-04 8.738e-07
 4.104e-04 2.428e-03 2.540e-04 5.918e-02 2.366e-03 1.660e-03 3.307e-04
 5.219e-04 2.031e-01 1.430e-01 1.678e+00 4.024e-04 2.057e-03 3.933e-05
 3.026e-05 2.775e-04 3.760e-05 1.050e-05 7.956e-06 2.452e-01 3.541e-06
 2.780e-04 1.588e-01 1.605e-01 3.042e-06 5.081e-05 2.486e-01 2.408e-05
 1.858e-06 7.430e-05 8.384e-05 8.080e-06 7.016e-01 3.359e-04 1.295e-03
 1.735e-04 1.413e-04 2.068e-03 8.301e-04 2.674e-04 1.785e-04 1.101e-03
 1.551e-05 6.267e-05 2.004e-04 5.580e-05 1.855e-05 1.692e-05 9.879e-01
 1.254e-05 4.645e-05 1.132e-02 3.063e-03 2.069e-06 3.003e-05 9.510e-04
 1.339e-04 4.300e-06 1.309e-04 9.368e-05 5.271e-06 8.268e-02 3.710e-05
 4.216e-01 6.791e-01 1.064e-01 1.524e-01 2.133e+00 1.372e-01 1.708e-01
 1.318e+00 2.291e-05 3.134e-05 1.206e-01 1.708e-04 2.698e-04 2.050e-05
 5.516e-01 2.144e-05 2.993e-01 1.582e-01 6.707e-01 8.102e-06 2.925e-03
 3.017e-01 7.618e-04 6.011e-06 5.618e-03 9.895e-02 9.063e-04 3.225e-01
 2.616e-01 1.207e+00 2.699e-04 1.285e-03 2.595e-01 7.948e-03 9.943e-02
 1.187e-01 1.168e-04 4.771e-05 4.466e-05 3.159e-01 6.560e-05 2.430e-05
 1.006e-05 5.946e-02 1.395e-05 2.151e-04 2.616e-01 8.016e-01 6.190e-06
 4.236e-05 1.366e-01 1.836e-04 5.957e-07 2.089e-04 8.135e-02 1.607e-05
 1.095e-01 2.091e-04 3.098e-01 7.676e-01 2.436e-01 2.387e-01 2.348e-01
 3.487e-01 2.452e-01 3.081e-01 1.004e+00 8.486e-05 2.161e-01 2.249e+00
 1.197e-01 7.773e-03 3.075e-01 5.651e-04 3.780e-01 2.143e-01 8.762e-02
 1.729e-03 4.804e-01 4.756e-01 8.490e-02 1.834e-04 1.631e-01 2.015e-01
 1.185e-03 2.829e-01 1.863e+00 1.644e+00 1.739e+00 2.362e-01 1.675e-01
 1.432e-01 3.576e-01 2.152e-01 1.945e+00 2.831e-01 1.265e+00 6.749e-02
 1.830e-01 2.802e-01 4.407e-03 1.099e+00 2.851e-04 2.689e-01 2.192e-01
 1.228e-01 1.571e-02 8.894e-02 2.796e-01 2.038e-02 2.922e-04 2.026e-01
 1.193e-01 1.578e-02 9.636e-01 4.092e-01 5.440e-03 5.632e-04 7.487e-04
 1.619e-01 4.299e-02 1.044e-01 9.298e-01 8.717e-04 2.917e-03 2.615e-05
 1.433e-04 4.056e-05 1.123e-05 3.486e-06 3.457e-01 2.162e-05 9.376e-04
 2.077e-01 1.061e-01 2.374e-06 3.874e-05 1.286e-01 7.876e-05 4.588e-06
 5.328e-04 8.331e-01 5.944e-05 1.314e-01 1.954e-04 1.574e-01 1.689e+00
 1.388e-01 2.273e-01 2.271e+00 3.090e-01 2.935e-01 1.354e+00 8.331e-01
 1.627e-04 3.508e-05 1.777e+00 3.889e-04 7.696e-05 2.394e-01 2.568e-05
 1.838e-01 6.439e-01 1.129e-01 9.475e-05 2.514e+00 5.031e-01 3.275e-03
 8.375e-06 1.798e-02 1.037e+00 3.093e-04 3.806e-01 3.177e-01 2.246e-01
 1.754e-01 2.832e+00 1.117e+00 1.309e-01 1.745e+00 3.076e-01 1.499e-01
 4.351e-01 2.739e-03 7.392e-04 5.012e-01 2.183e-01 8.601e-05 4.812e-01
 8.746e-06 1.720e+00 3.933e-01 1.868e-01 7.695e-05 1.139e-01 2.970e-01
 2.591e+00 2.597e-04 5.172e-01 3.901e-01 8.276e-03 1.783e-01 2.313e+00
 2.332e-01 8.715e-01 2.955e-02 2.284e-01 2.237e-01 3.117e-01 4.120e-01
 2.754e-01 2.469e-01 2.572e-02 1.828e-02 6.518e-01 2.460e+00 8.226e-02
 2.327e-01 2.673e-04 1.763e-01 2.030e-01 1.668e-01 3.630e-01 6.200e-01
 9.660e-01 3.549e+00 6.077e-03 9.733e-02 4.482e-01 3.406e-03 4.160e-01
 2.560e-01 7.671e-05 4.005e-04 3.415e-04 2.350e-04 6.707e-04 1.647e-04
 1.314e-03 2.664e-04 5.079e-04 2.497e-05 4.772e-05 1.205e-04 3.398e-05
 1.026e-04 5.375e-06 9.301e-06 1.293e-04 5.600e-03 1.808e-03 3.258e-06
 1.534e-05 1.965e-04 3.302e-05 2.952e-06 1.477e-04 1.654e-04 1.327e-05
 1.248e-01 1.336e-04 2.050e-01 2.347e-01 1.645e-01 7.694e-02 3.236e-01
 1.183e+00 4.734e-01 3.081e-01 5.558e-01 1.277e-01 7.809e-02 1.327e-01
 1.094e+00 9.220e-02 2.977e+00 4.798e-01 3.122e-02 1.937e-01 6.224e-02
 7.075e-01 1.327e+00 2.082e-01 3.409e-01 4.611e-04 4.882e-02 1.383e-01
 5.217e-03 2.557e-01 9.884e-02 1.692e-01 3.990e-04 7.982e-04 3.210e-01
 1.744e-01 2.569e-01 2.002e-01 1.401e-04 1.050e+00 5.577e-06 1.587e-05
 2.191e-01 9.638e-05 1.160e-04 5.000e-06 2.062e-01 3.884e-07 6.726e-01
 2.782e-01 2.024e-05 1.239e-04 3.752e-01 9.728e-05 7.135e-06 1.293e-04
 6.268e-01 9.658e-06 1.430e-01 3.051e-04 1.209e-03 4.893e-04 8.946e-04
 2.286e-03 5.162e-04 1.120e-03 1.551e-01 3.498e-04 6.045e-04 2.682e-05
 1.296e-05 5.623e-04 4.851e-05 5.535e-05 8.160e-05 1.502e-01 6.498e-05
 3.449e-04 6.225e-04 5.539e-06 7.556e-05 1.101e-02 3.422e-04 1.289e-06
 4.786e-04 1.394e-03 1.999e-05 6.898e-03 1.543e-04 5.277e-04 5.298e-04
 8.184e-04 4.538e-03 2.141e-03 1.811e-03 2.248e-01 7.358e-04 2.722e-04
 9.420e-06 2.165e-05 1.272e-03 6.158e-05 6.557e-05 7.339e-05 2.583e-01
 4.029e-05 6.525e-05 6.926e-01 2.614e-05 1.009e-04 1.547e-01 1.295e-03
 2.290e-05 1.603e-04 3.564e-04 3.119e-05 3.573e-01 1.936e-04 1.925e-01
 5.422e-01 2.213e-01 3.658e-01 1.820e+00 1.088e+00 2.286e-01 1.091e+00
 1.816e-01 8.312e-02 2.857e-02 2.080e-01 2.142e-01 3.738e+00 7.281e-04
 1.843e-01 6.205e-04 2.131e-01 2.218e-01 6.283e-02 1.688e+00 6.776e-01
 7.589e-02 5.645e-04 2.426e+00 2.183e-01 2.675e-04 2.211e-01 2.150e-01
 8.194e-02 1.578e-01 2.560e+00 9.941e-01 1.511e+00 2.208e-01 6.368e-01
 3.019e-01 4.766e-01 1.457e-04 6.425e-06 3.400e-01 2.607e-05 1.145e-04
 8.819e-06 2.300e-01 6.419e-06 2.276e+00 2.925e-01 2.296e-01 6.360e-05
 4.378e-01 2.977e-04 1.331e-06 2.672e-03 2.960e-01 1.146e-03 4.910e-01
 2.105e+00 1.557e-03 1.097e-03 7.017e-04 3.927e-03 2.945e-04 1.471e-03
 8.159e-01 1.898e-05 2.487e-03 7.620e-06 4.012e-05 2.634e-04 4.724e-05
 1.019e-05 4.025e-06 2.201e-01 3.256e-06 1.092e-04 4.225e-01 4.806e-03
 3.079e-06 4.636e-05 5.667e-05 8.291e-06 1.843e-04 8.913e-04 5.999e-05
 4.076e-02 1.346e-03 2.085e+00 2.672e-01 9.351e-02 2.500e-01 2.140e-01
 1.966e-01 9.410e-01 1.526e-01 4.871e-01 2.398e-03 1.198e-03 2.145e+00
 2.582e-01 9.614e-05 1.213e-04 7.900e-01 6.539e-05 9.448e-02 7.421e-01
 8.172e-01 5.889e-06 2.489e-01 5.257e-01 1.215e-04 1.331e-02 1.466e+00
 7.265e-04 1.301e-01 1.034e-01 2.345e-01 3.953e-01 8.192e-01 1.401e-01
 1.428e-01 5.394e-01 5.364e-01 2.809e-01 1.040e-01 1.144e+00 4.327e+00
 1.381e-01 2.037e-01 2.145e+00 3.816e-02 1.441e-01 1.182e-02 3.907e-01
 1.522e-01 5.215e-02 2.910e-02 1.117e-01 8.840e-01 1.048e-01 2.792e+00
 1.025e-01 3.537e-04 2.485e-01 8.054e-01 2.271e-01 1.697e+00 1.188e-01
 9.835e-02 1.561e-01 2.085e-01 1.891e-01 1.057e-01 2.072e-01 3.251e-03
 4.883e-03 1.037e-01 3.398e-02 4.782e-04 1.583e-04 9.984e-02 8.833e-05
 1.132e-01 3.681e-01 1.830e-01 3.996e-05 1.328e-01 1.316e+00 3.777e-02
 3.911e-04 6.910e-02 8.012e-05 7.979e-02 1.138e-01 2.645e-03 3.382e-04
 8.037e-04 1.535e+00 1.301e-01 1.708e+00 3.897e-01 3.972e-04 1.366e-03
 3.144e-05 3.021e-05 4.729e-04 4.356e-05 5.948e-06 5.882e-06 7.955e-01
 8.497e-06 1.460e-04 7.713e-01 1.396e-01 4.274e-06 4.786e-05 1.322e+00
 7.976e-05 1.566e-06 3.742e-04 1.044e-03 6.659e-01 6.950e-04 2.059e+00
 3.548e-01 1.769e-01 2.960e-01 1.048e-01 2.023e-01 1.219e-01 9.006e-02
 2.512e-01 1.219e-02 5.457e-03 9.715e-01 1.119e-02 1.481e-02 1.791e-02
 1.950e-01 1.440e-02 1.175e-01 1.540e-01 7.068e-02 3.148e-04 5.354e-02
 8.941e-01 3.018e-02 3.169e-03 2.983e+00 1.345e-01 1.248e-01 1.545e-01
 3.734e-03 7.328e-04 2.813e-04 1.229e-02 2.095e-02 1.198e-03 1.519e-02
 4.237e-03 1.689e-03 5.063e-05 1.555e-04 1.197e-03 1.001e-04 5.675e-05
 7.797e-05 6.231e-02 3.128e-05 1.172e-04 1.438e-01 1.916e-02 2.071e-05
 2.000e-04 2.317e-02 5.430e-04 1.235e-04 2.643e-04 1.258e-03 3.420e-05
 5.645e-05 2.652e-01 5.375e-03 2.384e-03 4.091e-01 1.580e-01 1.802e-01
 2.864e-01 2.073e-03 5.427e-01 3.567e-05 2.032e-05 1.955e+00 1.054e-05
 1.120e-04 2.825e-06 2.319e-01 5.509e-06 3.277e-01 6.233e-01 2.037e-01
 2.098e-05 3.915e-05 1.778e-01 2.951e-04 2.425e-05 2.708e-03 6.398e-01
 7.231e-04 1.048e-01]
[[0. 0. 0. 1. 0. 0. 0. 0. 0. 0. 0. 0. 0. 0. 0. 1. 0. 0. 1. 0. 0. 0. 0. 0.
  0. 0. 0. 0. 0. 0.]
 [0. 0. 0. 0. 0. 1. 0. 0. 1. 0. 0. 0. 0. 0. 0. 1. 0. 1. 0. 1. 0. 0. 1. 0.
  0. 0. 0. 0. 0. 0.]
 [0. 0. 0. 0. 0. 0. 0. 0. 0. 0. 0. 0. 0. 0. 0. 1. 0. 0. 0. 0. 0. 0. 0. 0.
  0. 0. 0. 0. 0. 0.]
 [0. 0. 0. 0. 0. 0. 0. 0. 0. 0. 0. 0. 0. 0. 0. 1. 0. 0. 0. 1. 0. 0. 0. 0.
  0. 0. 0. 0. 0. 0.]
 [0. 0. 0. 0. 0. 0. 0. 0. 0. 0. 0. 0. 0. 0. 0. 0. 0. 0. 1. 0. 0. 0. 1. 0.
  0. 0. 0. 0. 0. 0.]
 [0. 0. 0. 0. 0. 0. 1. 0. 0. 0. 0. 0. 0. 0. 0. 0. 0. 0. 0. 0. 0. 0. 0. 0.
  0. 0. 0. 0. 1. 0.]
 [0. 0. 0. 0. 0. 0. 0. 0. 0. 0. 0. 0. 0. 0. 0. 1. 0. 0. 0. 0. 0. 0. 0. 0.
  0. 0. 0. 0. 0. 0.]
 [0. 0. 0. 0. 1. 0. 0. 0. 1. 0. 0. 0. 0. 0. 0. 1. 0. 0. 0. 1. 0. 0. 0. 0.
  0. 0. 0. 0. 1. 0.]
 [1. 0. 0. 0. 0. 0. 0. 0. 0. 0. 0. 0. 0. 0. 0. 0. 0. 0. 0. 1. 0. 0. 0. 0.
  0. 0. 0. 0. 0. 0.]
 [0. 0. 0. 0. 0. 0. 0. 0. 1. 0. 0. 0. 1. 0. 0. 0. 0. 0. 0. 0. 0. 0. 0. 0.
  0. 0. 0. 0. 0. 1.]
 [1. 1. 0. 0. 0. 0. 0. 1. 0. 1. 0. 0. 0. 0. 0. 1. 0. 0. 0. 0. 0. 0. 0. 0.
  0. 0. 0. 0. 1. 0.]
 [0. 0. 0. 0. 0. 0. 1. 0. 1. 0. 0. 0. 0. 0. 0. 0. 0. 0. 0. 0. 0. 0. 0. 0.
  0. 0. 1. 0. 0. 0.]
 [0. 1. 0. 0. 1. 0. 0. 1. 1. 0. 0. 1. 0. 0. 0. 0. 0. 0. 1. 0. 0. 1. 0. 0.
  0. 0. 1. 0. 0. 0.]
 [0. 0. 1. 1. 0. 1. 0. 0. 0. 0. 0. 0. 0. 0. 0. 0. 0. 1. 0. 0. 0. 0. 0. 1.
  0. 0. 0. 0. 0. 1.]
 [0. 1. 0. 0. 0. 0. 0. 0. 0. 0. 0. 0. 1. 0. 0. 0. 0. 0. 0. 0. 0. 0. 1. 1.
  0. 0. 0. 0. 1. 0.]
 [0. 0. 0. 0. 0. 0. 0. 0. 0. 0. 0. 0. 0. 0. 0. 0. 0. 0. 0. 0. 0. 0. 0. 0.
  0. 0. 0. 0. 1. 0.]
 [0. 0. 0. 0. 0. 1. 1. 0. 1. 0. 0. 0. 1. 0. 1. 1. 0. 0. 1. 0. 1. 1. 0. 0.
  0. 0. 0. 0. 0. 0.]
 [0. 0. 0. 0. 0. 0. 0. 0. 1. 0. 0. 0. 0. 0. 0. 0. 0. 0. 1. 0. 0. 0. 0. 0.
  0. 0. 1. 0. 0. 0.]
 [0. 0. 0. 0. 0. 0. 0. 0. 0. 0. 0. 0. 0. 0. 0. 0. 0. 0. 0. 0. 0. 0. 0. 0.
  0. 0. 0. 0. 0. 0.]
 [0. 0. 0. 0. 0. 0. 0. 0. 0. 0. 0. 0. 0. 0. 0. 0. 0. 0. 1. 0. 0. 0. 0. 0.
  0. 0. 0. 0. 1. 0.]
 [0. 0. 0. 0. 1. 1. 0. 1. 0. 0. 0. 0. 0. 1. 0. 0. 0. 0. 0. 0. 0. 1. 1. 0.
  0. 1. 1. 0. 0. 0.]
 [0. 0. 1. 1. 1. 0. 1. 0. 0. 0. 0. 0. 0. 0. 0. 0. 0. 1. 0. 0. 0. 0. 0. 0.
  0. 0. 0. 0. 1. 1.]
 [0. 0. 0. 0. 0. 0. 1. 0. 0. 0. 0. 0. 0. 0. 0. 0. 0. 0. 1. 0. 0. 0. 0. 0.
  0. 0. 0. 0. 0. 0.]
 [1. 0. 0. 0. 0. 0. 1. 0. 0. 0. 0. 1. 0. 0. 0. 1. 0. 0. 1. 1. 0. 0. 0. 0.
  0. 0. 1. 0. 0. 0.]
 [0. 0. 1. 0. 0. 1. 1. 0. 1. 1. 1. 0. 0. 1. 0. 0. 0. 1. 0. 0. 0. 0. 1. 0.
  0. 1. 0. 0. 0. 1.]
 [0. 1. 0. 0. 0. 0. 0. 0. 0. 0. 0. 0. 0. 0. 0. 0. 0. 0. 0. 0. 0. 0. 1. 0.
  0. 0. 0. 0. 0. 0.]
 [0. 0. 0. 1. 0. 1. 0. 0. 0. 0. 0. 0. 0. 0. 0. 1. 0. 0. 1. 0. 0. 0. 1. 0.
  0. 0. 0. 0. 1. 0.]
 [1. 0. 0. 0. 0. 0. 0. 0. 0. 0. 0. 1. 0. 0. 0. 0. 0. 0. 0. 0. 0. 0. 1. 0.
  0. 1. 0. 0. 0. 0.]
 [0. 0. 0. 0. 0. 0. 0. 0. 0. 0. 0. 0. 0. 0. 0. 0. 0. 0. 0. 0. 0. 0. 0. 0.
  0. 0. 0. 0. 0. 0.]
 [0. 0. 0. 0. 0. 0. 0. 0. 0. 0. 0. 1. 0. 0. 0. 0. 0. 0. 1. 0. 0. 0. 0. 0.
  0. 0. 1. 0. 0. 0.]]
[0. 0. 1. 0. 0. 0. 0. 0. 0. 0. 0. 0. 0. 0. 1. 0. 0. 1. 0. 0. 0. 0. 0. 0.
 0. 0. 0. 0. 0. 0. 0. 0. 0. 1. 0. 0. 1. 0. 0. 0. 0. 0. 0. 1. 0. 1. 0. 1.
 0. 0. 1. 0. 0. 0. 0. 0. 0. 0. 0. 0. 0. 0. 0. 0. 0. 0. 0. 0. 0. 0. 0. 0.
 1. 0. 0. 0. 0. 0. 0. 0. 0. 0. 0. 0. 0. 0. 0. 0. 0. 0. 0. 0. 0. 0. 0. 0.
 0. 0. 0. 0. 0. 1. 0. 0. 0. 1. 0. 0. 0. 0. 0. 0. 0. 0. 0. 0. 0. 0. 0. 0.
 0. 0. 0. 0. 0. 0. 0. 0. 0. 0. 0. 0. 0. 1. 0. 0. 0. 1. 0. 0. 0. 0. 0. 0.
 0. 0. 0. 0. 0. 0. 1. 0. 0. 0. 0. 0. 0. 0. 0. 0. 0. 0. 0. 0. 0. 0. 0. 0.
 0. 0. 0. 0. 1. 0. 0. 0. 0. 0. 0. 0. 0. 0. 0. 0. 0. 0. 0. 0. 1. 0. 0. 0.
 0. 0. 0. 0. 0. 0. 0. 0. 0. 0. 0. 0. 0. 0. 0. 1. 0. 0. 1. 0. 0. 0. 0. 0.
 0. 1. 0. 0. 0. 1. 0. 0. 0. 0. 0. 0. 0. 0. 1. 0. 1. 0. 0. 0. 0. 0. 0. 0.
 0. 0. 0. 0. 0. 0. 0. 0. 0. 0. 1. 0. 0. 0. 0. 0. 0. 0. 0. 0. 0. 0. 0. 0.
 0. 0. 0. 0. 0. 1. 0. 0. 1. 0. 0. 0. 0. 0. 0. 0. 0. 0. 0. 0. 0. 0. 0. 0.
 0. 1. 1. 1. 0. 0. 0. 0. 0. 1. 0. 1. 0. 0. 0. 0. 1. 0. 0. 0. 0. 0. 0. 0.
 0. 0. 0. 0. 0. 1. 0. 0. 0. 0. 0. 0. 0. 1. 0. 1. 0. 0. 0. 0. 0. 0. 0. 0.
 0. 0. 0. 0. 0. 0. 0. 0. 1. 0. 0. 0. 0. 1. 0. 0. 1. 0. 0. 1. 1. 0. 0. 1.
 0. 0. 0. 0. 0. 1. 0. 0. 1. 0. 0. 0. 0. 1. 0. 0. 0. 0. 0. 1. 1. 0. 1. 0.
 0. 0. 0. 0. 0. 0. 0. 0. 0. 1. 0. 0. 0. 0. 0. 1. 0. 0. 0. 0. 0. 1. 0. 1.
 0. 0. 0. 0. 0. 0. 0. 0. 0. 0. 1. 0. 0. 0. 0. 0. 0. 0. 0. 1. 1. 0. 0. 0.
 0. 1. 0. 0. 0. 0. 0. 0. 0. 0. 0. 0. 0. 0. 0. 0. 0. 0. 0. 0. 0. 0. 0. 0.
 0. 0. 0. 0. 0. 0. 1. 0. 0. 0. 0. 0. 0. 1. 1. 0. 1. 0. 0. 0. 1. 0. 1. 1.
 0. 1. 0. 1. 1. 0. 0. 0. 0. 0. 0. 0. 0. 0. 0. 0. 0. 0. 0. 0. 0. 1. 0. 0.
 0. 0. 0. 0. 0. 0. 1. 0. 0. 0. 0. 0. 0. 0. 1. 0. 0. 0. 0. 0. 0. 0. 0. 0.
 0. 0. 0. 0. 0. 0. 0. 0. 0. 0. 0. 0. 0. 0. 0. 0. 0. 0. 0. 0. 0. 0. 0. 0.
 0. 0. 0. 0. 0. 0. 0. 0. 0. 0. 0. 0. 0. 0. 0. 0. 0. 1. 0. 0. 0. 0. 0. 0.
 0. 0. 1. 0. 0. 0. 0. 0. 1. 1. 0. 1. 0. 0. 0. 0. 0. 1. 0. 0. 0. 0. 0. 0.
 1. 1. 0. 0. 1. 1. 0. 0. 0. 0. 0. 1. 1. 1. 0. 1. 0. 0. 0. 0. 0. 0. 0. 0.
 0. 0. 1. 0. 0. 0. 0. 0. 0. 0. 0. 0. 1. 1. 0. 0. 0. 0. 0. 0. 1. 0. 0. 0.
 0. 0. 0. 0. 0. 0. 0. 0. 1. 0. 0. 0. 0. 0. 0. 0. 0. 0. 0. 1. 0. 0. 0. 0.
 0. 1. 0. 0. 0. 0. 1. 0. 0. 0. 1. 0. 0. 1. 1. 0. 0. 0. 0. 0. 1. 0. 0. 0.
 0. 0. 1. 0. 0. 1. 1. 0. 1. 1. 1. 0. 0. 1. 0. 0. 0. 1. 0. 0. 0. 0. 1. 0.
 1. 0. 0. 0. 1. 0. 1. 0. 0. 0. 0. 0. 0. 0. 0. 0. 0. 0. 0. 0. 0. 0. 0. 0.
 0. 0. 0. 1. 0. 0. 0. 0. 0. 0. 0. 0. 0. 1. 0. 1. 0. 0. 0. 0. 0. 0. 0. 0.
 0. 1. 0. 0. 1. 0. 0. 0. 1. 0. 0. 0. 0. 1. 0. 1. 0. 0. 0. 0. 0. 0. 0. 0.
 0. 0. 1. 0. 0. 0. 0. 0. 0. 0. 0. 0. 0. 1. 0. 0. 1. 0. 0. 0. 0. 0. 0. 0.
 0. 0. 0. 0. 0. 0. 0. 0. 0. 0. 0. 0. 0. 0. 0. 0. 0. 0. 0. 0. 0. 0. 0. 0.
 0. 0. 0. 0. 0. 0. 0. 0. 0. 0. 0. 0. 1. 0. 0. 0. 0. 0. 0. 1. 0. 0. 0. 0.
 0. 0. 0. 1. 0. 0.]
aucroc, aucpr (0.9849888888888889, 0.9575280568995932)
cuda
noise_multiplier  0.6  noise_multiplier_b  5.0  noise_multiplier_delta  0.6010829247756457
cuda
Objective function 1220.30 = squared loss an data 964.29 + 0.5*rho*h**2 254.631624 + alpha*h 0.000000 + L2reg 0.55 + L1reg 0.82 ; SHD = 397 ; DAG False
total norm for a microbatch 102.68370479112912 clip 12.00582138917335
total norm for a microbatch 100.35800855217417 clip 35.06061853556806
total norm for a microbatch 97.62085473625116 clip 38.01845405262689
total norm for a microbatch 116.53879754434053 clip 50.467788351620946
total norm for a microbatch 100.84578481280792 clip 61.20062667227048
total norm for a microbatch 97.63720296809575 clip 92.51688468235295
total norm for a microbatch 103.74743176732326 clip 97.9397675162862
cuda
Objective function 285.63 = squared loss an data 277.84 + 0.5*rho*h**2 6.400521 + alpha*h 0.000000 + L2reg 0.83 + L1reg 0.55 ; SHD = 180 ; DAG False
Proportion of microbatches that were clipped  0.954271197205462
iteration 1 in inner loop, alpha 0.0 rho 1.0 h 3.577854289255626
iteration 1 in outer loop, alpha = 3.577854289255626, rho = 1.0, h = 3.577854289255626
cuda
noise_multiplier  0.6  noise_multiplier_b  5.0  noise_multiplier_delta  0.6010829247756457
cuda
Objective function 298.43 = squared loss an data 277.84 + 0.5*rho*h**2 6.400521 + alpha*h 12.801041 + L2reg 0.83 + L1reg 0.55 ; SHD = 180 ; DAG False
total norm for a microbatch 148.69911266369238 clip 3.4131879900929336
total norm for a microbatch 131.84792033731839 clip 3.4131879900929336
total norm for a microbatch 131.50458110528243 clip 4.820963555372713
total norm for a microbatch 123.12051960034363 clip 29.087445742306315
total norm for a microbatch 109.76818231161069 clip 67.64547599974891
cuda
Objective function 102.96 = squared loss an data 85.59 + 0.5*rho*h**2 4.492383 + alpha*h 10.724475 + L2reg 1.62 + L1reg 0.54 ; SHD = 167 ; DAG False
Proportion of microbatches that were clipped  0.9733895829952945
iteration 1 in inner loop, alpha 3.577854289255626 rho 1.0 h 2.997459920530659
noise_multiplier  0.6  noise_multiplier_b  5.0  noise_multiplier_delta  0.6010829247756457
cuda
Objective function 143.40 = squared loss an data 85.59 + 0.5*rho*h**2 44.923830 + alpha*h 10.724475 + L2reg 1.62 + L1reg 0.54 ; SHD = 167 ; DAG False
total norm for a microbatch 211.9049348707213 clip 36.79796548227031
total norm for a microbatch 283.1720524116598 clip 83.04117112107555
total norm for a microbatch 210.4968412383223 clip 190.93562661531902
cuda
Objective function 86.41 = squared loss an data 66.89 + 0.5*rho*h**2 11.573832 + alpha*h 5.443475 + L2reg 2.03 + L1reg 0.48 ; SHD = 145 ; DAG True
Proportion of microbatches that were clipped  0.9844163939535608
iteration 2 in inner loop, alpha 3.577854289255626 rho 10.0 h 1.5214356605502353
noise_multiplier  0.6  noise_multiplier_b  5.0  noise_multiplier_delta  0.6010829247756457
cuda
Objective function 190.58 = squared loss an data 66.89 + 0.5*rho*h**2 115.738323 + alpha*h 5.443475 + L2reg 2.03 + L1reg 0.48 ; SHD = 145 ; DAG True
total norm for a microbatch 373.3080426265485 clip 1.0
total norm for a microbatch 291.2064992172847 clip 1.0
total norm for a microbatch 229.8648181767637 clip 1.5648840600930325
total norm for a microbatch 381.781248023501 clip 2.926702094052304
total norm for a microbatch 310.75593012463713 clip 4.234580085031198
total norm for a microbatch 208.37427105009388 clip 8.811315503583273
total norm for a microbatch 353.9283507443738 clip 10.387705013295742
total norm for a microbatch 185.06593585881444 clip 11.254737657111313
total norm for a microbatch 234.8780751223074 clip 57.68371436458633
cuda
Objective function 93.54 = squared loss an data 71.37 + 0.5*rho*h**2 17.456975 + alpha*h 2.114084 + L2reg 2.19 + L1reg 0.41 ; SHD = 123 ; DAG True
Proportion of microbatches that were clipped  0.9934200219332602
iteration 3 in inner loop, alpha 3.577854289255626 rho 100.0 h 0.5908802749255635
iteration 2 in outer loop, alpha = 62.665881781811976, rho = 100.0, h = 0.5908802749255635
cuda
noise_multiplier  0.6  noise_multiplier_b  5.0  noise_multiplier_delta  0.6010829247756457
cuda
Objective function 128.45 = squared loss an data 71.37 + 0.5*rho*h**2 17.456975 + alpha*h 37.028033 + L2reg 2.19 + L1reg 0.41 ; SHD = 123 ; DAG True
total norm for a microbatch 385.02416471231294 clip 1.6939865349067824
total norm for a microbatch 297.52938963590486 clip 3.7441693006401096
total norm for a microbatch 346.7310611136241 clip 9.11322667207144
total norm for a microbatch 248.99625010164996 clip 9.11322667207144
total norm for a microbatch 291.2771223454512 clip 9.979120953609183
total norm for a microbatch 266.2580068596673 clip 12.059476234698849
total norm for a microbatch 322.56406204109595 clip 17.2151696874288
total norm for a microbatch 310.4868678886285 clip 39.08457219985914
total norm for a microbatch 357.54968457629263 clip 128.0774118110437
cuda
Objective function 106.90 = squared loss an data 71.31 + 0.5*rho*h**2 7.915561 + alpha*h 24.933716 + L2reg 2.34 + L1reg 0.39 ; SHD = 145 ; DAG True
Proportion of microbatches that were clipped  0.997559785261103
iteration 1 in inner loop, alpha 62.665881781811976 rho 100.0 h 0.3978834265136264
noise_multiplier  0.6  noise_multiplier_b  5.0  noise_multiplier_delta  0.6010829247756457
cuda
Objective function 178.14 = squared loss an data 71.31 + 0.5*rho*h**2 79.155611 + alpha*h 24.933716 + L2reg 2.34 + L1reg 0.39 ; SHD = 145 ; DAG True
total norm for a microbatch 342.85832345049363 clip 3.6382018604394717
total norm for a microbatch 371.83443904417874 clip 6.075932641169995
total norm for a microbatch 692.8840509269963 clip 13.339768351385509
total norm for a microbatch 453.44093034574786 clip 16.16904256427811
total norm for a microbatch 516.7422861519274 clip 261.46719197259233
cuda
Objective function 103.61 = squared loss an data 73.34 + 0.5*rho*h**2 16.187005 + alpha*h 11.275334 + L2reg 2.46 + L1reg 0.35 ; SHD = 141 ; DAG True
Proportion of microbatches that were clipped  0.9985516575474734
iteration 2 in inner loop, alpha 62.665881781811976 rho 1000.0 h 0.1799277914298827
noise_multiplier  0.6  noise_multiplier_b  5.0  noise_multiplier_delta  0.6010829247756457
cuda
Objective function 249.30 = squared loss an data 73.34 + 0.5*rho*h**2 161.870051 + alpha*h 11.275334 + L2reg 2.46 + L1reg 0.35 ; SHD = 141 ; DAG True
total norm for a microbatch 318.2313936975174 clip 6.8288313689966476
total norm for a microbatch 452.7318235152974 clip 34.69307974756193
total norm for a microbatch 351.2713743650922 clip 77.9516918096071
total norm for a microbatch 597.9239967486398 clip 172.53920073293935
total norm for a microbatch 632.5755613426177 clip 273.9735892051652
cuda
Objective function 106.17 = squared loss an data 75.70 + 0.5*rho*h**2 23.255135 + alpha*h 4.273715 + L2reg 2.62 + L1reg 0.32 ; SHD = 140 ; DAG True
Proportion of microbatches that were clipped  1.0
iteration 3 in inner loop, alpha 62.665881781811976 rho 10000.0 h 0.06819843857307717
iteration 3 in outer loop, alpha = 744.6502675125837, rho = 10000.0, h = 0.06819843857307717
cuda
noise_multiplier  0.6  noise_multiplier_b  5.0  noise_multiplier_delta  0.6010829247756457
cuda
Objective function 152.68 = squared loss an data 75.70 + 0.5*rho*h**2 23.255135 + alpha*h 50.783986 + L2reg 2.62 + L1reg 0.32 ; SHD = 140 ; DAG True
total norm for a microbatch 480.4979859232552 clip 7.253741245615108
total norm for a microbatch 431.22677189130854 clip 8.630585512024298
total norm for a microbatch 285.9230962487169 clip 10.284651800574519
cuda
Objective function 121.96 = squared loss an data 75.39 + 0.5*rho*h**2 10.062010 + alpha*h 33.404865 + L2reg 2.77 + L1reg 0.33 ; SHD = 150 ; DAG True
Proportion of microbatches that were clipped  1.0
iteration 1 in inner loop, alpha 744.6502675125837 rho 10000.0 h 0.04485980349424068
noise_multiplier  0.6  noise_multiplier_b  5.0  noise_multiplier_delta  0.6010829247756457
cuda
Objective function 212.52 = squared loss an data 75.39 + 0.5*rho*h**2 100.620098 + alpha*h 33.404865 + L2reg 2.77 + L1reg 0.33 ; SHD = 150 ; DAG True
total norm for a microbatch 2312.2162830752127 clip 1.1008330059175793
total norm for a microbatch 474.2417259288335 clip 4.888243459385719
total norm for a microbatch 414.63968792336055 clip 22.005536755326045
cuda
Objective function 113.25 = squared loss an data 74.37 + 0.5*rho*h**2 20.572124 + alpha*h 15.104519 + L2reg 2.88 + L1reg 0.33 ; SHD = 159 ; DAG True
Proportion of microbatches that were clipped  1.0
iteration 2 in inner loop, alpha 744.6502675125837 rho 100000.0 h 0.020284044824624203
iteration 4 in outer loop, alpha = 21028.69509213679, rho = 1000000.0, h = 0.020284044824624203
Threshold 0.3
[[0.006 0.238 0.132 0.019 0.255 0.029 0.076 0.029 0.15  0.043 0.099 0.361
  0.021 0.185 0.01  0.047 0.015 0.027 0.022 0.024 0.032 0.072 0.027 0.041
  0.016 0.043 0.13  0.059 0.264 0.082]
 [0.029 0.006 0.103 0.028 0.153 0.012 0.064 0.019 0.099 0.022 0.148 0.109
  0.008 0.047 0.011 0.02  0.017 0.012 0.023 0.017 0.012 0.024 0.022 0.02
  0.011 0.033 0.131 0.021 0.095 0.028]
 [0.051 0.077 0.005 0.046 0.098 0.034 0.097 0.016 0.07  0.045 0.032 0.151
  0.024 0.232 0.01  0.022 0.016 0.012 0.025 0.009 0.005 0.016 0.044 0.011
  0.011 0.032 0.109 0.018 0.066 0.049]
 [0.372 0.259 0.19  0.007 0.3   0.069 0.125 0.04  0.21  0.079 0.233 0.169
  0.045 0.146 0.021 0.117 0.038 0.078 0.089 0.013 0.054 0.04  0.101 0.047
  0.011 0.167 0.263 0.036 0.196 0.116]
 [0.021 0.041 0.061 0.017 0.006 0.013 0.058 0.005 0.063 0.011 0.083 0.132
  0.007 0.026 0.013 0.035 0.01  0.021 0.02  0.01  0.008 0.005 0.02  0.025
  0.008 0.024 0.096 0.009 0.049 0.034]
 [0.183 0.411 0.163 0.103 0.34  0.007 0.336 0.053 0.117 0.152 0.13  0.373
  0.02  0.261 0.026 0.099 0.075 0.073 0.08  0.037 0.064 0.072 0.036 0.106
  0.022 0.119 0.175 0.054 0.612 0.096]
 [0.09  0.077 0.081 0.05  0.118 0.017 0.003 0.026 0.166 0.057 0.091 0.174
  0.03  0.228 0.016 0.056 0.026 0.019 0.029 0.024 0.015 0.042 0.027 0.021
  0.023 0.02  0.084 0.03  0.104 0.113]
 [0.214 0.33  0.237 0.109 1.248 0.149 0.176 0.004 0.559 0.194 0.283 0.488
  0.034 0.495 0.039 0.281 0.044 0.138 0.085 0.105 0.032 0.096 0.111 0.088
  0.034 0.122 0.253 0.075 0.346 0.328]
 [0.048 0.046 0.099 0.035 0.085 0.05  0.035 0.009 0.008 0.052 0.083 0.305
  0.014 0.07  0.012 0.06  0.033 0.023 0.013 0.019 0.03  0.091 0.042 0.039
  0.013 0.049 0.059 0.023 0.196 0.089]
 [0.169 0.213 0.173 0.111 0.323 0.037 0.12  0.039 0.175 0.006 0.156 0.441
  0.022 0.19  0.039 0.258 0.062 0.068 0.063 0.028 0.04  0.117 0.056 0.127
  0.02  0.117 0.127 0.053 0.134 0.144]
 [0.091 0.041 0.169 0.02  0.071 0.045 0.05  0.017 0.062 0.051 0.006 0.187
  0.013 0.138 0.015 0.07  0.011 0.019 0.032 0.013 0.018 0.055 0.046 0.033
  0.004 0.008 0.107 0.009 0.405 0.025]
 [0.016 0.053 0.046 0.019 0.06  0.013 0.03  0.015 0.029 0.012 0.027 0.008
  0.006 0.02  0.007 0.023 0.017 0.006 0.016 0.01  0.006 0.026 0.02  0.012
  0.007 0.018 0.051 0.019 0.034 0.011]
 [0.302 0.799 0.261 0.142 1.347 0.375 0.227 0.219 0.378 0.331 0.445 0.905
  0.007 0.284 0.061 0.666 0.123 0.072 0.461 0.06  0.056 0.245 0.179 0.12
  0.034 0.21  0.58  0.171 0.361 0.174]
 [0.032 0.15  0.022 0.038 0.217 0.032 0.035 0.011 0.1   0.029 0.045 0.351
  0.015 0.006 0.005 0.023 0.013 0.012 0.024 0.024 0.016 0.015 0.04  0.027
  0.015 0.024 0.152 0.029 0.112 0.044]
 [0.433 0.609 0.649 0.289 0.378 0.208 0.275 0.175 0.385 0.139 0.274 0.602
  0.104 0.681 0.006 0.452 0.044 0.219 0.701 0.041 0.155 0.27  0.282 1.177
  0.083 0.321 0.327 0.185 0.297 0.446]
 [0.15  0.358 0.23  0.053 0.18  0.061 0.1   0.017 0.104 0.027 0.132 0.322
  0.009 0.226 0.013 0.007 0.024 0.017 0.02  0.016 0.02  0.046 0.045 0.022
  0.01  0.053 0.109 0.039 0.115 0.074]
 [0.336 0.341 0.337 0.178 0.406 0.06  0.28  0.113 0.193 0.16  0.487 0.409
  0.043 0.376 0.132 0.22  0.008 0.084 0.145 0.078 0.059 0.154 0.107 0.307
  0.087 0.191 0.313 0.083 0.455 0.272]
 [0.228 0.363 0.694 0.083 0.294 0.118 0.205 0.044 0.361 0.111 0.269 0.477
  0.077 0.475 0.034 0.391 0.07  0.006 0.176 0.07  0.046 0.104 0.189 0.069
  0.049 0.111 0.201 0.106 0.245 0.457]
 [0.306 0.237 0.154 0.095 0.255 0.093 0.195 0.07  0.265 0.096 0.163 0.453
  0.008 0.276 0.009 0.289 0.034 0.05  0.006 0.03  0.041 0.049 0.234 0.015
  0.024 0.123 0.402 0.084 0.225 0.238]
 [0.259 0.305 0.307 0.446 0.56  0.222 0.272 0.063 0.287 0.243 0.358 0.745
  0.149 0.205 0.189 0.466 0.064 0.082 0.155 0.008 0.125 0.235 0.123 0.5
  0.03  0.395 0.529 0.112 0.832 0.279]
 [0.189 0.369 0.673 0.115 0.423 0.098 0.336 0.239 0.263 0.155 0.376 0.483
  0.088 0.305 0.039 0.358 0.099 0.169 0.149 0.041 0.008 0.104 0.272 0.225
  0.059 0.149 0.248 0.14  0.503 0.145]
 [0.067 0.273 0.35  0.117 0.939 0.107 0.209 0.048 0.081 0.07  0.121 0.209
  0.027 0.241 0.02  0.161 0.034 0.049 0.093 0.021 0.075 0.004 0.062 0.111
  0.041 0.089 0.115 0.033 0.367 0.207]
 [0.206 0.276 0.151 0.068 0.28  0.129 0.242 0.061 0.161 0.169 0.096 0.366
  0.034 0.148 0.019 0.131 0.062 0.028 0.023 0.049 0.024 0.12  0.006 0.024
  0.018 0.125 0.336 0.025 0.274 0.088]
 [0.235 0.228 0.41  0.135 0.272 0.076 0.288 0.108 0.206 0.045 0.164 0.493
  0.059 0.239 0.005 0.199 0.02  0.057 0.415 0.014 0.031 0.075 0.2   0.005
  0.015 0.13  0.196 0.044 0.222 0.141]
 [0.287 0.48  0.273 0.577 0.546 0.183 0.201 0.238 0.28  0.327 1.444 0.549
  0.156 0.335 0.069 0.61  0.067 0.161 0.208 0.22  0.104 0.142 0.347 0.273
  0.008 1.405 0.475 0.15  0.807 0.486]
 [0.147 0.197 0.179 0.046 0.235 0.061 0.163 0.03  0.124 0.07  0.517 0.238
  0.029 0.225 0.015 0.133 0.04  0.057 0.039 0.017 0.05  0.074 0.057 0.061
  0.006 0.007 0.154 0.008 0.18  0.062]
 [0.052 0.04  0.032 0.018 0.061 0.022 0.055 0.024 0.119 0.047 0.038 0.168
  0.004 0.047 0.011 0.06  0.02  0.033 0.02  0.008 0.025 0.034 0.02  0.036
  0.01  0.039 0.007 0.015 0.359 0.074]
 [0.161 0.249 0.321 0.177 0.579 0.165 0.214 0.085 0.229 0.122 0.466 0.212
  0.043 0.206 0.024 0.165 0.096 0.078 0.079 0.076 0.044 0.153 0.2   0.127
  0.046 0.7   0.269 0.006 0.263 0.38 ]
 [0.023 0.06  0.077 0.027 0.108 0.013 0.046 0.013 0.038 0.044 0.021 0.176
  0.019 0.057 0.015 0.055 0.008 0.024 0.027 0.009 0.014 0.014 0.021 0.025
  0.005 0.021 0.015 0.02  0.006 0.035]
 [0.077 0.172 0.091 0.039 0.184 0.088 0.064 0.02  0.049 0.038 0.265 0.566
  0.04  0.154 0.012 0.098 0.026 0.017 0.017 0.021 0.048 0.035 0.084 0.032
  0.012 0.065 0.069 0.015 0.125 0.007]]
[[0.    0.    0.    0.    0.    0.    0.    0.    0.    0.    0.    0.361
  0.    0.    0.    0.    0.    0.    0.    0.    0.    0.    0.    0.
  0.    0.    0.    0.    0.    0.   ]
 [0.    0.    0.    0.    0.    0.    0.    0.    0.    0.    0.    0.
  0.    0.    0.    0.    0.    0.    0.    0.    0.    0.    0.    0.
  0.    0.    0.    0.    0.    0.   ]
 [0.    0.    0.    0.    0.    0.    0.    0.    0.    0.    0.    0.
  0.    0.    0.    0.    0.    0.    0.    0.    0.    0.    0.    0.
  0.    0.    0.    0.    0.    0.   ]
 [0.372 0.    0.    0.    0.3   0.    0.    0.    0.    0.    0.    0.
  0.    0.    0.    0.    0.    0.    0.    0.    0.    0.    0.    0.
  0.    0.    0.    0.    0.    0.   ]
 [0.    0.    0.    0.    0.    0.    0.    0.    0.    0.    0.    0.
  0.    0.    0.    0.    0.    0.    0.    0.    0.    0.    0.    0.
  0.    0.    0.    0.    0.    0.   ]
 [0.    0.411 0.    0.    0.34  0.    0.336 0.    0.    0.    0.    0.373
  0.    0.    0.    0.    0.    0.    0.    0.    0.    0.    0.    0.
  0.    0.    0.    0.    0.612 0.   ]
 [0.    0.    0.    0.    0.    0.    0.    0.    0.    0.    0.    0.
  0.    0.    0.    0.    0.    0.    0.    0.    0.    0.    0.    0.
  0.    0.    0.    0.    0.    0.   ]
 [0.    0.33  0.    0.    1.248 0.    0.    0.    0.559 0.    0.    0.488
  0.    0.495 0.    0.    0.    0.    0.    0.    0.    0.    0.    0.
  0.    0.    0.    0.    0.346 0.328]
 [0.    0.    0.    0.    0.    0.    0.    0.    0.    0.    0.    0.305
  0.    0.    0.    0.    0.    0.    0.    0.    0.    0.    0.    0.
  0.    0.    0.    0.    0.    0.   ]
 [0.    0.    0.    0.    0.323 0.    0.    0.    0.    0.    0.    0.441
  0.    0.    0.    0.    0.    0.    0.    0.    0.    0.    0.    0.
  0.    0.    0.    0.    0.    0.   ]
 [0.    0.    0.    0.    0.    0.    0.    0.    0.    0.    0.    0.
  0.    0.    0.    0.    0.    0.    0.    0.    0.    0.    0.    0.
  0.    0.    0.    0.    0.405 0.   ]
 [0.    0.    0.    0.    0.    0.    0.    0.    0.    0.    0.    0.
  0.    0.    0.    0.    0.    0.    0.    0.    0.    0.    0.    0.
  0.    0.    0.    0.    0.    0.   ]
 [0.302 0.799 0.    0.    1.347 0.375 0.    0.    0.378 0.331 0.445 0.905
  0.    0.    0.    0.666 0.    0.    0.461 0.    0.    0.    0.    0.
  0.    0.    0.58  0.    0.361 0.   ]
 [0.    0.    0.    0.    0.    0.    0.    0.    0.    0.    0.    0.351
  0.    0.    0.    0.    0.    0.    0.    0.    0.    0.    0.    0.
  0.    0.    0.    0.    0.    0.   ]
 [0.433 0.609 0.649 0.    0.378 0.    0.    0.    0.385 0.    0.    0.602
  0.    0.681 0.    0.452 0.    0.    0.701 0.    0.    0.    0.    1.177
  0.    0.321 0.327 0.    0.    0.446]
 [0.    0.358 0.    0.    0.    0.    0.    0.    0.    0.    0.    0.322
  0.    0.    0.    0.    0.    0.    0.    0.    0.    0.    0.    0.
  0.    0.    0.    0.    0.    0.   ]
 [0.336 0.341 0.337 0.    0.406 0.    0.    0.    0.    0.    0.487 0.409
  0.    0.376 0.    0.    0.    0.    0.    0.    0.    0.    0.    0.307
  0.    0.    0.313 0.    0.455 0.   ]
 [0.    0.363 0.694 0.    0.    0.    0.    0.    0.361 0.    0.    0.477
  0.    0.475 0.    0.391 0.    0.    0.    0.    0.    0.    0.    0.
  0.    0.    0.    0.    0.    0.457]
 [0.306 0.    0.    0.    0.    0.    0.    0.    0.    0.    0.    0.453
  0.    0.    0.    0.    0.    0.    0.    0.    0.    0.    0.    0.
  0.    0.    0.402 0.    0.    0.   ]
 [0.    0.305 0.307 0.446 0.56  0.    0.    0.    0.    0.    0.358 0.745
  0.    0.    0.    0.466 0.    0.    0.    0.    0.    0.    0.    0.5
  0.    0.395 0.529 0.    0.832 0.   ]
 [0.    0.369 0.673 0.    0.423 0.    0.336 0.    0.    0.    0.376 0.483
  0.    0.305 0.    0.358 0.    0.    0.    0.    0.    0.    0.    0.
  0.    0.    0.    0.    0.503 0.   ]
 [0.    0.    0.35  0.    0.939 0.    0.    0.    0.    0.    0.    0.
  0.    0.    0.    0.    0.    0.    0.    0.    0.    0.    0.    0.
  0.    0.    0.    0.    0.367 0.   ]
 [0.    0.    0.    0.    0.    0.    0.    0.    0.    0.    0.    0.366
  0.    0.    0.    0.    0.    0.    0.    0.    0.    0.    0.    0.
  0.    0.    0.336 0.    0.    0.   ]
 [0.    0.    0.41  0.    0.    0.    0.    0.    0.    0.    0.    0.493
  0.    0.    0.    0.    0.    0.    0.415 0.    0.    0.    0.    0.
  0.    0.    0.    0.    0.    0.   ]
 [0.    0.48  0.    0.577 0.546 0.    0.    0.    0.    0.327 1.444 0.549
  0.    0.335 0.    0.61  0.    0.    0.    0.    0.    0.    0.347 0.
  0.    1.405 0.475 0.    0.807 0.486]
 [0.    0.    0.    0.    0.    0.    0.    0.    0.    0.    0.517 0.
  0.    0.    0.    0.    0.    0.    0.    0.    0.    0.    0.    0.
  0.    0.    0.    0.    0.    0.   ]
 [0.    0.    0.    0.    0.    0.    0.    0.    0.    0.    0.    0.
  0.    0.    0.    0.    0.    0.    0.    0.    0.    0.    0.    0.
  0.    0.    0.    0.    0.359 0.   ]
 [0.    0.    0.321 0.    0.579 0.    0.    0.    0.    0.    0.466 0.
  0.    0.    0.    0.    0.    0.    0.    0.    0.    0.    0.    0.
  0.    0.7   0.    0.    0.    0.38 ]
 [0.    0.    0.    0.    0.    0.    0.    0.    0.    0.    0.    0.
  0.    0.    0.    0.    0.    0.    0.    0.    0.    0.    0.    0.
  0.    0.    0.    0.    0.    0.   ]
 [0.    0.    0.    0.    0.    0.    0.    0.    0.    0.    0.    0.566
  0.    0.    0.    0.    0.    0.    0.    0.    0.    0.    0.    0.
  0.    0.    0.    0.    0.    0.   ]]
{'fdr': 0.7241379310344828, 'tpr': 0.26666666666666666, 'fpr': 0.26666666666666666, 'f1': 0.2711864406779661, 'shd': 159, 'npred': 116, 'ntrue': 120}
[0.238 0.132 0.019 0.255 0.029 0.076 0.029 0.15  0.043 0.099 0.361 0.021
 0.185 0.01  0.047 0.015 0.027 0.022 0.024 0.032 0.072 0.027 0.041 0.016
 0.043 0.13  0.059 0.264 0.082 0.029 0.103 0.028 0.153 0.012 0.064 0.019
 0.099 0.022 0.148 0.109 0.008 0.047 0.011 0.02  0.017 0.012 0.023 0.017
 0.012 0.024 0.022 0.02  0.011 0.033 0.131 0.021 0.095 0.028 0.051 0.077
 0.046 0.098 0.034 0.097 0.016 0.07  0.045 0.032 0.151 0.024 0.232 0.01
 0.022 0.016 0.012 0.025 0.009 0.005 0.016 0.044 0.011 0.011 0.032 0.109
 0.018 0.066 0.049 0.372 0.259 0.19  0.3   0.069 0.125 0.04  0.21  0.079
 0.233 0.169 0.045 0.146 0.021 0.117 0.038 0.078 0.089 0.013 0.054 0.04
 0.101 0.047 0.011 0.167 0.263 0.036 0.196 0.116 0.021 0.041 0.061 0.017
 0.013 0.058 0.005 0.063 0.011 0.083 0.132 0.007 0.026 0.013 0.035 0.01
 0.021 0.02  0.01  0.008 0.005 0.02  0.025 0.008 0.024 0.096 0.009 0.049
 0.034 0.183 0.411 0.163 0.103 0.34  0.336 0.053 0.117 0.152 0.13  0.373
 0.02  0.261 0.026 0.099 0.075 0.073 0.08  0.037 0.064 0.072 0.036 0.106
 0.022 0.119 0.175 0.054 0.612 0.096 0.09  0.077 0.081 0.05  0.118 0.017
 0.026 0.166 0.057 0.091 0.174 0.03  0.228 0.016 0.056 0.026 0.019 0.029
 0.024 0.015 0.042 0.027 0.021 0.023 0.02  0.084 0.03  0.104 0.113 0.214
 0.33  0.237 0.109 1.248 0.149 0.176 0.559 0.194 0.283 0.488 0.034 0.495
 0.039 0.281 0.044 0.138 0.085 0.105 0.032 0.096 0.111 0.088 0.034 0.122
 0.253 0.075 0.346 0.328 0.048 0.046 0.099 0.035 0.085 0.05  0.035 0.009
 0.052 0.083 0.305 0.014 0.07  0.012 0.06  0.033 0.023 0.013 0.019 0.03
 0.091 0.042 0.039 0.013 0.049 0.059 0.023 0.196 0.089 0.169 0.213 0.173
 0.111 0.323 0.037 0.12  0.039 0.175 0.156 0.441 0.022 0.19  0.039 0.258
 0.062 0.068 0.063 0.028 0.04  0.117 0.056 0.127 0.02  0.117 0.127 0.053
 0.134 0.144 0.091 0.041 0.169 0.02  0.071 0.045 0.05  0.017 0.062 0.051
 0.187 0.013 0.138 0.015 0.07  0.011 0.019 0.032 0.013 0.018 0.055 0.046
 0.033 0.004 0.008 0.107 0.009 0.405 0.025 0.016 0.053 0.046 0.019 0.06
 0.013 0.03  0.015 0.029 0.012 0.027 0.006 0.02  0.007 0.023 0.017 0.006
 0.016 0.01  0.006 0.026 0.02  0.012 0.007 0.018 0.051 0.019 0.034 0.011
 0.302 0.799 0.261 0.142 1.347 0.375 0.227 0.219 0.378 0.331 0.445 0.905
 0.284 0.061 0.666 0.123 0.072 0.461 0.06  0.056 0.245 0.179 0.12  0.034
 0.21  0.58  0.171 0.361 0.174 0.032 0.15  0.022 0.038 0.217 0.032 0.035
 0.011 0.1   0.029 0.045 0.351 0.015 0.005 0.023 0.013 0.012 0.024 0.024
 0.016 0.015 0.04  0.027 0.015 0.024 0.152 0.029 0.112 0.044 0.433 0.609
 0.649 0.289 0.378 0.208 0.275 0.175 0.385 0.139 0.274 0.602 0.104 0.681
 0.452 0.044 0.219 0.701 0.041 0.155 0.27  0.282 1.177 0.083 0.321 0.327
 0.185 0.297 0.446 0.15  0.358 0.23  0.053 0.18  0.061 0.1   0.017 0.104
 0.027 0.132 0.322 0.009 0.226 0.013 0.024 0.017 0.02  0.016 0.02  0.046
 0.045 0.022 0.01  0.053 0.109 0.039 0.115 0.074 0.336 0.341 0.337 0.178
 0.406 0.06  0.28  0.113 0.193 0.16  0.487 0.409 0.043 0.376 0.132 0.22
 0.084 0.145 0.078 0.059 0.154 0.107 0.307 0.087 0.191 0.313 0.083 0.455
 0.272 0.228 0.363 0.694 0.083 0.294 0.118 0.205 0.044 0.361 0.111 0.269
 0.477 0.077 0.475 0.034 0.391 0.07  0.176 0.07  0.046 0.104 0.189 0.069
 0.049 0.111 0.201 0.106 0.245 0.457 0.306 0.237 0.154 0.095 0.255 0.093
 0.195 0.07  0.265 0.096 0.163 0.453 0.008 0.276 0.009 0.289 0.034 0.05
 0.03  0.041 0.049 0.234 0.015 0.024 0.123 0.402 0.084 0.225 0.238 0.259
 0.305 0.307 0.446 0.56  0.222 0.272 0.063 0.287 0.243 0.358 0.745 0.149
 0.205 0.189 0.466 0.064 0.082 0.155 0.125 0.235 0.123 0.5   0.03  0.395
 0.529 0.112 0.832 0.279 0.189 0.369 0.673 0.115 0.423 0.098 0.336 0.239
 0.263 0.155 0.376 0.483 0.088 0.305 0.039 0.358 0.099 0.169 0.149 0.041
 0.104 0.272 0.225 0.059 0.149 0.248 0.14  0.503 0.145 0.067 0.273 0.35
 0.117 0.939 0.107 0.209 0.048 0.081 0.07  0.121 0.209 0.027 0.241 0.02
 0.161 0.034 0.049 0.093 0.021 0.075 0.062 0.111 0.041 0.089 0.115 0.033
 0.367 0.207 0.206 0.276 0.151 0.068 0.28  0.129 0.242 0.061 0.161 0.169
 0.096 0.366 0.034 0.148 0.019 0.131 0.062 0.028 0.023 0.049 0.024 0.12
 0.024 0.018 0.125 0.336 0.025 0.274 0.088 0.235 0.228 0.41  0.135 0.272
 0.076 0.288 0.108 0.206 0.045 0.164 0.493 0.059 0.239 0.005 0.199 0.02
 0.057 0.415 0.014 0.031 0.075 0.2   0.015 0.13  0.196 0.044 0.222 0.141
 0.287 0.48  0.273 0.577 0.546 0.183 0.201 0.238 0.28  0.327 1.444 0.549
 0.156 0.335 0.069 0.61  0.067 0.161 0.208 0.22  0.104 0.142 0.347 0.273
 1.405 0.475 0.15  0.807 0.486 0.147 0.197 0.179 0.046 0.235 0.061 0.163
 0.03  0.124 0.07  0.517 0.238 0.029 0.225 0.015 0.133 0.04  0.057 0.039
 0.017 0.05  0.074 0.057 0.061 0.006 0.154 0.008 0.18  0.062 0.052 0.04
 0.032 0.018 0.061 0.022 0.055 0.024 0.119 0.047 0.038 0.168 0.004 0.047
 0.011 0.06  0.02  0.033 0.02  0.008 0.025 0.034 0.02  0.036 0.01  0.039
 0.015 0.359 0.074 0.161 0.249 0.321 0.177 0.579 0.165 0.214 0.085 0.229
 0.122 0.466 0.212 0.043 0.206 0.024 0.165 0.096 0.078 0.079 0.076 0.044
 0.153 0.2   0.127 0.046 0.7   0.269 0.263 0.38  0.023 0.06  0.077 0.027
 0.108 0.013 0.046 0.013 0.038 0.044 0.021 0.176 0.019 0.057 0.015 0.055
 0.008 0.024 0.027 0.009 0.014 0.014 0.021 0.025 0.005 0.021 0.015 0.02
 0.035 0.077 0.172 0.091 0.039 0.184 0.088 0.064 0.02  0.049 0.038 0.265
 0.566 0.04  0.154 0.012 0.098 0.026 0.017 0.017 0.021 0.048 0.035 0.084
 0.032 0.012 0.065 0.069 0.015 0.125]
[[0. 0. 0. 1. 0. 0. 0. 0. 0. 0. 0. 0. 0. 0. 0. 1. 0. 0. 1. 0. 0. 0. 0. 0.
  0. 0. 0. 0. 0. 0.]
 [0. 0. 0. 0. 0. 1. 0. 0. 1. 0. 0. 0. 0. 0. 0. 1. 0. 1. 0. 1. 0. 0. 1. 0.
  0. 0. 0. 0. 0. 0.]
 [0. 0. 0. 0. 0. 0. 0. 0. 0. 0. 0. 0. 0. 0. 0. 1. 0. 0. 0. 0. 0. 0. 0. 0.
  0. 0. 0. 0. 0. 0.]
 [0. 0. 0. 0. 0. 0. 0. 0. 0. 0. 0. 0. 0. 0. 0. 1. 0. 0. 0. 1. 0. 0. 0. 0.
  0. 0. 0. 0. 0. 0.]
 [0. 0. 0. 0. 0. 0. 0. 0. 0. 0. 0. 0. 0. 0. 0. 0. 0. 0. 1. 0. 0. 0. 1. 0.
  0. 0. 0. 0. 0. 0.]
 [0. 0. 0. 0. 0. 0. 1. 0. 0. 0. 0. 0. 0. 0. 0. 0. 0. 0. 0. 0. 0. 0. 0. 0.
  0. 0. 0. 0. 1. 0.]
 [0. 0. 0. 0. 0. 0. 0. 0. 0. 0. 0. 0. 0. 0. 0. 1. 0. 0. 0. 0. 0. 0. 0. 0.
  0. 0. 0. 0. 0. 0.]
 [0. 0. 0. 0. 1. 0. 0. 0. 1. 0. 0. 0. 0. 0. 0. 1. 0. 0. 0. 1. 0. 0. 0. 0.
  0. 0. 0. 0. 1. 0.]
 [1. 0. 0. 0. 0. 0. 0. 0. 0. 0. 0. 0. 0. 0. 0. 0. 0. 0. 0. 1. 0. 0. 0. 0.
  0. 0. 0. 0. 0. 0.]
 [0. 0. 0. 0. 0. 0. 0. 0. 1. 0. 0. 0. 1. 0. 0. 0. 0. 0. 0. 0. 0. 0. 0. 0.
  0. 0. 0. 0. 0. 1.]
 [1. 1. 0. 0. 0. 0. 0. 1. 0. 1. 0. 0. 0. 0. 0. 1. 0. 0. 0. 0. 0. 0. 0. 0.
  0. 0. 0. 0. 1. 0.]
 [0. 0. 0. 0. 0. 0. 1. 0. 1. 0. 0. 0. 0. 0. 0. 0. 0. 0. 0. 0. 0. 0. 0. 0.
  0. 0. 1. 0. 0. 0.]
 [0. 1. 0. 0. 1. 0. 0. 1. 1. 0. 0. 1. 0. 0. 0. 0. 0. 0. 1. 0. 0. 1. 0. 0.
  0. 0. 1. 0. 0. 0.]
 [0. 0. 1. 1. 0. 1. 0. 0. 0. 0. 0. 0. 0. 0. 0. 0. 0. 1. 0. 0. 0. 0. 0. 1.
  0. 0. 0. 0. 0. 1.]
 [0. 1. 0. 0. 0. 0. 0. 0. 0. 0. 0. 0. 1. 0. 0. 0. 0. 0. 0. 0. 0. 0. 1. 1.
  0. 0. 0. 0. 1. 0.]
 [0. 0. 0. 0. 0. 0. 0. 0. 0. 0. 0. 0. 0. 0. 0. 0. 0. 0. 0. 0. 0. 0. 0. 0.
  0. 0. 0. 0. 1. 0.]
 [0. 0. 0. 0. 0. 1. 1. 0. 1. 0. 0. 0. 1. 0. 1. 1. 0. 0. 1. 0. 1. 1. 0. 0.
  0. 0. 0. 0. 0. 0.]
 [0. 0. 0. 0. 0. 0. 0. 0. 1. 0. 0. 0. 0. 0. 0. 0. 0. 0. 1. 0. 0. 0. 0. 0.
  0. 0. 1. 0. 0. 0.]
 [0. 0. 0. 0. 0. 0. 0. 0. 0. 0. 0. 0. 0. 0. 0. 0. 0. 0. 0. 0. 0. 0. 0. 0.
  0. 0. 0. 0. 0. 0.]
 [0. 0. 0. 0. 0. 0. 0. 0. 0. 0. 0. 0. 0. 0. 0. 0. 0. 0. 1. 0. 0. 0. 0. 0.
  0. 0. 0. 0. 1. 0.]
 [0. 0. 0. 0. 1. 1. 0. 1. 0. 0. 0. 0. 0. 1. 0. 0. 0. 0. 0. 0. 0. 1. 1. 0.
  0. 1. 1. 0. 0. 0.]
 [0. 0. 1. 1. 1. 0. 1. 0. 0. 0. 0. 0. 0. 0. 0. 0. 0. 1. 0. 0. 0. 0. 0. 0.
  0. 0. 0. 0. 1. 1.]
 [0. 0. 0. 0. 0. 0. 1. 0. 0. 0. 0. 0. 0. 0. 0. 0. 0. 0. 1. 0. 0. 0. 0. 0.
  0. 0. 0. 0. 0. 0.]
 [1. 0. 0. 0. 0. 0. 1. 0. 0. 0. 0. 1. 0. 0. 0. 1. 0. 0. 1. 1. 0. 0. 0. 0.
  0. 0. 1. 0. 0. 0.]
 [0. 0. 1. 0. 0. 1. 1. 0. 1. 1. 1. 0. 0. 1. 0. 0. 0. 1. 0. 0. 0. 0. 1. 0.
  0. 1. 0. 0. 0. 1.]
 [0. 1. 0. 0. 0. 0. 0. 0. 0. 0. 0. 0. 0. 0. 0. 0. 0. 0. 0. 0. 0. 0. 1. 0.
  0. 0. 0. 0. 0. 0.]
 [0. 0. 0. 1. 0. 1. 0. 0. 0. 0. 0. 0. 0. 0. 0. 1. 0. 0. 1. 0. 0. 0. 1. 0.
  0. 0. 0. 0. 1. 0.]
 [1. 0. 0. 0. 0. 0. 0. 0. 0. 0. 0. 1. 0. 0. 0. 0. 0. 0. 0. 0. 0. 0. 1. 0.
  0. 1. 0. 0. 0. 0.]
 [0. 0. 0. 0. 0. 0. 0. 0. 0. 0. 0. 0. 0. 0. 0. 0. 0. 0. 0. 0. 0. 0. 0. 0.
  0. 0. 0. 0. 0. 0.]
 [0. 0. 0. 0. 0. 0. 0. 0. 0. 0. 0. 1. 0. 0. 0. 0. 0. 0. 1. 0. 0. 0. 0. 0.
  0. 0. 1. 0. 0. 0.]]
[0. 0. 1. 0. 0. 0. 0. 0. 0. 0. 0. 0. 0. 0. 1. 0. 0. 1. 0. 0. 0. 0. 0. 0.
 0. 0. 0. 0. 0. 0. 0. 0. 0. 1. 0. 0. 1. 0. 0. 0. 0. 0. 0. 1. 0. 1. 0. 1.
 0. 0. 1. 0. 0. 0. 0. 0. 0. 0. 0. 0. 0. 0. 0. 0. 0. 0. 0. 0. 0. 0. 0. 0.
 1. 0. 0. 0. 0. 0. 0. 0. 0. 0. 0. 0. 0. 0. 0. 0. 0. 0. 0. 0. 0. 0. 0. 0.
 0. 0. 0. 0. 0. 1. 0. 0. 0. 1. 0. 0. 0. 0. 0. 0. 0. 0. 0. 0. 0. 0. 0. 0.
 0. 0. 0. 0. 0. 0. 0. 0. 0. 0. 0. 0. 0. 1. 0. 0. 0. 1. 0. 0. 0. 0. 0. 0.
 0. 0. 0. 0. 0. 0. 1. 0. 0. 0. 0. 0. 0. 0. 0. 0. 0. 0. 0. 0. 0. 0. 0. 0.
 0. 0. 0. 0. 1. 0. 0. 0. 0. 0. 0. 0. 0. 0. 0. 0. 0. 0. 0. 0. 1. 0. 0. 0.
 0. 0. 0. 0. 0. 0. 0. 0. 0. 0. 0. 0. 0. 0. 0. 1. 0. 0. 1. 0. 0. 0. 0. 0.
 0. 1. 0. 0. 0. 1. 0. 0. 0. 0. 0. 0. 0. 0. 1. 0. 1. 0. 0. 0. 0. 0. 0. 0.
 0. 0. 0. 0. 0. 0. 0. 0. 0. 0. 1. 0. 0. 0. 0. 0. 0. 0. 0. 0. 0. 0. 0. 0.
 0. 0. 0. 0. 0. 1. 0. 0. 1. 0. 0. 0. 0. 0. 0. 0. 0. 0. 0. 0. 0. 0. 0. 0.
 0. 1. 1. 1. 0. 0. 0. 0. 0. 1. 0. 1. 0. 0. 0. 0. 1. 0. 0. 0. 0. 0. 0. 0.
 0. 0. 0. 0. 0. 1. 0. 0. 0. 0. 0. 0. 0. 1. 0. 1. 0. 0. 0. 0. 0. 0. 0. 0.
 0. 0. 0. 0. 0. 0. 0. 0. 1. 0. 0. 0. 0. 1. 0. 0. 1. 0. 0. 1. 1. 0. 0. 1.
 0. 0. 0. 0. 0. 1. 0. 0. 1. 0. 0. 0. 0. 1. 0. 0. 0. 0. 0. 1. 1. 0. 1. 0.
 0. 0. 0. 0. 0. 0. 0. 0. 0. 1. 0. 0. 0. 0. 0. 1. 0. 0. 0. 0. 0. 1. 0. 1.
 0. 0. 0. 0. 0. 0. 0. 0. 0. 0. 1. 0. 0. 0. 0. 0. 0. 0. 0. 1. 1. 0. 0. 0.
 0. 1. 0. 0. 0. 0. 0. 0. 0. 0. 0. 0. 0. 0. 0. 0. 0. 0. 0. 0. 0. 0. 0. 0.
 0. 0. 0. 0. 0. 0. 1. 0. 0. 0. 0. 0. 0. 1. 1. 0. 1. 0. 0. 0. 1. 0. 1. 1.
 0. 1. 0. 1. 1. 0. 0. 0. 0. 0. 0. 0. 0. 0. 0. 0. 0. 0. 0. 0. 0. 1. 0. 0.
 0. 0. 0. 0. 0. 0. 1. 0. 0. 0. 0. 0. 0. 0. 1. 0. 0. 0. 0. 0. 0. 0. 0. 0.
 0. 0. 0. 0. 0. 0. 0. 0. 0. 0. 0. 0. 0. 0. 0. 0. 0. 0. 0. 0. 0. 0. 0. 0.
 0. 0. 0. 0. 0. 0. 0. 0. 0. 0. 0. 0. 0. 0. 0. 0. 0. 1. 0. 0. 0. 0. 0. 0.
 0. 0. 1. 0. 0. 0. 0. 0. 1. 1. 0. 1. 0. 0. 0. 0. 0. 1. 0. 0. 0. 0. 0. 0.
 1. 1. 0. 0. 1. 1. 0. 0. 0. 0. 0. 1. 1. 1. 0. 1. 0. 0. 0. 0. 0. 0. 0. 0.
 0. 0. 1. 0. 0. 0. 0. 0. 0. 0. 0. 0. 1. 1. 0. 0. 0. 0. 0. 0. 1. 0. 0. 0.
 0. 0. 0. 0. 0. 0. 0. 0. 1. 0. 0. 0. 0. 0. 0. 0. 0. 0. 0. 1. 0. 0. 0. 0.
 0. 1. 0. 0. 0. 0. 1. 0. 0. 0. 1. 0. 0. 1. 1. 0. 0. 0. 0. 0. 1. 0. 0. 0.
 0. 0. 1. 0. 0. 1. 1. 0. 1. 1. 1. 0. 0. 1. 0. 0. 0. 1. 0. 0. 0. 0. 1. 0.
 1. 0. 0. 0. 1. 0. 1. 0. 0. 0. 0. 0. 0. 0. 0. 0. 0. 0. 0. 0. 0. 0. 0. 0.
 0. 0. 0. 1. 0. 0. 0. 0. 0. 0. 0. 0. 0. 1. 0. 1. 0. 0. 0. 0. 0. 0. 0. 0.
 0. 1. 0. 0. 1. 0. 0. 0. 1. 0. 0. 0. 0. 1. 0. 1. 0. 0. 0. 0. 0. 0. 0. 0.
 0. 0. 1. 0. 0. 0. 0. 0. 0. 0. 0. 0. 0. 1. 0. 0. 1. 0. 0. 0. 0. 0. 0. 0.
 0. 0. 0. 0. 0. 0. 0. 0. 0. 0. 0. 0. 0. 0. 0. 0. 0. 0. 0. 0. 0. 0. 0. 0.
 0. 0. 0. 0. 0. 0. 0. 0. 0. 0. 0. 0. 1. 0. 0. 0. 0. 0. 0. 1. 0. 0. 0. 0.
 0. 0. 0. 1. 0. 0.]
aucroc, aucpr (0.6278777777777778, 0.293978933768719)
Iterations 567
Achieves (13.598573656938171, 1e-05)-DP
