samples  5000  graph  30 90 ER mlp  minibatch size  50  noise  1.0  minibatches per NN training  250 quantile adaptive clipping
cuda
cuda
iteration 1 in inner loop,alpha 0.0 rho 1.0 h 2.1125716157932146
iteration 1 in outer loop, alpha = 2.1125716157932146, rho = 1.0, h = 2.1125716157932146
cuda
iteration 1 in inner loop,alpha 2.1125716157932146 rho 1.0 h 1.3317468916692548
iteration 2 in inner loop,alpha 2.1125716157932146 rho 10.0 h 0.5712590541984994
iteration 3 in inner loop,alpha 2.1125716157932146 rho 100.0 h 0.17895064381421832
iteration 2 in outer loop, alpha = 20.007635997215047, rho = 100.0, h = 0.17895064381421832
cuda
iteration 1 in inner loop,alpha 20.007635997215047 rho 100.0 h 0.0941209922379187
iteration 2 in inner loop,alpha 20.007635997215047 rho 1000.0 h 0.03459081251306628
iteration 3 in outer loop, alpha = 54.59844851028133, rho = 1000.0, h = 0.03459081251306628
cuda
iteration 1 in inner loop,alpha 54.59844851028133 rho 1000.0 h 0.01673268243997228
iteration 2 in inner loop,alpha 54.59844851028133 rho 10000.0 h 0.005602532604850552
iteration 4 in outer loop, alpha = 110.62377455878685, rho = 10000.0, h = 0.005602532604850552
cuda
iteration 1 in inner loop,alpha 110.62377455878685 rho 10000.0 h 0.0022527809333610094
iteration 2 in inner loop,alpha 110.62377455878685 rho 100000.0 h 0.0007001859044848402
iteration 5 in outer loop, alpha = 180.64236500727088, rho = 100000.0, h = 0.0007001859044848402
cuda
iteration 1 in inner loop,alpha 180.64236500727088 rho 100000.0 h 0.0003710141155153224
iteration 6 in outer loop, alpha = 551.6564805225933, rho = 1000000.0, h = 0.0003710141155153224
Threshold 0.3
[[0.006 0.001 0.001 2.215 0.    0.001 0.    0.001 0.    0.    0.    0.001
  0.    0.    0.    0.225 0.    0.    1.163 0.249 0.    0.    1.768 0.
  0.    0.    0.097 0.    0.131 0.   ]
 [1.092 0.003 0.384 0.397 0.    0.131 0.001 0.445 0.    0.    0.    1.022
  0.    0.    0.    1.624 0.    0.001 1.096 0.385 0.001 0.001 0.109 0.
  0.    0.001 0.682 0.    0.239 0.001]
 [0.38  0.001 0.003 0.313 0.001 0.111 0.    0.264 0.    0.    0.    0.322
  0.    0.    0.    0.235 0.    0.001 0.156 0.267 0.    0.    0.145 0.
  0.    0.    0.325 0.    0.194 0.   ]
 [0.    0.    0.    0.006 0.    0.    0.001 0.    0.    0.    0.    0.
  0.    0.    0.    1.737 0.    0.    1.074 1.367 0.    0.    0.259 0.
  0.    0.    0.049 0.    0.112 0.   ]
 [0.192 0.199 0.226 0.199 0.002 0.104 0.003 0.145 0.    0.    0.    0.395
  0.    0.    0.    0.229 0.    0.    0.086 0.271 0.    0.    0.103 0.
  0.    0.    0.125 0.    0.183 0.   ]
 [0.437 0.    0.001 0.191 0.001 0.002 0.002 0.001 0.    0.    0.    0.001
  0.    0.    0.    0.135 0.    0.    1.042 1.313 0.    0.    0.09  0.
  0.    0.    0.061 0.    1.194 0.   ]
 [0.071 0.231 0.157 0.151 0.097 0.1   0.002 0.068 0.493 0.007 0.102 0.091
  0.001 0.005 0.    0.175 0.    0.001 0.86  0.121 0.054 0.092 0.073 0.
  0.    0.002 0.119 0.    0.054 0.001]
 [1.067 0.    0.003 0.564 0.001 2.011 0.003 0.002 0.    0.    0.    0.003
  0.    0.    0.    0.204 0.    0.    0.148 1.315 0.    0.001 0.094 0.
  0.    0.    0.038 0.    0.24  0.   ]
 [0.163 0.266 0.138 0.192 0.166 0.088 0.001 0.161 0.    0.004 0.006 0.145
  0.    0.021 0.    0.249 0.    0.001 0.131 1.132 0.094 0.002 0.113 0.017
  0.    0.004 0.613 0.001 0.126 0.001]
 [0.152 0.224 0.173 1.71  0.056 0.368 0.025 2.616 0.024 0.004 0.41  0.607
  0.001 3.422 0.02  0.318 0.002 0.479 0.124 0.347 0.302 0.105 0.38  0.132
  0.001 0.459 0.222 0.001 0.323 0.277]
 [1.098 0.12  0.134 2.156 0.16  0.19  0.011 0.221 0.149 0.001 0.002 0.256
  0.002 0.093 0.001 1.201 0.001 0.069 0.234 0.202 2.862 1.129 1.651 0.07
  0.001 0.265 0.144 0.001 0.097 0.075]
 [0.225 0.    0.002 0.321 0.    0.123 0.001 0.284 0.    0.    0.    0.003
  0.    0.    0.    0.208 0.    0.    0.22  0.391 0.    0.    1.517 0.001
  0.    0.    0.021 0.    0.14  0.   ]
 [1.179 0.969 0.054 0.163 0.005 1.856 0.592 0.114 0.138 0.029 0.123 0.263
  0.001 0.001 0.001 0.117 0.006 0.169 0.743 0.166 0.017 0.045 0.183 0.028
  0.002 3.184 0.139 0.003 1.062 0.471]
 [0.985 2.219 1.884 0.6   0.022 0.313 0.012 1.902 0.    0.    0.002 1.946
  0.004 0.001 0.001 0.377 0.001 0.213 0.362 0.834 0.126 0.012 0.277 0.004
  0.    0.025 0.157 0.001 0.261 0.068]
 [0.161 0.087 1.688 0.172 0.087 0.151 0.398 0.083 0.001 0.001 0.008 0.084
  0.005 0.031 0.    1.509 0.015 0.062 0.102 0.806 0.021 0.009 0.127 0.003
  0.005 0.077 0.019 0.024 0.043 0.056]
 [0.    0.    0.    0.001 0.    0.    0.    0.    0.    0.    0.    0.
  0.    0.    0.    0.002 0.    0.    0.035 0.295 0.    0.    0.005 0.
  0.    0.    0.001 0.    0.064 0.   ]
 [0.17  0.05  1.506 0.149 0.023 0.089 0.666 0.123 0.035 0.019 0.03  0.163
  0.005 0.001 0.001 0.09  0.001 0.04  0.108 0.854 0.061 0.025 0.089 0.029
  0.011 0.014 0.517 0.005 0.174 1.988]
 [0.167 0.13  0.155 1.686 1.38  0.093 0.156 0.296 0.123 0.    0.002 0.309
  0.    0.    0.    1.216 0.    0.001 0.155 0.291 0.026 0.003 0.194 0.
  0.    0.    0.159 0.    1.038 0.   ]
 [0.001 0.    0.    0.003 0.001 0.    0.    0.    0.    0.    0.    0.
  0.    0.    0.    0.051 0.    0.    0.007 0.005 0.    0.    0.008 0.
  0.    0.    0.01  0.    0.003 0.   ]
 [0.    0.    0.    0.    0.    0.    0.    0.    0.    0.    0.    0.
  0.    0.    0.    0.    0.    0.    0.078 0.003 0.    0.    0.003 0.
  0.    0.    0.002 0.    1.239 0.   ]
 [0.917 1.316 1.882 0.291 2.144 0.099 0.002 0.129 0.001 0.    0.    1.428
  0.    0.001 0.001 0.609 0.001 0.007 0.161 1.057 0.002 0.001 0.163 0.001
  0.    0.003 0.273 0.    0.132 0.001]
 [0.834 0.241 0.201 0.24  0.127 0.028 0.007 0.144 0.18  0.001 0.    0.278
  0.001 0.027 0.001 0.311 0.001 0.086 0.146 0.141 0.451 0.001 0.079 0.038
  0.    0.127 0.093 0.001 0.078 0.026]
 [0.    0.    0.    0.002 0.    0.    0.    0.    0.    0.    0.    0.001
  0.    0.    0.001 0.136 0.    0.    0.127 0.145 0.    0.    0.004 0.
  0.    0.    0.002 0.    0.295 0.   ]
 [1.234 0.079 0.092 0.14  0.101 0.041 0.07  0.281 0.001 0.002 0.002 0.136
  0.    0.029 0.001 0.083 0.005 0.196 0.103 0.087 0.076 0.003 0.095 0.001
  0.    0.    0.021 0.    0.175 0.098]
 [0.067 0.243 0.017 0.295 0.109 0.162 0.108 0.428 0.001 4.151 1.151 0.253
  0.019 0.316 0.001 0.026 0.009 0.178 0.085 0.097 0.102 0.015 0.222 0.002
  0.001 1.698 0.038 0.001 0.724 0.139]
 [0.518 0.428 0.214 0.257 0.096 2.012 0.065 0.136 0.071 0.001 0.    0.063
  0.    0.013 0.    0.133 0.001 0.393 0.204 0.308 0.143 0.004 0.068 0.28
  0.001 0.001 0.746 0.016 1.215 1.999]
 [0.005 0.002 0.    0.028 0.003 0.009 0.002 0.002 0.    0.    0.    0.049
  0.    0.    0.    0.26  0.    0.002 0.398 0.164 0.001 0.    1.757 0.001
  0.    0.    0.005 0.    1.196 0.   ]
 [0.236 0.027 0.018 0.107 2.217 0.19  0.034 1.802 0.013 0.    0.01  2.097
  0.002 0.033 0.002 0.156 0.021 1.053 0.108 0.4   0.006 0.034 0.093 1.535
  0.005 0.001 0.046 0.001 0.09  0.079]
 [0.    0.    0.    0.    0.    0.    0.001 0.    0.    0.    0.    0.
  0.    0.    0.    0.    0.    0.    0.13  0.    0.    0.    0.001 0.001
  0.    0.    0.002 0.    0.003 0.   ]
 [0.241 0.081 1.847 0.218 0.112 0.102 0.053 0.093 0.07  0.    0.001 0.124
  0.    0.001 0.    0.175 0.    1.139 0.153 0.214 0.036 0.002 0.117 0.003
  0.    0.    0.858 0.    0.333 0.001]]
[[0.    0.    0.    2.215 0.    0.    0.    0.    0.    0.    0.    0.
  0.    0.    0.    0.    0.    0.    1.163 0.    0.    0.    1.768 0.
  0.    0.    0.    0.    0.    0.   ]
 [1.092 0.    0.384 0.397 0.    0.    0.    0.445 0.    0.    0.    1.022
  0.    0.    0.    1.624 0.    0.    1.096 0.385 0.    0.    0.    0.
  0.    0.    0.682 0.    0.    0.   ]
 [0.38  0.    0.    0.313 0.    0.    0.    0.    0.    0.    0.    0.322
  0.    0.    0.    0.    0.    0.    0.    0.    0.    0.    0.    0.
  0.    0.    0.325 0.    0.    0.   ]
 [0.    0.    0.    0.    0.    0.    0.    0.    0.    0.    0.    0.
  0.    0.    0.    1.737 0.    0.    1.074 1.367 0.    0.    0.    0.
  0.    0.    0.    0.    0.    0.   ]
 [0.    0.    0.    0.    0.    0.    0.    0.    0.    0.    0.    0.395
  0.    0.    0.    0.    0.    0.    0.    0.    0.    0.    0.    0.
  0.    0.    0.    0.    0.    0.   ]
 [0.437 0.    0.    0.    0.    0.    0.    0.    0.    0.    0.    0.
  0.    0.    0.    0.    0.    0.    1.042 1.313 0.    0.    0.    0.
  0.    0.    0.    0.    1.194 0.   ]
 [0.    0.    0.    0.    0.    0.    0.    0.    0.493 0.    0.    0.
  0.    0.    0.    0.    0.    0.    0.86  0.    0.    0.    0.    0.
  0.    0.    0.    0.    0.    0.   ]
 [1.067 0.    0.    0.564 0.    2.011 0.    0.    0.    0.    0.    0.
  0.    0.    0.    0.    0.    0.    0.    1.315 0.    0.    0.    0.
  0.    0.    0.    0.    0.    0.   ]
 [0.    0.    0.    0.    0.    0.    0.    0.    0.    0.    0.    0.
  0.    0.    0.    0.    0.    0.    0.    1.132 0.    0.    0.    0.
  0.    0.    0.613 0.    0.    0.   ]
 [0.    0.    0.    1.71  0.    0.368 0.    2.616 0.    0.    0.41  0.607
  0.    3.422 0.    0.318 0.    0.479 0.    0.347 0.302 0.    0.38  0.
  0.    0.459 0.    0.    0.323 0.   ]
 [1.098 0.    0.    2.156 0.    0.    0.    0.    0.    0.    0.    0.
  0.    0.    0.    1.201 0.    0.    0.    0.    2.862 1.129 1.651 0.
  0.    0.    0.    0.    0.    0.   ]
 [0.    0.    0.    0.321 0.    0.    0.    0.    0.    0.    0.    0.
  0.    0.    0.    0.    0.    0.    0.    0.391 0.    0.    1.517 0.
  0.    0.    0.    0.    0.    0.   ]
 [1.179 0.969 0.    0.    0.    1.856 0.592 0.    0.    0.    0.    0.
  0.    0.    0.    0.    0.    0.    0.743 0.    0.    0.    0.    0.
  0.    3.184 0.    0.    1.062 0.471]
 [0.985 2.219 1.884 0.6   0.    0.313 0.    1.902 0.    0.    0.    1.946
  0.    0.    0.    0.377 0.    0.    0.362 0.834 0.    0.    0.    0.
  0.    0.    0.    0.    0.    0.   ]
 [0.    0.    1.688 0.    0.    0.    0.398 0.    0.    0.    0.    0.
  0.    0.    0.    1.509 0.    0.    0.    0.806 0.    0.    0.    0.
  0.    0.    0.    0.    0.    0.   ]
 [0.    0.    0.    0.    0.    0.    0.    0.    0.    0.    0.    0.
  0.    0.    0.    0.    0.    0.    0.    0.    0.    0.    0.    0.
  0.    0.    0.    0.    0.    0.   ]
 [0.    0.    1.506 0.    0.    0.    0.666 0.    0.    0.    0.    0.
  0.    0.    0.    0.    0.    0.    0.    0.854 0.    0.    0.    0.
  0.    0.    0.517 0.    0.    1.988]
 [0.    0.    0.    1.686 1.38  0.    0.    0.    0.    0.    0.    0.309
  0.    0.    0.    1.216 0.    0.    0.    0.    0.    0.    0.    0.
  0.    0.    0.    0.    1.038 0.   ]
 [0.    0.    0.    0.    0.    0.    0.    0.    0.    0.    0.    0.
  0.    0.    0.    0.    0.    0.    0.    0.    0.    0.    0.    0.
  0.    0.    0.    0.    0.    0.   ]
 [0.    0.    0.    0.    0.    0.    0.    0.    0.    0.    0.    0.
  0.    0.    0.    0.    0.    0.    0.    0.    0.    0.    0.    0.
  0.    0.    0.    0.    1.239 0.   ]
 [0.917 1.316 1.882 0.    2.144 0.    0.    0.    0.    0.    0.    1.428
  0.    0.    0.    0.609 0.    0.    0.    1.057 0.    0.    0.    0.
  0.    0.    0.    0.    0.    0.   ]
 [0.834 0.    0.    0.    0.    0.    0.    0.    0.    0.    0.    0.
  0.    0.    0.    0.311 0.    0.    0.    0.    0.451 0.    0.    0.
  0.    0.    0.    0.    0.    0.   ]
 [0.    0.    0.    0.    0.    0.    0.    0.    0.    0.    0.    0.
  0.    0.    0.    0.    0.    0.    0.    0.    0.    0.    0.    0.
  0.    0.    0.    0.    0.    0.   ]
 [1.234 0.    0.    0.    0.    0.    0.    0.    0.    0.    0.    0.
  0.    0.    0.    0.    0.    0.    0.    0.    0.    0.    0.    0.
  0.    0.    0.    0.    0.    0.   ]
 [0.    0.    0.    0.    0.    0.    0.    0.428 0.    4.151 1.151 0.
  0.    0.316 0.    0.    0.    0.    0.    0.    0.    0.    0.    0.
  0.    1.698 0.    0.    0.724 0.   ]
 [0.518 0.428 0.    0.    0.    2.012 0.    0.    0.    0.    0.    0.
  0.    0.    0.    0.    0.    0.393 0.    0.308 0.    0.    0.    0.
  0.    0.    0.746 0.    1.215 1.999]
 [0.    0.    0.    0.    0.    0.    0.    0.    0.    0.    0.    0.
  0.    0.    0.    0.    0.    0.    0.398 0.    0.    0.    1.757 0.
  0.    0.    0.    0.    1.196 0.   ]
 [0.    0.    0.    0.    2.217 0.    0.    1.802 0.    0.    0.    2.097
  0.    0.    0.    0.    0.    1.053 0.    0.4   0.    0.    0.    1.535
  0.    0.    0.    0.    0.    0.   ]
 [0.    0.    0.    0.    0.    0.    0.    0.    0.    0.    0.    0.
  0.    0.    0.    0.    0.    0.    0.    0.    0.    0.    0.    0.
  0.    0.    0.    0.    0.    0.   ]
 [0.    0.    1.847 0.    0.    0.    0.    0.    0.    0.    0.    0.
  0.    0.    0.    0.    0.    1.139 0.    0.    0.    0.    0.    0.
  0.    0.    0.858 0.    0.333 0.   ]]
{'fdr': 0.336, 'tpr': 0.9222222222222223, 'fpr': 0.12173913043478261, 'f1': 0.772093023255814, 'shd': 48, 'npred': 125, 'ntrue': 90}
[8.880e-04 6.526e-04 2.215e+00 4.547e-04 6.436e-04 3.619e-04 5.574e-04
 2.353e-04 3.537e-05 4.246e-05 1.335e-03 4.920e-05 1.572e-05 3.754e-05
 2.250e-01 7.737e-05 2.311e-04 1.163e+00 2.485e-01 3.094e-04 1.701e-04
 1.768e+00 2.261e-05 1.720e-05 3.358e-05 9.675e-02 1.788e-05 1.311e-01
 8.629e-05 1.092e+00 3.840e-01 3.974e-01 2.610e-04 1.314e-01 9.700e-04
 4.445e-01 4.868e-04 4.730e-05 3.154e-05 1.022e+00 3.921e-04 6.417e-05
 2.675e-04 1.624e+00 1.046e-04 8.357e-04 1.096e+00 3.845e-01 6.872e-04
 9.167e-04 1.088e-01 1.506e-04 9.077e-07 5.781e-04 6.822e-01 5.164e-05
 2.389e-01 5.736e-04 3.804e-01 1.266e-03 3.135e-01 7.620e-04 1.114e-01
 3.080e-04 2.640e-01 7.105e-05 1.938e-04 1.570e-05 3.223e-01 5.204e-06
 2.165e-04 2.454e-05 2.351e-01 8.893e-05 1.243e-03 1.562e-01 2.667e-01
 2.693e-04 2.271e-04 1.449e-01 4.540e-04 5.101e-05 8.028e-06 3.251e-01
 2.921e-05 1.937e-01 1.117e-04 1.169e-04 6.244e-05 2.994e-04 2.033e-04
 1.138e-04 1.218e-03 5.859e-05 3.217e-05 3.684e-05 1.071e-04 3.687e-04
 6.668e-06 2.648e-05 5.854e-05 1.737e+00 1.856e-05 1.048e-04 1.074e+00
 1.367e+00 6.817e-05 3.059e-05 2.593e-01 3.220e-05 2.069e-06 2.199e-05
 4.878e-02 2.774e-06 1.123e-01 3.280e-05 1.917e-01 1.995e-01 2.262e-01
 1.989e-01 1.043e-01 2.936e-03 1.448e-01 3.772e-04 1.173e-04 9.667e-06
 3.954e-01 1.046e-05 2.720e-04 3.722e-04 2.288e-01 1.582e-05 3.010e-04
 8.594e-02 2.711e-01 4.833e-04 2.346e-04 1.027e-01 2.929e-04 1.574e-05
 1.297e-04 1.247e-01 5.330e-06 1.832e-01 1.380e-04 4.374e-01 3.889e-04
 9.237e-04 1.909e-01 1.028e-03 1.583e-03 5.661e-04 3.062e-05 8.239e-06
 2.572e-05 1.063e-03 3.089e-05 6.649e-05 7.369e-05 1.347e-01 8.602e-05
 2.033e-04 1.042e+00 1.313e+00 3.645e-05 4.800e-04 9.005e-02 8.110e-05
 8.934e-06 9.452e-05 6.115e-02 3.927e-05 1.194e+00 1.640e-04 7.071e-02
 2.309e-01 1.566e-01 1.511e-01 9.693e-02 9.993e-02 6.783e-02 4.932e-01
 6.911e-03 1.018e-01 9.121e-02 5.224e-04 4.935e-03 2.472e-04 1.748e-01
 4.693e-04 5.825e-04 8.604e-01 1.210e-01 5.373e-02 9.238e-02 7.337e-02
 3.750e-04 1.253e-04 2.237e-03 1.189e-01 2.041e-04 5.428e-02 7.808e-04
 1.067e+00 4.574e-04 3.155e-03 5.641e-01 9.354e-04 2.011e+00 2.638e-03
 2.100e-04 1.216e-05 2.888e-05 3.001e-03 1.551e-04 1.233e-04 1.127e-04
 2.042e-01 6.031e-05 1.994e-04 1.484e-01 1.315e+00 5.575e-05 7.804e-04
 9.426e-02 2.277e-04 4.924e-06 1.796e-04 3.837e-02 6.975e-05 2.401e-01
 4.550e-04 1.631e-01 2.660e-01 1.375e-01 1.919e-01 1.660e-01 8.803e-02
 1.376e-03 1.608e-01 3.757e-03 5.899e-03 1.446e-01 4.095e-04 2.081e-02
 2.932e-04 2.494e-01 3.717e-05 1.452e-03 1.306e-01 1.132e+00 9.397e-02
 2.493e-03 1.125e-01 1.675e-02 8.305e-05 4.112e-03 6.132e-01 6.346e-04
 1.260e-01 5.141e-04 1.524e-01 2.243e-01 1.732e-01 1.710e+00 5.574e-02
 3.680e-01 2.470e-02 2.616e+00 2.424e-02 4.100e-01 6.072e-01 6.831e-04
 3.422e+00 1.972e-02 3.175e-01 2.071e-03 4.790e-01 1.237e-01 3.466e-01
 3.025e-01 1.054e-01 3.800e-01 1.316e-01 5.121e-04 4.586e-01 2.224e-01
 1.088e-03 3.226e-01 2.775e-01 1.098e+00 1.204e-01 1.343e-01 2.156e+00
 1.600e-01 1.900e-01 1.062e-02 2.211e-01 1.490e-01 1.185e-03 2.561e-01
 1.591e-03 9.253e-02 8.481e-04 1.201e+00 1.115e-03 6.879e-02 2.339e-01
 2.020e-01 2.862e+00 1.129e+00 1.651e+00 6.999e-02 1.135e-03 2.650e-01
 1.442e-01 1.177e-03 9.724e-02 7.491e-02 2.252e-01 1.582e-04 1.746e-03
 3.206e-01 2.618e-04 1.229e-01 1.173e-03 2.835e-01 1.228e-04 2.719e-05
 2.918e-05 5.624e-05 6.121e-05 5.662e-05 2.077e-01 2.264e-04 1.627e-04
 2.197e-01 3.906e-01 2.051e-04 9.765e-05 1.517e+00 1.224e-03 2.023e-05
 1.795e-04 2.117e-02 2.068e-04 1.395e-01 8.290e-05 1.179e+00 9.688e-01
 5.432e-02 1.632e-01 5.360e-03 1.856e+00 5.916e-01 1.137e-01 1.377e-01
 2.892e-02 1.228e-01 2.632e-01 9.279e-04 1.185e-03 1.173e-01 5.668e-03
 1.694e-01 7.427e-01 1.665e-01 1.717e-02 4.490e-02 1.832e-01 2.821e-02
 2.302e-03 3.184e+00 1.393e-01 3.332e-03 1.062e+00 4.712e-01 9.845e-01
 2.219e+00 1.884e+00 6.001e-01 2.185e-02 3.128e-01 1.223e-02 1.902e+00
 4.375e-04 2.379e-04 2.338e-03 1.946e+00 3.927e-03 5.887e-04 3.773e-01
 7.918e-04 2.127e-01 3.619e-01 8.337e-01 1.259e-01 1.233e-02 2.765e-01
 3.645e-03 7.314e-05 2.481e-02 1.572e-01 1.084e-03 2.611e-01 6.846e-02
 1.605e-01 8.693e-02 1.688e+00 1.721e-01 8.740e-02 1.508e-01 3.985e-01
 8.345e-02 1.173e-03 5.723e-04 8.480e-03 8.361e-02 5.285e-03 3.138e-02
 1.509e+00 1.479e-02 6.164e-02 1.024e-01 8.056e-01 2.104e-02 9.306e-03
 1.274e-01 2.982e-03 4.681e-03 7.666e-02 1.897e-02 2.408e-02 4.266e-02
 5.620e-02 6.627e-05 9.977e-05 6.189e-05 6.798e-04 1.251e-04 7.926e-05
 1.765e-04 3.826e-05 1.397e-05 1.836e-05 7.717e-05 2.055e-04 8.515e-06
 8.897e-06 2.698e-05 2.247e-05 3.472e-05 3.540e-02 2.952e-01 2.681e-05
 4.618e-05 5.067e-03 1.609e-05 1.090e-05 2.291e-05 1.481e-03 2.523e-05
 6.396e-02 3.072e-05 1.696e-01 5.024e-02 1.506e+00 1.494e-01 2.251e-02
 8.894e-02 6.664e-01 1.227e-01 3.531e-02 1.902e-02 3.042e-02 1.634e-01
 5.167e-03 1.120e-03 1.019e-03 8.959e-02 4.014e-02 1.083e-01 8.543e-01
 6.106e-02 2.472e-02 8.948e-02 2.940e-02 1.097e-02 1.384e-02 5.166e-01
 5.273e-03 1.739e-01 1.988e+00 1.669e-01 1.301e-01 1.550e-01 1.686e+00
 1.380e+00 9.287e-02 1.562e-01 2.958e-01 1.231e-01 9.181e-05 2.258e-03
 3.094e-01 2.290e-05 2.028e-04 4.073e-04 1.216e+00 1.151e-05 1.549e-01
 2.913e-01 2.582e-02 2.855e-03 1.942e-01 2.830e-04 1.437e-05 7.941e-05
 1.595e-01 1.916e-05 1.038e+00 1.801e-04 9.834e-04 1.265e-04 1.288e-04
 2.811e-03 6.289e-04 1.231e-04 3.658e-04 1.696e-04 1.964e-04 1.496e-05
 9.617e-05 4.402e-04 3.526e-05 1.664e-05 8.109e-05 5.065e-02 5.117e-05
 7.805e-05 4.888e-03 6.204e-05 8.817e-05 8.145e-03 4.027e-05 8.101e-06
 2.089e-05 1.049e-02 9.040e-06 2.861e-03 5.647e-05 2.481e-05 3.121e-05
 2.093e-04 4.096e-04 5.644e-05 5.626e-05 4.776e-05 2.653e-05 1.875e-05
 4.559e-06 2.204e-05 1.917e-04 1.128e-05 1.010e-05 3.268e-05 3.521e-04
 5.293e-05 1.147e-05 7.791e-02 4.421e-05 1.544e-05 2.997e-03 1.888e-05
 6.776e-05 7.971e-06 2.043e-03 1.294e-05 1.239e+00 6.813e-05 9.168e-01
 1.316e+00 1.882e+00 2.909e-01 2.144e+00 9.894e-02 1.765e-03 1.291e-01
 1.442e-03 8.300e-05 1.650e-05 1.428e+00 2.753e-04 1.160e-03 1.035e-03
 6.088e-01 7.913e-04 7.474e-03 1.608e-01 1.057e+00 7.320e-04 1.629e-01
 9.552e-04 4.828e-05 3.132e-03 2.729e-01 4.907e-05 1.316e-01 7.525e-04
 8.338e-01 2.409e-01 2.010e-01 2.399e-01 1.273e-01 2.803e-02 7.042e-03
 1.443e-01 1.796e-01 5.781e-04 6.234e-05 2.782e-01 1.256e-03 2.719e-02
 1.299e-03 3.107e-01 5.586e-04 8.579e-02 1.463e-01 1.414e-01 4.512e-01
 7.857e-02 3.848e-02 3.106e-04 1.274e-01 9.273e-02 7.037e-04 7.832e-02
 2.558e-02 6.240e-05 4.311e-04 2.674e-04 1.911e-03 4.522e-04 2.798e-04
 4.993e-04 4.105e-05 2.767e-04 1.444e-05 7.139e-05 8.879e-04 5.377e-05
 2.334e-05 7.129e-04 1.363e-01 1.535e-04 1.624e-04 1.275e-01 1.455e-01
 2.280e-04 1.168e-05 3.360e-05 2.489e-05 8.790e-05 2.480e-03 5.964e-05
 2.953e-01 2.213e-04 1.234e+00 7.911e-02 9.221e-02 1.395e-01 1.011e-01
 4.107e-02 7.019e-02 2.812e-01 8.920e-04 1.550e-03 2.491e-03 1.357e-01
 6.994e-05 2.897e-02 1.117e-03 8.346e-02 4.795e-03 1.963e-01 1.034e-01
 8.715e-02 7.611e-02 2.685e-03 9.507e-02 5.475e-05 4.432e-04 2.120e-02
 1.254e-04 1.749e-01 9.846e-02 6.684e-02 2.428e-01 1.650e-02 2.946e-01
 1.087e-01 1.620e-01 1.078e-01 4.278e-01 1.072e-03 4.151e+00 1.151e+00
 2.530e-01 1.868e-02 3.161e-01 1.030e-03 2.642e-02 9.391e-03 1.782e-01
 8.464e-02 9.671e-02 1.023e-01 1.482e-02 2.216e-01 1.588e-03 1.698e+00
 3.761e-02 1.244e-03 7.237e-01 1.387e-01 5.183e-01 4.283e-01 2.136e-01
 2.566e-01 9.574e-02 2.012e+00 6.548e-02 1.363e-01 7.070e-02 1.119e-03
 3.529e-04 6.305e-02 5.066e-05 1.314e-02 2.080e-04 1.329e-01 5.650e-04
 3.929e-01 2.044e-01 3.083e-01 1.431e-01 3.797e-03 6.822e-02 2.803e-01
 5.313e-04 7.457e-01 1.573e-02 1.215e+00 1.999e+00 4.931e-03 2.407e-03
 2.882e-04 2.775e-02 2.708e-03 8.560e-03 1.672e-03 2.201e-03 2.686e-04
 1.055e-04 3.627e-05 4.857e-02 5.120e-05 3.804e-05 3.598e-04 2.604e-01
 1.103e-04 1.633e-03 3.981e-01 1.638e-01 6.266e-04 2.752e-04 1.757e+00
 1.226e-03 4.572e-05 1.437e-04 1.896e-04 1.196e+00 4.448e-04 2.356e-01
 2.650e-02 1.802e-02 1.074e-01 2.217e+00 1.904e-01 3.359e-02 1.802e+00
 1.298e-02 3.901e-04 1.008e-02 2.097e+00 1.885e-03 3.297e-02 1.542e-03
 1.563e-01 2.131e-02 1.053e+00 1.080e-01 4.000e-01 6.378e-03 3.385e-02
 9.330e-02 1.535e+00 4.856e-03 6.533e-04 4.650e-02 9.010e-02 7.885e-02
 6.699e-05 3.802e-04 1.800e-04 1.096e-04 2.968e-04 6.526e-05 6.405e-04
 1.148e-05 3.514e-05 8.038e-06 1.559e-05 1.825e-04 1.100e-05 1.059e-05
 4.674e-04 4.911e-04 5.662e-05 3.816e-05 1.303e-01 1.052e-04 1.102e-04
 4.571e-05 9.877e-04 5.328e-04 1.878e-05 7.950e-05 1.862e-03 7.119e-06
 3.794e-05 2.405e-01 8.061e-02 1.847e+00 2.181e-01 1.117e-01 1.021e-01
 5.280e-02 9.308e-02 7.020e-02 1.369e-04 8.083e-04 1.241e-01 1.170e-05
 8.234e-04 2.886e-04 1.753e-01 8.924e-05 1.139e+00 1.532e-01 2.139e-01
 3.629e-02 1.806e-03 1.173e-01 2.623e-03 4.466e-05 1.113e-04 8.577e-01
 9.629e-05 3.331e-01]
[[0. 0. 0. 1. 0. 0. 0. 0. 0. 0. 0. 0. 0. 0. 0. 0. 0. 0. 1. 0. 0. 0. 1. 0.
  0. 0. 0. 0. 0. 0.]
 [1. 0. 0. 0. 0. 0. 0. 0. 0. 0. 0. 0. 0. 0. 0. 1. 0. 0. 1. 0. 0. 0. 0. 0.
  0. 0. 1. 0. 0. 0.]
 [0. 0. 0. 0. 0. 0. 0. 0. 0. 0. 0. 0. 0. 0. 0. 0. 0. 0. 0. 0. 0. 0. 0. 0.
  0. 0. 0. 0. 0. 0.]
 [0. 0. 0. 0. 0. 0. 0. 0. 0. 0. 0. 0. 0. 0. 0. 1. 0. 0. 1. 1. 0. 0. 0. 0.
  0. 0. 0. 0. 0. 0.]
 [0. 0. 0. 0. 0. 0. 0. 0. 0. 0. 0. 0. 0. 0. 0. 0. 0. 0. 0. 0. 0. 0. 0. 0.
  0. 0. 0. 0. 0. 0.]
 [0. 0. 0. 0. 0. 0. 0. 0. 0. 0. 0. 0. 0. 0. 0. 0. 0. 0. 1. 1. 0. 0. 0. 0.
  0. 0. 0. 0. 1. 0.]
 [0. 0. 0. 0. 0. 0. 0. 0. 0. 0. 0. 0. 0. 0. 0. 0. 0. 0. 1. 0. 0. 0. 0. 0.
  0. 0. 0. 0. 0. 0.]
 [1. 0. 0. 0. 0. 1. 0. 0. 0. 0. 0. 0. 0. 0. 0. 0. 0. 0. 0. 1. 0. 0. 0. 0.
  0. 0. 0. 0. 0. 0.]
 [0. 0. 0. 0. 0. 0. 1. 0. 0. 0. 0. 0. 0. 0. 0. 0. 0. 0. 0. 1. 0. 0. 0. 0.
  0. 0. 1. 0. 0. 0.]
 [0. 0. 0. 1. 0. 0. 0. 1. 0. 0. 0. 0. 0. 1. 0. 0. 0. 0. 0. 0. 0. 0. 0. 0.
  0. 0. 0. 0. 0. 0.]
 [1. 0. 0. 1. 0. 0. 0. 0. 0. 0. 0. 0. 0. 0. 0. 1. 0. 0. 0. 0. 1. 1. 1. 0.
  0. 0. 0. 0. 0. 0.]
 [0. 0. 0. 0. 0. 0. 0. 0. 0. 0. 0. 0. 0. 0. 0. 0. 0. 0. 0. 0. 0. 0. 1. 0.
  0. 0. 0. 0. 0. 0.]
 [1. 1. 0. 0. 0. 1. 1. 0. 0. 0. 0. 0. 0. 0. 0. 0. 0. 0. 1. 0. 0. 0. 0. 0.
  0. 1. 0. 0. 1. 0.]
 [1. 1. 1. 0. 0. 0. 0. 1. 0. 0. 0. 1. 0. 0. 0. 0. 0. 0. 0. 1. 0. 0. 0. 0.
  0. 0. 0. 0. 0. 0.]
 [0. 0. 1. 0. 0. 0. 1. 0. 0. 0. 0. 0. 0. 0. 0. 1. 0. 0. 0. 1. 0. 0. 0. 0.
  0. 0. 0. 0. 0. 0.]
 [0. 0. 0. 0. 0. 0. 0. 0. 0. 0. 0. 0. 0. 0. 0. 0. 0. 0. 0. 0. 0. 0. 0. 0.
  0. 0. 0. 0. 0. 0.]
 [0. 0. 1. 0. 0. 0. 1. 0. 0. 0. 0. 0. 1. 0. 0. 0. 0. 0. 0. 1. 0. 0. 0. 0.
  0. 0. 1. 0. 0. 1.]
 [0. 0. 0. 1. 1. 0. 0. 0. 1. 0. 0. 0. 0. 0. 0. 1. 0. 0. 0. 0. 0. 0. 0. 0.
  0. 0. 0. 0. 1. 0.]
 [0. 0. 0. 0. 0. 0. 0. 0. 0. 0. 0. 0. 0. 0. 0. 0. 0. 0. 0. 0. 0. 0. 0. 0.
  0. 0. 0. 0. 0. 0.]
 [0. 0. 0. 0. 0. 0. 0. 0. 0. 0. 0. 0. 0. 0. 0. 0. 0. 0. 0. 0. 0. 0. 0. 0.
  0. 0. 0. 0. 1. 0.]
 [1. 1. 1. 0. 1. 0. 0. 0. 0. 0. 0. 1. 0. 0. 0. 0. 0. 0. 0. 1. 0. 0. 0. 0.
  0. 0. 0. 0. 0. 0.]
 [1. 0. 0. 0. 0. 0. 0. 0. 0. 0. 0. 0. 0. 0. 0. 0. 0. 0. 0. 0. 0. 0. 0. 0.
  0. 0. 0. 0. 0. 0.]
 [0. 0. 0. 0. 0. 0. 0. 0. 0. 0. 0. 0. 0. 0. 0. 0. 0. 0. 0. 0. 0. 0. 0. 0.
  0. 0. 0. 0. 0. 0.]
 [1. 0. 0. 0. 0. 0. 0. 0. 0. 0. 0. 0. 0. 0. 0. 0. 0. 0. 0. 0. 0. 0. 0. 0.
  0. 0. 0. 0. 0. 0.]
 [0. 0. 0. 0. 0. 1. 0. 0. 0. 1. 1. 0. 0. 0. 0. 0. 0. 1. 0. 0. 0. 0. 1. 0.
  0. 1. 0. 0. 1. 0.]
 [0. 0. 0. 0. 0. 1. 0. 0. 0. 0. 0. 0. 0. 0. 0. 0. 0. 0. 0. 0. 0. 0. 0. 1.
  0. 0. 1. 0. 1. 1.]
 [0. 0. 0. 0. 0. 0. 0. 0. 0. 0. 0. 0. 0. 0. 0. 0. 0. 0. 1. 0. 0. 0. 1. 0.
  0. 0. 0. 0. 1. 0.]
 [0. 0. 0. 0. 1. 0. 0. 1. 0. 0. 0. 1. 0. 0. 0. 0. 0. 1. 0. 0. 0. 0. 0. 1.
  0. 0. 0. 0. 0. 0.]
 [0. 0. 0. 0. 0. 0. 0. 0. 0. 0. 0. 0. 0. 0. 0. 0. 0. 0. 0. 0. 0. 0. 0. 0.
  0. 0. 0. 0. 0. 0.]
 [0. 0. 1. 0. 0. 0. 0. 0. 0. 0. 0. 0. 0. 0. 0. 0. 0. 1. 0. 0. 0. 0. 0. 0.
  0. 0. 1. 0. 0. 0.]]
[0. 0. 1. 0. 0. 0. 0. 0. 0. 0. 0. 0. 0. 0. 0. 0. 0. 1. 0. 0. 0. 1. 0. 0.
 0. 0. 0. 0. 0. 1. 0. 0. 0. 0. 0. 0. 0. 0. 0. 0. 0. 0. 0. 1. 0. 0. 1. 0.
 0. 0. 0. 0. 0. 0. 1. 0. 0. 0. 0. 0. 0. 0. 0. 0. 0. 0. 0. 0. 0. 0. 0. 0.
 0. 0. 0. 0. 0. 0. 0. 0. 0. 0. 0. 0. 0. 0. 0. 0. 0. 0. 0. 0. 0. 0. 0. 0.
 0. 0. 0. 0. 0. 1. 0. 0. 1. 1. 0. 0. 0. 0. 0. 0. 0. 0. 0. 0. 0. 0. 0. 0.
 0. 0. 0. 0. 0. 0. 0. 0. 0. 0. 0. 0. 0. 0. 0. 0. 0. 0. 0. 0. 0. 0. 0. 0.
 0. 0. 0. 0. 0. 0. 0. 0. 0. 0. 0. 0. 0. 0. 0. 0. 0. 0. 1. 1. 0. 0. 0. 0.
 0. 0. 0. 0. 1. 0. 0. 0. 0. 0. 0. 0. 0. 0. 0. 0. 0. 0. 0. 0. 0. 0. 0. 1.
 0. 0. 0. 0. 0. 0. 0. 0. 0. 0. 0. 1. 0. 0. 0. 0. 1. 0. 0. 0. 0. 0. 0. 0.
 0. 0. 0. 0. 0. 1. 0. 0. 0. 0. 0. 0. 0. 0. 0. 0. 0. 0. 0. 0. 0. 0. 1. 0.
 0. 0. 0. 0. 0. 0. 0. 0. 0. 0. 1. 0. 0. 0. 0. 0. 0. 1. 0. 0. 0. 0. 0. 0.
 1. 0. 0. 0. 1. 0. 0. 0. 0. 1. 0. 0. 0. 0. 0. 0. 0. 0. 0. 0. 0. 0. 0. 0.
 0. 0. 1. 0. 0. 1. 0. 0. 0. 0. 0. 0. 0. 0. 0. 0. 1. 0. 0. 0. 0. 1. 1. 1.
 0. 0. 0. 0. 0. 0. 0. 0. 0. 0. 0. 0. 0. 0. 0. 0. 0. 0. 0. 0. 0. 0. 0. 0.
 0. 0. 0. 0. 1. 0. 0. 0. 0. 0. 0. 0. 1. 1. 0. 0. 0. 1. 1. 0. 0. 0. 0. 0.
 0. 0. 0. 0. 0. 1. 0. 0. 0. 0. 0. 0. 1. 0. 0. 1. 0. 1. 1. 1. 0. 0. 0. 0.
 1. 0. 0. 0. 1. 0. 0. 0. 0. 0. 0. 1. 0. 0. 0. 0. 0. 0. 0. 0. 0. 0. 0. 0.
 1. 0. 0. 0. 1. 0. 0. 0. 0. 0. 0. 0. 1. 0. 0. 0. 1. 0. 0. 0. 0. 0. 0. 0.
 0. 0. 0. 0. 0. 0. 0. 0. 0. 0. 0. 0. 0. 0. 0. 0. 0. 0. 0. 0. 0. 0. 0. 0.
 0. 0. 0. 0. 0. 0. 0. 0. 0. 0. 1. 0. 0. 0. 1. 0. 0. 0. 0. 0. 1. 0. 0. 0.
 0. 0. 1. 0. 0. 0. 0. 0. 0. 1. 0. 0. 1. 0. 0. 0. 1. 1. 0. 0. 0. 1. 0. 0.
 0. 0. 0. 0. 1. 0. 0. 0. 0. 0. 0. 0. 0. 0. 0. 0. 1. 0. 0. 0. 0. 0. 0. 0.
 0. 0. 0. 0. 0. 0. 0. 0. 0. 0. 0. 0. 0. 0. 0. 0. 0. 0. 0. 0. 0. 0. 0. 0.
 0. 0. 0. 0. 0. 0. 0. 0. 0. 0. 0. 0. 0. 0. 0. 0. 0. 0. 0. 0. 0. 0. 0. 0.
 0. 0. 1. 0. 1. 1. 1. 0. 1. 0. 0. 0. 0. 0. 0. 1. 0. 0. 0. 0. 0. 0. 0. 1.
 0. 0. 0. 0. 0. 0. 0. 0. 0. 1. 0. 0. 0. 0. 0. 0. 0. 0. 0. 0. 0. 0. 0. 0.
 0. 0. 0. 0. 0. 0. 0. 0. 0. 0. 0. 0. 0. 0. 0. 0. 0. 0. 0. 0. 0. 0. 0. 0.
 0. 0. 0. 0. 0. 0. 0. 0. 0. 0. 0. 0. 0. 0. 0. 0. 0. 0. 0. 1. 0. 0. 0. 0.
 0. 0. 0. 0. 0. 0. 0. 0. 0. 0. 0. 0. 0. 0. 0. 0. 0. 0. 0. 0. 0. 0. 0. 0.
 0. 0. 0. 0. 0. 1. 0. 0. 0. 1. 1. 0. 0. 0. 0. 0. 0. 1. 0. 0. 0. 0. 1. 0.
 1. 0. 0. 1. 0. 0. 0. 0. 0. 0. 1. 0. 0. 0. 0. 0. 0. 0. 0. 0. 0. 0. 0. 0.
 0. 0. 0. 0. 1. 0. 1. 0. 1. 1. 0. 0. 0. 0. 0. 0. 0. 0. 0. 0. 0. 0. 0. 0.
 0. 0. 0. 0. 1. 0. 0. 0. 1. 0. 0. 0. 0. 1. 0. 0. 0. 0. 0. 1. 0. 0. 1. 0.
 0. 0. 1. 0. 0. 0. 0. 0. 1. 0. 0. 0. 0. 0. 1. 0. 0. 0. 0. 0. 0. 0. 0. 0.
 0. 0. 0. 0. 0. 0. 0. 0. 0. 0. 0. 0. 0. 0. 0. 0. 0. 0. 0. 0. 0. 0. 0. 0.
 0. 0. 0. 1. 0. 0. 0. 0. 0. 0. 0. 0. 0. 0. 0. 0. 0. 0. 1. 0. 0. 0. 0. 0.
 0. 0. 0. 1. 0. 0.]
aucroc, aucpr (0.9805840455840455, 0.9447967754031987)
cuda
noise_multiplier  1.0  noise_multiplier_b  2.5  noise_multiplier_delta  1.0206207261596576
cuda
Objective function 982.29 = squared loss an data 726.28 + 0.5*rho*h**2 254.631624 + alpha*h 0.000000 + L2reg 0.55 + L1reg 0.82 ; SHD = 415 ; DAG False
total norm for a microbatch 134.49631588420803 clip 1.8511579101054196
total norm for a microbatch 73.35532513362666 clip 58.564189769849946
total norm for a microbatch 66.73800685312705 clip 60.427625819464446
total norm for a microbatch 90.7726692904736 clip 71.18929803964839
total norm for a microbatch 82.81978129339392 clip 72.49009745037033
total norm for a microbatch 133.38008054032957 clip 76.54054422238703
total norm for a microbatch 97.66686947826324 clip 77.82291515868262
total norm for a microbatch 67.41302867386796 clip 87.88702450801357
total norm for a microbatch 135.38054481609865 clip 92.13884581534934
total norm for a microbatch 103.72224194531496 clip 93.64236163326687
total norm for a microbatch 112.2079795807665 clip 100.14407635598221
total norm for a microbatch 122.17263486486918 clip 101.08872730795022
cuda
Objective function 72.34 = squared loss an data 51.27 + 0.5*rho*h**2 18.845061 + alpha*h 0.000000 + L2reg 1.60 + L1reg 0.62 ; SHD = 258 ; DAG False
Proportion of microbatches that were clipped  0.8202002260616825
iteration 1 in inner loop, alpha 0.0 rho 1.0 h 6.139228121055638
iteration 1 in outer loop, alpha = 6.139228121055638, rho = 1.0, h = 6.139228121055638
cuda
noise_multiplier  1.0  noise_multiplier_b  2.5  noise_multiplier_delta  1.0206207261596576
cuda
Objective function 110.03 = squared loss an data 51.27 + 0.5*rho*h**2 18.845061 + alpha*h 37.690122 + L2reg 1.60 + L1reg 0.62 ; SHD = 258 ; DAG False
total norm for a microbatch 89.90754297369153 clip 2.9274048785051345
total norm for a microbatch 113.89824713609745 clip 9.827362307325945
total norm for a microbatch 194.11091825969095 clip 12.751562309647179
total norm for a microbatch 286.42230661890767 clip 132.18095496617067
total norm for a microbatch 189.54553172572545 clip 139.37366989481143
total norm for a microbatch 225.65118284793968 clip 132.08012881031064
total norm for a microbatch 137.83644354778303 clip 138.02798657138635
total norm for a microbatch 151.17328920467844 clip 140.0562238614543
cuda
Objective function 79.53 = squared loss an data 44.45 + 0.5*rho*h**2 7.978854 + alpha*h 24.524436 + L2reg 1.99 + L1reg 0.58 ; SHD = 231 ; DAG False
Proportion of microbatches that were clipped  0.8219200390847651
iteration 1 in inner loop, alpha 6.139228121055638 rho 1.0 h 3.9947099973278384
noise_multiplier  1.0  noise_multiplier_b  2.5  noise_multiplier_delta  1.0206207261596576
cuda
Objective function 151.34 = squared loss an data 44.45 + 0.5*rho*h**2 79.788540 + alpha*h 24.524436 + L2reg 1.99 + L1reg 0.58 ; SHD = 231 ; DAG False
total norm for a microbatch 204.4789843015638 clip 3.259756890234208
total norm for a microbatch 257.24056155481986 clip 184.98933251797655
total norm for a microbatch 348.0374936284708 clip 192.57421996681333
total norm for a microbatch 474.59351876284654 clip 184.23260117521124
total norm for a microbatch 254.91823678354442 clip 187.4555094656413
total norm for a microbatch 207.09256266337354 clip 182.0315830110515
total norm for a microbatch 185.77090371571722 clip 186.9453228088114
total norm for a microbatch 178.61531411524504 clip 181.61681423662532
total norm for a microbatch 188.77421099283796 clip 176.32761396084402
total norm for a microbatch 236.9481789787326 clip 188.62838127058657
total norm for a microbatch 347.1293340769161 clip 175.0917906986732
total norm for a microbatch 215.26400472576913 clip 175.78435042971842
total norm for a microbatch 188.60491575334797 clip 183.606812929467
cuda
Objective function 79.34 = squared loss an data 46.96 + 0.5*rho*h**2 18.010276 + alpha*h 11.651691 + L2reg 2.20 + L1reg 0.52 ; SHD = 182 ; DAG False
Proportion of microbatches that were clipped  0.8278662164335102
iteration 2 in inner loop, alpha 6.139228121055638 rho 10.0 h 1.8979081264505027
noise_multiplier  1.0  noise_multiplier_b  2.5  noise_multiplier_delta  1.0206207261596576
cuda
Objective function 241.43 = squared loss an data 46.96 + 0.5*rho*h**2 180.102763 + alpha*h 11.651691 + L2reg 2.20 + L1reg 0.52 ; SHD = 182 ; DAG False
total norm for a microbatch 398.3520712312963 clip 1.0
total norm for a microbatch 255.31820049416223 clip 6.895783329617075
total norm for a microbatch 218.76893777393926 clip 6.895783329617075
total norm for a microbatch 153.14282502854542 clip 18.477762008719147
total norm for a microbatch 211.39863632377777 clip 31.29476782379229
total norm for a microbatch 144.10264908048768 clip 131.53104764267604
total norm for a microbatch 240.36158261305812 clip 244.12956484129018
total norm for a microbatch 204.2019250601799 clip 236.30203769091938
total norm for a microbatch 341.06508832120306 clip 233.7001568204951
total norm for a microbatch 241.79695188019483 clip 221.3687441809826
total norm for a microbatch 348.183606749908 clip 225.14813334016057
total norm for a microbatch 316.2987416065783 clip 230.69797278989515
total norm for a microbatch 282.0729897416065 clip 217.93480171163728
total norm for a microbatch 228.67458229439663 clip 211.55767723859634
total norm for a microbatch 188.62156770169108 clip 220.81533967730755
total norm for a microbatch 322.9740030515517 clip 216.67768489633272
total norm for a microbatch 199.92499736181315 clip 208.1465067456194
cuda
Objective function 86.55 = squared loss an data 49.94 + 0.5*rho*h**2 29.121328 + alpha*h 4.685267 + L2reg 2.36 + L1reg 0.45 ; SHD = 157 ; DAG True
Proportion of microbatches that were clipped  0.8284994719311073
iteration 3 in inner loop, alpha 6.139228121055638 rho 100.0 h 0.7631687617356953
iteration 2 in outer loop, alpha = 82.45610429462516, rho = 100.0, h = 0.7631687617356953
cuda
noise_multiplier  1.0  noise_multiplier_b  2.5  noise_multiplier_delta  1.0206207261596576
cuda
Objective function 144.80 = squared loss an data 49.94 + 0.5*rho*h**2 29.121328 + alpha*h 62.927923 + L2reg 2.36 + L1reg 0.45 ; SHD = 157 ; DAG True
total norm for a microbatch 386.9879422810168 clip 1.2929899128129856
total norm for a microbatch 327.9169235360687 clip 2.2065959255337204
total norm for a microbatch 338.02702826719127 clip 2.883073826190332
total norm for a microbatch 278.0439108039359 clip 9.253742714706249
total norm for a microbatch 256.0485734359754 clip 46.044480722296804
total norm for a microbatch 305.16302441305527 clip 278.873895395974
total norm for a microbatch 287.63214765323926 clip 267.4276096711347
total norm for a microbatch 228.72518998054264 clip 255.99074528390915
total norm for a microbatch 210.87229819224294 clip 249.7359811378941
total norm for a microbatch 226.42224888872406 clip 252.37154374188947
total norm for a microbatch 259.69157996664626 clip 255.111518351526
total norm for a microbatch 410.0351261673494 clip 244.67482148061552
total norm for a microbatch 323.3473022817361 clip 230.94508000248354
total norm for a microbatch 314.0023643628326 clip 235.23875486782887
total norm for a microbatch 261.1113184085022 clip 230.98507935607404
cuda
Objective function 99.30 = squared loss an data 48.70 + 0.5*rho*h**2 10.286664 + alpha*h 37.400299 + L2reg 2.49 + L1reg 0.43 ; SHD = 166 ; DAG True
Proportion of microbatches that were clipped  0.8266213812065341
iteration 1 in inner loop, alpha 82.45610429462516 rho 100.0 h 0.45357829686773243
noise_multiplier  1.0  noise_multiplier_b  2.5  noise_multiplier_delta  1.0206207261596576
cuda
Objective function 191.88 = squared loss an data 48.70 + 0.5*rho*h**2 102.866636 + alpha*h 37.400299 + L2reg 2.49 + L1reg 0.43 ; SHD = 166 ; DAG True
total norm for a microbatch 299.01861661869606 clip 1.6994152444932447
total norm for a microbatch 284.35560491764136 clip 3.737997185022944
total norm for a microbatch 287.19243529906015 clip 311.98434461228135
total norm for a microbatch 361.67993208812504 clip 311.98434461228135
total norm for a microbatch 380.8490493080262 clip 336.1543985684698
total norm for a microbatch 339.2979172716538 clip 357.9519113178106
total norm for a microbatch 335.43322538988843 clip 342.981963894875
total norm for a microbatch 337.662345387893 clip 387.55558403390177
total norm for a microbatch 310.99089852773926 clip 323.37576324731685
total norm for a microbatch 513.7014421855956 clip 300.6390338050339
total norm for a microbatch 302.7669604574529 clip 293.1307206624872
total norm for a microbatch 298.3900613228229 clip 293.1307206624872
total norm for a microbatch 291.57202059840387 clip 282.65706886255197
total norm for a microbatch 367.48557701011526 clip 295.8194058333948
cuda
Objective function 108.02 = squared loss an data 56.14 + 0.5*rho*h**2 28.943222 + alpha*h 19.838610 + L2reg 2.68 + L1reg 0.41 ; SHD = 170 ; DAG True
Proportion of microbatches that were clipped  0.8335324571883712
iteration 2 in inner loop, alpha 82.45610429462516 rho 1000.0 h 0.2405960175417725
noise_multiplier  1.0  noise_multiplier_b  2.5  noise_multiplier_delta  1.0206207261596576
cuda
Objective function 368.51 = squared loss an data 56.14 + 0.5*rho*h**2 289.432218 + alpha*h 19.838610 + L2reg 2.68 + L1reg 0.41 ; SHD = 170 ; DAG True
total norm for a microbatch 750.104257720933 clip 1.3285360296189497
total norm for a microbatch 474.3832085278791 clip 2.342497264749504
total norm for a microbatch 510.8962531502776 clip 87.65018397465717
total norm for a microbatch 647.881105576065 clip 114.91415144227943
total norm for a microbatch 635.3959058402993 clip 124.55547421293674
total norm for a microbatch 776.9507100234947 clip 680.6088279033218
total norm for a microbatch 492.1990815666499 clip 490.6187234863623
total norm for a microbatch 500.4180829512007 clip 425.39014031304873
total norm for a microbatch 333.5392055621052 clip 309.82260692015615
total norm for a microbatch 352.74481895718844 clip 303.93520827569193
total norm for a microbatch 360.18812069553024 clip 322.21654397578266
total norm for a microbatch 284.86560055248844 clip 322.21654397578266
cuda
Objective function 94.11 = squared loss an data 54.33 + 0.5*rho*h**2 30.178865 + alpha*h 6.406034 + L2reg 2.81 + L1reg 0.38 ; SHD = 166 ; DAG True
Proportion of microbatches that were clipped  0.8339845307391756
iteration 3 in inner loop, alpha 82.45610429462516 rho 10000.0 h 0.07769023755887616
iteration 3 in outer loop, alpha = 859.3584798833867, rho = 10000.0, h = 0.07769023755887616
cuda
noise_multiplier  1.0  noise_multiplier_b  2.5  noise_multiplier_delta  1.0206207261596576
cuda
Objective function 154.46 = squared loss an data 54.33 + 0.5*rho*h**2 30.178865 + alpha*h 66.763764 + L2reg 2.81 + L1reg 0.38 ; SHD = 166 ; DAG True
total norm for a microbatch 529.0398076587859 clip 1.0
total norm for a microbatch 727.6983766909415 clip 64.33751086047766
total norm for a microbatch 960.4779430522369 clip 827.9610046652749
total norm for a microbatch 1084.7003512701556 clip 946.6343993588287
total norm for a microbatch 635.2316381231907 clip 539.613438340675
total norm for a microbatch 462.4232837888595 clip 376.3209070330478
total norm for a microbatch 468.3348971686415 clip 339.1095910970539
total norm for a microbatch 387.8621845466615 clip 358.03514586465724
total norm for a microbatch 470.0698416778887 clip 353.5004312762853
total norm for a microbatch 582.1751139474826 clip 342.8756491097847
total norm for a microbatch 316.35684866369377 clip 345.59384037071635
cuda
Objective function 98.88 = squared loss an data 54.11 + 0.5*rho*h**2 7.697986 + alpha*h 33.719252 + L2reg 2.98 + L1reg 0.38 ; SHD = 183 ; DAG True
Proportion of microbatches that were clipped  0.8336378803527449
iteration 1 in inner loop, alpha 859.3584798833867 rho 10000.0 h 0.03923770244750813
noise_multiplier  1.0  noise_multiplier_b  2.5  noise_multiplier_delta  1.0206207261596576
cuda
Objective function 168.17 = squared loss an data 54.11 + 0.5*rho*h**2 76.979865 + alpha*h 33.719252 + L2reg 2.98 + L1reg 0.38 ; SHD = 183 ; DAG True
total norm for a microbatch 1744.081541466386 clip 35.839554808996
total norm for a microbatch 2759.4685653257984 clip 125.24951506921897
total norm for a microbatch 5005.751892944041 clip 959.7479506671381
total norm for a microbatch 6049.768905812134 clip 1058.3237124612149
total norm for a microbatch 6075.352681639976 clip 1058.3237124612149
total norm for a microbatch 17946.773117923567 clip 17777.478392764962
total norm for a microbatch 13187.389723682865 clip 14135.773013169583
total norm for a microbatch 1042.4441050691037 clip 864.855246634272
total norm for a microbatch 640.4495595106076 clip 398.5867709448533
total norm for a microbatch 434.16062151237617 clip 377.03505460241684
total norm for a microbatch 378.45873876811845 clip 334.1976549163678
total norm for a microbatch 467.91510602574914 clip 324.3610355319937
total norm for a microbatch 452.94812973680285 clip 315.88195182537396
cuda
Objective function 91.93 = squared loss an data 77.06 + 0.5*rho*h**2 3.811106 + alpha*h 7.502653 + L2reg 3.17 + L1reg 0.38 ; SHD = 190 ; DAG True
Proportion of microbatches that were clipped  0.8329991176706505
iteration 2 in inner loop, alpha 859.3584798833867 rho 100000.0 h 0.008730527856197767
iteration 4 in outer loop, alpha = 1732.4112655031636, rho = 100000.0, h = 0.008730527856197767
cuda
noise_multiplier  1.0  noise_multiplier_b  2.5  noise_multiplier_delta  1.0206207261596576
cuda
Objective function 99.55 = squared loss an data 77.06 + 0.5*rho*h**2 3.811106 + alpha*h 15.124865 + L2reg 3.17 + L1reg 0.38 ; SHD = 190 ; DAG True
total norm for a microbatch 6158.2448487251195 clip 1.5800104281720568
total norm for a microbatch 5680.846940558619 clip 2.0639977664832068
total norm for a microbatch 3321.176410201791 clip 3.2480238231413754
total norm for a microbatch 7090.163826499998 clip 1102.0409157606516
total norm for a microbatch 11331.98151820757 clip 8048.398480362954
total norm for a microbatch 21555.488458500713 clip 12200.275379066874
total norm for a microbatch 19728.728297384012 clip 15830.141831487983
total norm for a microbatch 17808.77830666622 clip 19032.05191894373
total norm for a microbatch 16216.526242734555 clip 15128.139809036202
total norm for a microbatch 12989.718593036541 clip 9839.150794057865
total norm for a microbatch 13705.712553098037 clip 10692.27261949151
total norm for a microbatch 2160.0680928400266 clip 1883.6024130260014
total norm for a microbatch 445.49959946194167 clip 408.356657227469
total norm for a microbatch 443.1336805170556 clip 392.23130829624233
cuda
Objective function 99.01 = squared loss an data 81.16 + 0.5*rho*h**2 2.310003 + alpha*h 11.775307 + L2reg 3.36 + L1reg 0.40 ; SHD = 201 ; DAG True
Proportion of microbatches that were clipped  0.8314065510597303
iteration 1 in inner loop, alpha 1732.4112655031636 rho 100000.0 h 0.006797062297991374
iteration 5 in outer loop, alpha = 8529.473563494537, rho = 1000000.0, h = 0.006797062297991374
Threshold 0.3
[[0.002 0.631 0.474 0.384 0.621 0.417 0.742 0.013 0.624 0.105 0.006 0.226
  0.01  0.137 0.214 0.236 0.023 0.233 0.016 0.174 0.037 0.494 0.288 0.543
  0.345 0.099 0.022 0.012 0.174 0.156]
 [0.004 0.003 0.316 0.009 0.076 0.078 0.103 0.004 0.24  0.016 0.001 0.042
  0.001 0.01  0.006 0.028 0.003 0.056 0.003 0.013 0.004 0.013 0.064 0.054
  0.059 0.01  0.002 0.005 0.007 0.006]
 [0.005 0.012 0.003 0.005 0.045 0.041 0.041 0.002 0.084 0.007 0.001 0.007
  0.001 0.009 0.003 0.003 0.003 0.008 0.002 0.017 0.003 0.005 0.028 0.008
  0.007 0.003 0.001 0.002 0.004 0.004]
 [0.006 0.267 0.374 0.003 0.116 0.198 0.261 0.002 0.172 0.013 0.002 0.036
  0.005 0.09  0.025 0.099 0.011 0.17  0.004 0.097 0.013 0.013 0.068 0.085
  0.295 0.018 0.007 0.013 0.04  0.016]
 [0.004 0.105 0.109 0.043 0.002 0.027 0.117 0.003 0.075 0.005 0.002 0.012
  0.002 0.005 0.005 0.012 0.002 0.004 0.004 0.008 0.004 0.02  0.068 0.011
  0.014 0.005 0.002 0.003 0.004 0.006]
 [0.003 0.065 0.129 0.016 0.174 0.001 0.227 0.002 0.251 0.013 0.001 0.013
  0.002 0.064 0.016 0.008 0.003 0.1   0.002 0.025 0.003 0.089 0.032 0.049
  0.235 0.039 0.005 0.003 0.014 0.008]
 [0.002 0.073 0.127 0.01  0.044 0.015 0.002 0.002 0.137 0.003 0.001 0.009
  0.001 0.003 0.007 0.004 0.003 0.006 0.005 0.005 0.002 0.007 0.012 0.01
  0.037 0.011 0.002 0.003 0.015 0.005]
 [0.254 0.507 0.822 0.77  0.647 0.45  0.74  0.002 0.506 0.119 0.013 0.535
  0.071 0.288 0.245 0.373 0.092 0.494 0.137 0.242 0.108 0.352 0.632 0.344
  0.56  0.16  0.015 0.109 0.364 0.429]
 [0.004 0.027 0.086 0.026 0.08  0.01  0.034 0.004 0.002 0.004 0.002 0.008
  0.002 0.003 0.004 0.009 0.004 0.008 0.003 0.012 0.004 0.016 0.021 0.009
  0.024 0.002 0.002 0.008 0.006 0.003]
 [0.065 0.282 0.623 0.325 0.493 0.297 0.681 0.028 0.656 0.005 0.006 0.099
  0.004 0.181 0.097 0.142 0.035 0.099 0.017 0.212 0.017 0.111 0.156 0.32
  0.364 0.105 0.011 0.022 0.088 0.074]
 [0.305 0.961 1.437 0.591 0.722 1.023 1.385 0.258 1.071 0.699 0.002 0.744
  0.11  0.289 0.421 0.696 0.392 0.795 0.457 0.444 0.246 0.704 0.962 0.554
  0.954 0.25  0.226 0.362 0.326 0.457]
 [0.007 0.108 0.483 0.185 0.21  0.204 0.299 0.004 0.357 0.082 0.004 0.002
  0.006 0.059 0.013 0.106 0.009 0.068 0.015 0.104 0.01  0.195 0.165 0.237
  0.237 0.043 0.005 0.014 0.033 0.047]
 [0.246 1.054 1.505 0.502 0.953 0.94  0.86  0.075 0.89  0.506 0.059 0.484
  0.002 0.361 0.288 0.339 0.459 0.641 0.342 0.447 0.434 0.577 0.767 0.426
  0.553 0.607 0.089 0.346 0.592 0.451]
 [0.046 0.301 0.782 0.058 0.494 0.085 0.698 0.007 0.602 0.092 0.014 0.122
  0.004 0.006 0.138 0.362 0.085 0.159 0.009 0.236 0.02  0.141 0.247 0.217
  0.323 0.077 0.034 0.011 0.062 0.154]
 [0.016 0.323 0.791 0.151 0.467 0.195 0.332 0.008 0.532 0.051 0.005 0.259
  0.007 0.04  0.002 0.233 0.02  0.202 0.03  0.204 0.008 0.157 0.3   0.238
  0.494 0.049 0.016 0.023 0.041 0.073]
 [0.016 0.141 0.487 0.061 0.304 0.252 0.509 0.005 0.302 0.024 0.004 0.063
  0.006 0.009 0.014 0.002 0.005 0.139 0.011 0.156 0.007 0.087 0.131 0.047
  0.201 0.024 0.006 0.011 0.02  0.022]
 [0.206 0.415 0.537 0.262 0.575 0.493 1.04  0.043 0.541 0.101 0.006 0.247
  0.005 0.067 0.175 0.294 0.001 0.317 0.033 0.202 0.019 0.289 0.304 0.703
  0.367 0.161 0.02  0.082 0.28  0.351]
 [0.013 0.127 0.272 0.026 0.295 0.05  0.338 0.005 0.288 0.061 0.002 0.084
  0.003 0.018 0.018 0.023 0.005 0.002 0.006 0.021 0.007 0.118 0.063 0.059
  0.162 0.008 0.003 0.009 0.01  0.006]
 [0.161 0.606 0.67  0.541 0.517 0.687 0.342 0.028 0.559 0.229 0.004 0.203
  0.009 0.229 0.161 0.228 0.134 0.312 0.003 0.337 0.036 0.402 0.326 0.268
  0.56  0.16  0.027 0.086 0.25  0.1  ]
 [0.016 0.225 0.258 0.042 0.271 0.186 0.391 0.011 0.281 0.026 0.005 0.071
  0.003 0.02  0.017 0.028 0.008 0.178 0.008 0.002 0.004 0.052 0.138 0.019
  0.33  0.013 0.009 0.009 0.01  0.026]
 [0.118 0.581 0.657 0.317 0.769 0.679 0.834 0.038 0.725 0.2   0.014 0.257
  0.004 0.169 0.353 0.332 0.185 0.378 0.131 0.453 0.002 0.22  0.36  0.467
  0.607 0.161 0.017 0.107 0.097 0.239]
 [0.005 0.197 0.342 0.163 0.19  0.076 0.265 0.004 0.264 0.052 0.002 0.015
  0.003 0.047 0.024 0.072 0.006 0.047 0.005 0.095 0.009 0.002 0.164 0.061
  0.263 0.027 0.005 0.011 0.018 0.018]
 [0.013 0.092 0.154 0.105 0.072 0.096 0.241 0.002 0.244 0.038 0.001 0.046
  0.002 0.027 0.007 0.029 0.007 0.095 0.009 0.042 0.009 0.019 0.003 0.034
  0.136 0.019 0.002 0.007 0.007 0.013]
 [0.004 0.106 0.299 0.054 0.244 0.11  0.228 0.006 0.257 0.005 0.002 0.015
  0.005 0.012 0.006 0.122 0.003 0.097 0.008 0.178 0.004 0.11  0.15  0.002
  0.138 0.013 0.006 0.008 0.01  0.068]
 [0.007 0.088 0.227 0.007 0.185 0.016 0.154 0.004 0.21  0.007 0.003 0.014
  0.002 0.008 0.004 0.021 0.006 0.028 0.004 0.004 0.003 0.01  0.043 0.028
  0.002 0.005 0.004 0.004 0.008 0.002]
 [0.06  0.301 0.66  0.183 0.366 0.137 0.236 0.027 0.68  0.093 0.008 0.122
  0.003 0.09  0.139 0.19  0.029 0.309 0.022 0.263 0.029 0.146 0.232 0.227
  0.403 0.002 0.037 0.031 0.081 0.175]
 [0.187 0.778 1.276 0.359 0.684 0.526 0.674 0.207 0.797 0.234 0.011 0.363
  0.075 0.128 0.182 0.391 0.183 0.526 0.141 0.26  0.193 0.461 1.217 0.324
  0.725 0.149 0.002 0.061 0.341 0.305]
 [0.237 0.464 0.995 0.309 0.695 0.35  0.606 0.043 0.39  0.176 0.006 0.218
  0.007 0.211 0.173 0.297 0.087 0.327 0.074 0.308 0.065 0.255 0.409 0.325
  0.511 0.171 0.089 0.002 0.222 0.338]
 [0.016 0.36  0.573 0.115 0.628 0.198 0.155 0.007 0.382 0.098 0.005 0.135
  0.003 0.099 0.108 0.209 0.007 0.229 0.014 0.212 0.051 0.198 0.288 0.271
  0.321 0.08  0.008 0.017 0.002 0.037]
 [0.04  0.358 0.581 0.201 0.299 0.31  0.407 0.006 0.429 0.063 0.006 0.138
  0.004 0.029 0.096 0.128 0.004 0.345 0.067 0.173 0.017 0.207 0.252 0.092
  0.527 0.029 0.009 0.011 0.146 0.002]]
[[0.    0.631 0.474 0.384 0.621 0.417 0.742 0.    0.624 0.    0.    0.
  0.    0.    0.    0.    0.    0.    0.    0.    0.    0.494 0.    0.543
  0.345 0.    0.    0.    0.    0.   ]
 [0.    0.    0.316 0.    0.    0.    0.    0.    0.    0.    0.    0.
  0.    0.    0.    0.    0.    0.    0.    0.    0.    0.    0.    0.
  0.    0.    0.    0.    0.    0.   ]
 [0.    0.    0.    0.    0.    0.    0.    0.    0.    0.    0.    0.
  0.    0.    0.    0.    0.    0.    0.    0.    0.    0.    0.    0.
  0.    0.    0.    0.    0.    0.   ]
 [0.    0.    0.374 0.    0.    0.    0.    0.    0.    0.    0.    0.
  0.    0.    0.    0.    0.    0.    0.    0.    0.    0.    0.    0.
  0.    0.    0.    0.    0.    0.   ]
 [0.    0.    0.    0.    0.    0.    0.    0.    0.    0.    0.    0.
  0.    0.    0.    0.    0.    0.    0.    0.    0.    0.    0.    0.
  0.    0.    0.    0.    0.    0.   ]
 [0.    0.    0.    0.    0.    0.    0.    0.    0.    0.    0.    0.
  0.    0.    0.    0.    0.    0.    0.    0.    0.    0.    0.    0.
  0.    0.    0.    0.    0.    0.   ]
 [0.    0.    0.    0.    0.    0.    0.    0.    0.    0.    0.    0.
  0.    0.    0.    0.    0.    0.    0.    0.    0.    0.    0.    0.
  0.    0.    0.    0.    0.    0.   ]
 [0.    0.507 0.822 0.77  0.647 0.45  0.74  0.    0.506 0.    0.    0.535
  0.    0.    0.    0.373 0.    0.494 0.    0.    0.    0.352 0.632 0.344
  0.56  0.    0.    0.    0.364 0.429]
 [0.    0.    0.    0.    0.    0.    0.    0.    0.    0.    0.    0.
  0.    0.    0.    0.    0.    0.    0.    0.    0.    0.    0.    0.
  0.    0.    0.    0.    0.    0.   ]
 [0.    0.    0.623 0.325 0.493 0.    0.681 0.    0.656 0.    0.    0.
  0.    0.    0.    0.    0.    0.    0.    0.    0.    0.    0.    0.32
  0.364 0.    0.    0.    0.    0.   ]
 [0.305 0.961 1.437 0.591 0.722 1.023 1.385 0.    1.071 0.699 0.    0.744
  0.    0.    0.421 0.696 0.392 0.795 0.457 0.444 0.    0.704 0.962 0.554
  0.954 0.    0.    0.362 0.326 0.457]
 [0.    0.    0.483 0.    0.    0.    0.    0.    0.357 0.    0.    0.
  0.    0.    0.    0.    0.    0.    0.    0.    0.    0.    0.    0.
  0.    0.    0.    0.    0.    0.   ]
 [0.    1.054 1.505 0.502 0.953 0.94  0.86  0.    0.89  0.506 0.    0.484
  0.    0.361 0.    0.339 0.459 0.641 0.342 0.447 0.434 0.577 0.767 0.426
  0.553 0.607 0.    0.346 0.592 0.451]
 [0.    0.301 0.782 0.    0.494 0.    0.698 0.    0.602 0.    0.    0.
  0.    0.    0.    0.362 0.    0.    0.    0.    0.    0.    0.    0.
  0.323 0.    0.    0.    0.    0.   ]
 [0.    0.323 0.791 0.    0.467 0.    0.332 0.    0.532 0.    0.    0.
  0.    0.    0.    0.    0.    0.    0.    0.    0.    0.    0.3   0.
  0.494 0.    0.    0.    0.    0.   ]
 [0.    0.    0.487 0.    0.304 0.    0.509 0.    0.302 0.    0.    0.
  0.    0.    0.    0.    0.    0.    0.    0.    0.    0.    0.    0.
  0.    0.    0.    0.    0.    0.   ]
 [0.    0.415 0.537 0.    0.575 0.493 1.04  0.    0.541 0.    0.    0.
  0.    0.    0.    0.    0.    0.317 0.    0.    0.    0.    0.304 0.703
  0.367 0.    0.    0.    0.    0.351]
 [0.    0.    0.    0.    0.    0.    0.338 0.    0.    0.    0.    0.
  0.    0.    0.    0.    0.    0.    0.    0.    0.    0.    0.    0.
  0.    0.    0.    0.    0.    0.   ]
 [0.    0.606 0.67  0.541 0.517 0.687 0.342 0.    0.559 0.    0.    0.
  0.    0.    0.    0.    0.    0.312 0.    0.337 0.    0.402 0.326 0.
  0.56  0.    0.    0.    0.    0.   ]
 [0.    0.    0.    0.    0.    0.    0.391 0.    0.    0.    0.    0.
  0.    0.    0.    0.    0.    0.    0.    0.    0.    0.    0.    0.
  0.33  0.    0.    0.    0.    0.   ]
 [0.    0.581 0.657 0.317 0.769 0.679 0.834 0.    0.725 0.    0.    0.
  0.    0.    0.353 0.332 0.    0.378 0.    0.453 0.    0.    0.36  0.467
  0.607 0.    0.    0.    0.    0.   ]
 [0.    0.    0.342 0.    0.    0.    0.    0.    0.    0.    0.    0.
  0.    0.    0.    0.    0.    0.    0.    0.    0.    0.    0.    0.
  0.    0.    0.    0.    0.    0.   ]
 [0.    0.    0.    0.    0.    0.    0.    0.    0.    0.    0.    0.
  0.    0.    0.    0.    0.    0.    0.    0.    0.    0.    0.    0.
  0.    0.    0.    0.    0.    0.   ]
 [0.    0.    0.    0.    0.    0.    0.    0.    0.    0.    0.    0.
  0.    0.    0.    0.    0.    0.    0.    0.    0.    0.    0.    0.
  0.    0.    0.    0.    0.    0.   ]
 [0.    0.    0.    0.    0.    0.    0.    0.    0.    0.    0.    0.
  0.    0.    0.    0.    0.    0.    0.    0.    0.    0.    0.    0.
  0.    0.    0.    0.    0.    0.   ]
 [0.    0.301 0.66  0.    0.366 0.    0.    0.    0.68  0.    0.    0.
  0.    0.    0.    0.    0.    0.309 0.    0.    0.    0.    0.    0.
  0.403 0.    0.    0.    0.    0.   ]
 [0.    0.778 1.276 0.359 0.684 0.526 0.674 0.    0.797 0.    0.    0.363
  0.    0.    0.    0.391 0.    0.526 0.    0.    0.    0.461 1.217 0.324
  0.725 0.    0.    0.    0.341 0.305]
 [0.    0.464 0.995 0.309 0.695 0.35  0.606 0.    0.39  0.    0.    0.
  0.    0.    0.    0.    0.    0.327 0.    0.308 0.    0.    0.409 0.325
  0.511 0.    0.    0.    0.    0.338]
 [0.    0.36  0.573 0.    0.628 0.    0.    0.    0.382 0.    0.    0.
  0.    0.    0.    0.    0.    0.    0.    0.    0.    0.    0.    0.
  0.321 0.    0.    0.    0.    0.   ]
 [0.    0.358 0.581 0.    0.    0.31  0.407 0.    0.429 0.    0.    0.
  0.    0.    0.    0.    0.    0.345 0.    0.    0.    0.    0.    0.
  0.527 0.    0.    0.    0.    0.   ]]
{'fdr': 0.8315789473684211, 'tpr': 0.35555555555555557, 'fpr': 0.4579710144927536, 'f1': 0.22857142857142856, 'shd': 201, 'npred': 190, 'ntrue': 90}
[6.312e-01 4.735e-01 3.842e-01 6.208e-01 4.166e-01 7.419e-01 1.322e-02
 6.243e-01 1.046e-01 5.540e-03 2.255e-01 1.047e-02 1.372e-01 2.137e-01
 2.356e-01 2.279e-02 2.326e-01 1.563e-02 1.742e-01 3.730e-02 4.945e-01
 2.885e-01 5.429e-01 3.449e-01 9.944e-02 2.237e-02 1.178e-02 1.736e-01
 1.565e-01 3.766e-03 3.160e-01 8.840e-03 7.625e-02 7.758e-02 1.032e-01
 4.043e-03 2.397e-01 1.605e-02 1.194e-03 4.246e-02 1.358e-03 1.031e-02
 6.066e-03 2.845e-02 3.150e-03 5.594e-02 3.387e-03 1.341e-02 4.099e-03
 1.341e-02 6.356e-02 5.404e-02 5.913e-02 1.015e-02 2.371e-03 4.627e-03
 7.399e-03 5.981e-03 4.505e-03 1.193e-02 4.582e-03 4.516e-02 4.134e-02
 4.119e-02 1.745e-03 8.361e-02 6.934e-03 8.122e-04 6.601e-03 1.085e-03
 8.724e-03 2.559e-03 2.942e-03 3.037e-03 7.802e-03 2.274e-03 1.682e-02
 3.094e-03 5.312e-03 2.765e-02 8.010e-03 6.614e-03 2.541e-03 1.142e-03
 2.177e-03 3.666e-03 3.550e-03 6.282e-03 2.673e-01 3.738e-01 1.161e-01
 1.977e-01 2.607e-01 2.053e-03 1.720e-01 1.264e-02 2.360e-03 3.614e-02
 5.036e-03 9.023e-02 2.498e-02 9.941e-02 1.089e-02 1.703e-01 3.508e-03
 9.744e-02 1.333e-02 1.300e-02 6.835e-02 8.547e-02 2.952e-01 1.831e-02
 7.221e-03 1.260e-02 3.994e-02 1.584e-02 4.239e-03 1.051e-01 1.090e-01
 4.325e-02 2.695e-02 1.174e-01 2.756e-03 7.484e-02 5.435e-03 1.894e-03
 1.247e-02 2.121e-03 5.206e-03 5.254e-03 1.173e-02 1.989e-03 3.908e-03
 4.083e-03 8.469e-03 3.832e-03 2.005e-02 6.805e-02 1.122e-02 1.368e-02
 5.036e-03 1.777e-03 2.644e-03 3.781e-03 5.812e-03 3.260e-03 6.550e-02
 1.286e-01 1.586e-02 1.738e-01 2.267e-01 2.469e-03 2.506e-01 1.296e-02
 1.489e-03 1.334e-02 1.506e-03 6.447e-02 1.553e-02 7.599e-03 3.237e-03
 9.975e-02 2.305e-03 2.459e-02 2.880e-03 8.879e-02 3.234e-02 4.856e-02
 2.347e-01 3.924e-02 4.617e-03 2.824e-03 1.357e-02 7.635e-03 2.313e-03
 7.259e-02 1.270e-01 9.661e-03 4.392e-02 1.520e-02 2.443e-03 1.369e-01
 2.822e-03 6.720e-04 9.356e-03 1.394e-03 2.623e-03 6.894e-03 4.201e-03
 2.784e-03 5.591e-03 5.280e-03 5.127e-03 2.401e-03 6.963e-03 1.217e-02
 9.645e-03 3.731e-02 1.092e-02 1.579e-03 2.596e-03 1.535e-02 5.139e-03
 2.537e-01 5.066e-01 8.219e-01 7.696e-01 6.468e-01 4.501e-01 7.399e-01
 5.055e-01 1.189e-01 1.307e-02 5.355e-01 7.110e-02 2.876e-01 2.455e-01
 3.731e-01 9.224e-02 4.943e-01 1.367e-01 2.418e-01 1.077e-01 3.520e-01
 6.322e-01 3.437e-01 5.602e-01 1.602e-01 1.531e-02 1.087e-01 3.644e-01
 4.290e-01 3.857e-03 2.679e-02 8.554e-02 2.593e-02 8.046e-02 1.017e-02
 3.422e-02 3.509e-03 3.588e-03 1.520e-03 7.764e-03 1.764e-03 2.769e-03
 3.875e-03 8.735e-03 3.562e-03 7.933e-03 3.069e-03 1.235e-02 4.221e-03
 1.561e-02 2.081e-02 9.155e-03 2.429e-02 1.524e-03 2.333e-03 7.605e-03
 6.087e-03 3.428e-03 6.482e-02 2.816e-01 6.233e-01 3.251e-01 4.926e-01
 2.969e-01 6.809e-01 2.819e-02 6.558e-01 5.841e-03 9.901e-02 3.856e-03
 1.808e-01 9.720e-02 1.423e-01 3.529e-02 9.927e-02 1.721e-02 2.119e-01
 1.715e-02 1.115e-01 1.563e-01 3.197e-01 3.642e-01 1.049e-01 1.050e-02
 2.163e-02 8.791e-02 7.369e-02 3.047e-01 9.612e-01 1.437e+00 5.915e-01
 7.217e-01 1.023e+00 1.385e+00 2.576e-01 1.071e+00 6.987e-01 7.443e-01
 1.096e-01 2.893e-01 4.207e-01 6.963e-01 3.924e-01 7.948e-01 4.574e-01
 4.437e-01 2.462e-01 7.042e-01 9.616e-01 5.537e-01 9.542e-01 2.501e-01
 2.258e-01 3.618e-01 3.260e-01 4.571e-01 7.337e-03 1.080e-01 4.827e-01
 1.850e-01 2.102e-01 2.036e-01 2.985e-01 4.392e-03 3.573e-01 8.234e-02
 4.028e-03 5.564e-03 5.899e-02 1.330e-02 1.058e-01 8.838e-03 6.826e-02
 1.537e-02 1.044e-01 9.549e-03 1.950e-01 1.650e-01 2.373e-01 2.368e-01
 4.315e-02 5.472e-03 1.384e-02 3.334e-02 4.696e-02 2.463e-01 1.054e+00
 1.505e+00 5.023e-01 9.529e-01 9.396e-01 8.597e-01 7.542e-02 8.899e-01
 5.063e-01 5.881e-02 4.839e-01 3.608e-01 2.884e-01 3.386e-01 4.587e-01
 6.409e-01 3.419e-01 4.473e-01 4.341e-01 5.769e-01 7.674e-01 4.263e-01
 5.525e-01 6.066e-01 8.871e-02 3.461e-01 5.915e-01 4.514e-01 4.597e-02
 3.015e-01 7.817e-01 5.791e-02 4.944e-01 8.454e-02 6.976e-01 7.175e-03
 6.020e-01 9.154e-02 1.355e-02 1.215e-01 4.483e-03 1.381e-01 3.617e-01
 8.452e-02 1.586e-01 8.960e-03 2.355e-01 2.013e-02 1.407e-01 2.471e-01
 2.168e-01 3.225e-01 7.697e-02 3.441e-02 1.091e-02 6.216e-02 1.536e-01
 1.634e-02 3.230e-01 7.913e-01 1.508e-01 4.670e-01 1.951e-01 3.322e-01
 8.122e-03 5.324e-01 5.128e-02 5.044e-03 2.592e-01 6.954e-03 3.953e-02
 2.330e-01 2.038e-02 2.024e-01 3.002e-02 2.039e-01 7.819e-03 1.574e-01
 3.003e-01 2.384e-01 4.937e-01 4.946e-02 1.605e-02 2.345e-02 4.112e-02
 7.266e-02 1.618e-02 1.414e-01 4.870e-01 6.133e-02 3.043e-01 2.522e-01
 5.092e-01 4.579e-03 3.016e-01 2.450e-02 3.592e-03 6.278e-02 6.346e-03
 8.854e-03 1.385e-02 4.965e-03 1.394e-01 1.140e-02 1.565e-01 6.931e-03
 8.657e-02 1.312e-01 4.686e-02 2.009e-01 2.386e-02 6.163e-03 1.087e-02
 2.035e-02 2.230e-02 2.057e-01 4.150e-01 5.373e-01 2.619e-01 5.749e-01
 4.933e-01 1.040e+00 4.345e-02 5.409e-01 1.008e-01 5.756e-03 2.472e-01
 5.311e-03 6.724e-02 1.755e-01 2.943e-01 3.173e-01 3.284e-02 2.019e-01
 1.887e-02 2.893e-01 3.045e-01 7.033e-01 3.672e-01 1.615e-01 2.007e-02
 8.218e-02 2.800e-01 3.508e-01 1.272e-02 1.265e-01 2.720e-01 2.593e-02
 2.946e-01 5.040e-02 3.379e-01 4.717e-03 2.884e-01 6.136e-02 1.959e-03
 8.430e-02 2.995e-03 1.850e-02 1.758e-02 2.313e-02 4.743e-03 5.537e-03
 2.082e-02 7.475e-03 1.183e-01 6.322e-02 5.909e-02 1.623e-01 7.632e-03
 3.087e-03 9.287e-03 9.856e-03 5.607e-03 1.614e-01 6.056e-01 6.697e-01
 5.405e-01 5.172e-01 6.866e-01 3.424e-01 2.848e-02 5.585e-01 2.289e-01
 4.484e-03 2.033e-01 8.676e-03 2.288e-01 1.613e-01 2.275e-01 1.344e-01
 3.116e-01 3.372e-01 3.620e-02 4.025e-01 3.257e-01 2.677e-01 5.601e-01
 1.595e-01 2.706e-02 8.625e-02 2.505e-01 9.981e-02 1.625e-02 2.248e-01
 2.575e-01 4.199e-02 2.715e-01 1.856e-01 3.909e-01 1.053e-02 2.806e-01
 2.577e-02 5.453e-03 7.087e-02 3.183e-03 1.970e-02 1.683e-02 2.838e-02
 8.250e-03 1.783e-01 8.044e-03 4.459e-03 5.207e-02 1.377e-01 1.893e-02
 3.299e-01 1.286e-02 9.063e-03 8.625e-03 1.046e-02 2.562e-02 1.181e-01
 5.805e-01 6.574e-01 3.167e-01 7.688e-01 6.794e-01 8.343e-01 3.793e-02
 7.251e-01 2.005e-01 1.368e-02 2.574e-01 4.217e-03 1.693e-01 3.535e-01
 3.321e-01 1.854e-01 3.781e-01 1.312e-01 4.530e-01 2.195e-01 3.603e-01
 4.672e-01 6.075e-01 1.611e-01 1.703e-02 1.070e-01 9.705e-02 2.386e-01
 4.592e-03 1.974e-01 3.419e-01 1.634e-01 1.904e-01 7.640e-02 2.648e-01
 4.332e-03 2.636e-01 5.241e-02 2.382e-03 1.492e-02 2.554e-03 4.718e-02
 2.384e-02 7.192e-02 6.215e-03 4.656e-02 5.364e-03 9.530e-02 9.189e-03
 1.640e-01 6.054e-02 2.625e-01 2.677e-02 5.052e-03 1.138e-02 1.793e-02
 1.844e-02 1.282e-02 9.215e-02 1.540e-01 1.054e-01 7.213e-02 9.585e-02
 2.408e-01 1.800e-03 2.443e-01 3.831e-02 1.388e-03 4.600e-02 2.119e-03
 2.715e-02 7.451e-03 2.889e-02 6.845e-03 9.465e-02 9.139e-03 4.150e-02
 8.759e-03 1.870e-02 3.402e-02 1.363e-01 1.948e-02 1.554e-03 6.558e-03
 6.763e-03 1.336e-02 3.882e-03 1.056e-01 2.987e-01 5.429e-02 2.435e-01
 1.099e-01 2.283e-01 5.527e-03 2.571e-01 4.836e-03 2.113e-03 1.491e-02
 4.602e-03 1.163e-02 5.905e-03 1.218e-01 3.251e-03 9.741e-02 7.743e-03
 1.780e-01 4.493e-03 1.095e-01 1.500e-01 1.383e-01 1.341e-02 5.831e-03
 7.912e-03 1.014e-02 6.804e-02 7.259e-03 8.806e-02 2.270e-01 6.933e-03
 1.853e-01 1.570e-02 1.536e-01 3.990e-03 2.100e-01 7.110e-03 2.705e-03
 1.360e-02 1.813e-03 7.545e-03 4.364e-03 2.139e-02 5.762e-03 2.776e-02
 3.825e-03 3.978e-03 2.712e-03 1.027e-02 4.256e-02 2.846e-02 4.571e-03
 4.084e-03 3.814e-03 7.707e-03 1.612e-03 5.999e-02 3.009e-01 6.595e-01
 1.826e-01 3.661e-01 1.371e-01 2.359e-01 2.684e-02 6.802e-01 9.312e-02
 7.682e-03 1.218e-01 2.666e-03 8.954e-02 1.391e-01 1.895e-01 2.851e-02
 3.090e-01 2.152e-02 2.631e-01 2.869e-02 1.459e-01 2.319e-01 2.267e-01
 4.031e-01 3.676e-02 3.051e-02 8.135e-02 1.749e-01 1.873e-01 7.779e-01
 1.276e+00 3.592e-01 6.844e-01 5.259e-01 6.738e-01 2.068e-01 7.968e-01
 2.342e-01 1.094e-02 3.629e-01 7.545e-02 1.280e-01 1.821e-01 3.908e-01
 1.827e-01 5.260e-01 1.410e-01 2.598e-01 1.931e-01 4.614e-01 1.217e+00
 3.236e-01 7.254e-01 1.485e-01 6.083e-02 3.406e-01 3.048e-01 2.374e-01
 4.638e-01 9.954e-01 3.089e-01 6.949e-01 3.504e-01 6.057e-01 4.311e-02
 3.902e-01 1.762e-01 5.522e-03 2.176e-01 7.151e-03 2.114e-01 1.728e-01
 2.966e-01 8.675e-02 3.270e-01 7.400e-02 3.084e-01 6.528e-02 2.555e-01
 4.094e-01 3.249e-01 5.110e-01 1.707e-01 8.949e-02 2.220e-01 3.376e-01
 1.599e-02 3.597e-01 5.727e-01 1.152e-01 6.285e-01 1.979e-01 1.554e-01
 7.265e-03 3.818e-01 9.843e-02 4.533e-03 1.350e-01 3.117e-03 9.877e-02
 1.082e-01 2.086e-01 6.914e-03 2.287e-01 1.383e-02 2.121e-01 5.116e-02
 1.980e-01 2.884e-01 2.713e-01 3.214e-01 7.990e-02 7.578e-03 1.712e-02
 3.693e-02 3.977e-02 3.580e-01 5.810e-01 2.005e-01 2.992e-01 3.095e-01
 4.073e-01 5.583e-03 4.293e-01 6.266e-02 6.242e-03 1.378e-01 4.393e-03
 2.852e-02 9.614e-02 1.283e-01 4.292e-03 3.452e-01 6.743e-02 1.730e-01
 1.686e-02 2.070e-01 2.524e-01 9.233e-02 5.270e-01 2.873e-02 8.805e-03
 1.052e-02 1.455e-01]
[[0. 0. 0. 1. 0. 0. 0. 0. 0. 0. 0. 0. 0. 0. 0. 0. 0. 0. 1. 0. 0. 0. 1. 0.
  0. 0. 0. 0. 0. 0.]
 [1. 0. 0. 0. 0. 0. 0. 0. 0. 0. 0. 0. 0. 0. 0. 1. 0. 0. 1. 0. 0. 0. 0. 0.
  0. 0. 1. 0. 0. 0.]
 [0. 0. 0. 0. 0. 0. 0. 0. 0. 0. 0. 0. 0. 0. 0. 0. 0. 0. 0. 0. 0. 0. 0. 0.
  0. 0. 0. 0. 0. 0.]
 [0. 0. 0. 0. 0. 0. 0. 0. 0. 0. 0. 0. 0. 0. 0. 1. 0. 0. 1. 1. 0. 0. 0. 0.
  0. 0. 0. 0. 0. 0.]
 [0. 0. 0. 0. 0. 0. 0. 0. 0. 0. 0. 0. 0. 0. 0. 0. 0. 0. 0. 0. 0. 0. 0. 0.
  0. 0. 0. 0. 0. 0.]
 [0. 0. 0. 0. 0. 0. 0. 0. 0. 0. 0. 0. 0. 0. 0. 0. 0. 0. 1. 1. 0. 0. 0. 0.
  0. 0. 0. 0. 1. 0.]
 [0. 0. 0. 0. 0. 0. 0. 0. 0. 0. 0. 0. 0. 0. 0. 0. 0. 0. 1. 0. 0. 0. 0. 0.
  0. 0. 0. 0. 0. 0.]
 [1. 0. 0. 0. 0. 1. 0. 0. 0. 0. 0. 0. 0. 0. 0. 0. 0. 0. 0. 1. 0. 0. 0. 0.
  0. 0. 0. 0. 0. 0.]
 [0. 0. 0. 0. 0. 0. 1. 0. 0. 0. 0. 0. 0. 0. 0. 0. 0. 0. 0. 1. 0. 0. 0. 0.
  0. 0. 1. 0. 0. 0.]
 [0. 0. 0. 1. 0. 0. 0. 1. 0. 0. 0. 0. 0. 1. 0. 0. 0. 0. 0. 0. 0. 0. 0. 0.
  0. 0. 0. 0. 0. 0.]
 [1. 0. 0. 1. 0. 0. 0. 0. 0. 0. 0. 0. 0. 0. 0. 1. 0. 0. 0. 0. 1. 1. 1. 0.
  0. 0. 0. 0. 0. 0.]
 [0. 0. 0. 0. 0. 0. 0. 0. 0. 0. 0. 0. 0. 0. 0. 0. 0. 0. 0. 0. 0. 0. 1. 0.
  0. 0. 0. 0. 0. 0.]
 [1. 1. 0. 0. 0. 1. 1. 0. 0. 0. 0. 0. 0. 0. 0. 0. 0. 0. 1. 0. 0. 0. 0. 0.
  0. 1. 0. 0. 1. 0.]
 [1. 1. 1. 0. 0. 0. 0. 1. 0. 0. 0. 1. 0. 0. 0. 0. 0. 0. 0. 1. 0. 0. 0. 0.
  0. 0. 0. 0. 0. 0.]
 [0. 0. 1. 0. 0. 0. 1. 0. 0. 0. 0. 0. 0. 0. 0. 1. 0. 0. 0. 1. 0. 0. 0. 0.
  0. 0. 0. 0. 0. 0.]
 [0. 0. 0. 0. 0. 0. 0. 0. 0. 0. 0. 0. 0. 0. 0. 0. 0. 0. 0. 0. 0. 0. 0. 0.
  0. 0. 0. 0. 0. 0.]
 [0. 0. 1. 0. 0. 0. 1. 0. 0. 0. 0. 0. 1. 0. 0. 0. 0. 0. 0. 1. 0. 0. 0. 0.
  0. 0. 1. 0. 0. 1.]
 [0. 0. 0. 1. 1. 0. 0. 0. 1. 0. 0. 0. 0. 0. 0. 1. 0. 0. 0. 0. 0. 0. 0. 0.
  0. 0. 0. 0. 1. 0.]
 [0. 0. 0. 0. 0. 0. 0. 0. 0. 0. 0. 0. 0. 0. 0. 0. 0. 0. 0. 0. 0. 0. 0. 0.
  0. 0. 0. 0. 0. 0.]
 [0. 0. 0. 0. 0. 0. 0. 0. 0. 0. 0. 0. 0. 0. 0. 0. 0. 0. 0. 0. 0. 0. 0. 0.
  0. 0. 0. 0. 1. 0.]
 [1. 1. 1. 0. 1. 0. 0. 0. 0. 0. 0. 1. 0. 0. 0. 0. 0. 0. 0. 1. 0. 0. 0. 0.
  0. 0. 0. 0. 0. 0.]
 [1. 0. 0. 0. 0. 0. 0. 0. 0. 0. 0. 0. 0. 0. 0. 0. 0. 0. 0. 0. 0. 0. 0. 0.
  0. 0. 0. 0. 0. 0.]
 [0. 0. 0. 0. 0. 0. 0. 0. 0. 0. 0. 0. 0. 0. 0. 0. 0. 0. 0. 0. 0. 0. 0. 0.
  0. 0. 0. 0. 0. 0.]
 [1. 0. 0. 0. 0. 0. 0. 0. 0. 0. 0. 0. 0. 0. 0. 0. 0. 0. 0. 0. 0. 0. 0. 0.
  0. 0. 0. 0. 0. 0.]
 [0. 0. 0. 0. 0. 1. 0. 0. 0. 1. 1. 0. 0. 0. 0. 0. 0. 1. 0. 0. 0. 0. 1. 0.
  0. 1. 0. 0. 1. 0.]
 [0. 0. 0. 0. 0. 1. 0. 0. 0. 0. 0. 0. 0. 0. 0. 0. 0. 0. 0. 0. 0. 0. 0. 1.
  0. 0. 1. 0. 1. 1.]
 [0. 0. 0. 0. 0. 0. 0. 0. 0. 0. 0. 0. 0. 0. 0. 0. 0. 0. 1. 0. 0. 0. 1. 0.
  0. 0. 0. 0. 1. 0.]
 [0. 0. 0. 0. 1. 0. 0. 1. 0. 0. 0. 1. 0. 0. 0. 0. 0. 1. 0. 0. 0. 0. 0. 1.
  0. 0. 0. 0. 0. 0.]
 [0. 0. 0. 0. 0. 0. 0. 0. 0. 0. 0. 0. 0. 0. 0. 0. 0. 0. 0. 0. 0. 0. 0. 0.
  0. 0. 0. 0. 0. 0.]
 [0. 0. 1. 0. 0. 0. 0. 0. 0. 0. 0. 0. 0. 0. 0. 0. 0. 1. 0. 0. 0. 0. 0. 0.
  0. 0. 1. 0. 0. 0.]]
[0. 0. 1. 0. 0. 0. 0. 0. 0. 0. 0. 0. 0. 0. 0. 0. 0. 1. 0. 0. 0. 1. 0. 0.
 0. 0. 0. 0. 0. 1. 0. 0. 0. 0. 0. 0. 0. 0. 0. 0. 0. 0. 0. 1. 0. 0. 1. 0.
 0. 0. 0. 0. 0. 0. 1. 0. 0. 0. 0. 0. 0. 0. 0. 0. 0. 0. 0. 0. 0. 0. 0. 0.
 0. 0. 0. 0. 0. 0. 0. 0. 0. 0. 0. 0. 0. 0. 0. 0. 0. 0. 0. 0. 0. 0. 0. 0.
 0. 0. 0. 0. 0. 1. 0. 0. 1. 1. 0. 0. 0. 0. 0. 0. 0. 0. 0. 0. 0. 0. 0. 0.
 0. 0. 0. 0. 0. 0. 0. 0. 0. 0. 0. 0. 0. 0. 0. 0. 0. 0. 0. 0. 0. 0. 0. 0.
 0. 0. 0. 0. 0. 0. 0. 0. 0. 0. 0. 0. 0. 0. 0. 0. 0. 0. 1. 1. 0. 0. 0. 0.
 0. 0. 0. 0. 1. 0. 0. 0. 0. 0. 0. 0. 0. 0. 0. 0. 0. 0. 0. 0. 0. 0. 0. 1.
 0. 0. 0. 0. 0. 0. 0. 0. 0. 0. 0. 1. 0. 0. 0. 0. 1. 0. 0. 0. 0. 0. 0. 0.
 0. 0. 0. 0. 0. 1. 0. 0. 0. 0. 0. 0. 0. 0. 0. 0. 0. 0. 0. 0. 0. 0. 1. 0.
 0. 0. 0. 0. 0. 0. 0. 0. 0. 0. 1. 0. 0. 0. 0. 0. 0. 1. 0. 0. 0. 0. 0. 0.
 1. 0. 0. 0. 1. 0. 0. 0. 0. 1. 0. 0. 0. 0. 0. 0. 0. 0. 0. 0. 0. 0. 0. 0.
 0. 0. 1. 0. 0. 1. 0. 0. 0. 0. 0. 0. 0. 0. 0. 0. 1. 0. 0. 0. 0. 1. 1. 1.
 0. 0. 0. 0. 0. 0. 0. 0. 0. 0. 0. 0. 0. 0. 0. 0. 0. 0. 0. 0. 0. 0. 0. 0.
 0. 0. 0. 0. 1. 0. 0. 0. 0. 0. 0. 0. 1. 1. 0. 0. 0. 1. 1. 0. 0. 0. 0. 0.
 0. 0. 0. 0. 0. 1. 0. 0. 0. 0. 0. 0. 1. 0. 0. 1. 0. 1. 1. 1. 0. 0. 0. 0.
 1. 0. 0. 0. 1. 0. 0. 0. 0. 0. 0. 1. 0. 0. 0. 0. 0. 0. 0. 0. 0. 0. 0. 0.
 1. 0. 0. 0. 1. 0. 0. 0. 0. 0. 0. 0. 1. 0. 0. 0. 1. 0. 0. 0. 0. 0. 0. 0.
 0. 0. 0. 0. 0. 0. 0. 0. 0. 0. 0. 0. 0. 0. 0. 0. 0. 0. 0. 0. 0. 0. 0. 0.
 0. 0. 0. 0. 0. 0. 0. 0. 0. 0. 1. 0. 0. 0. 1. 0. 0. 0. 0. 0. 1. 0. 0. 0.
 0. 0. 1. 0. 0. 0. 0. 0. 0. 1. 0. 0. 1. 0. 0. 0. 1. 1. 0. 0. 0. 1. 0. 0.
 0. 0. 0. 0. 1. 0. 0. 0. 0. 0. 0. 0. 0. 0. 0. 0. 1. 0. 0. 0. 0. 0. 0. 0.
 0. 0. 0. 0. 0. 0. 0. 0. 0. 0. 0. 0. 0. 0. 0. 0. 0. 0. 0. 0. 0. 0. 0. 0.
 0. 0. 0. 0. 0. 0. 0. 0. 0. 0. 0. 0. 0. 0. 0. 0. 0. 0. 0. 0. 0. 0. 0. 0.
 0. 0. 1. 0. 1. 1. 1. 0. 1. 0. 0. 0. 0. 0. 0. 1. 0. 0. 0. 0. 0. 0. 0. 1.
 0. 0. 0. 0. 0. 0. 0. 0. 0. 1. 0. 0. 0. 0. 0. 0. 0. 0. 0. 0. 0. 0. 0. 0.
 0. 0. 0. 0. 0. 0. 0. 0. 0. 0. 0. 0. 0. 0. 0. 0. 0. 0. 0. 0. 0. 0. 0. 0.
 0. 0. 0. 0. 0. 0. 0. 0. 0. 0. 0. 0. 0. 0. 0. 0. 0. 0. 0. 1. 0. 0. 0. 0.
 0. 0. 0. 0. 0. 0. 0. 0. 0. 0. 0. 0. 0. 0. 0. 0. 0. 0. 0. 0. 0. 0. 0. 0.
 0. 0. 0. 0. 0. 1. 0. 0. 0. 1. 1. 0. 0. 0. 0. 0. 0. 1. 0. 0. 0. 0. 1. 0.
 1. 0. 0. 1. 0. 0. 0. 0. 0. 0. 1. 0. 0. 0. 0. 0. 0. 0. 0. 0. 0. 0. 0. 0.
 0. 0. 0. 0. 1. 0. 1. 0. 1. 1. 0. 0. 0. 0. 0. 0. 0. 0. 0. 0. 0. 0. 0. 0.
 0. 0. 0. 0. 1. 0. 0. 0. 1. 0. 0. 0. 0. 1. 0. 0. 0. 0. 0. 1. 0. 0. 1. 0.
 0. 0. 1. 0. 0. 0. 0. 0. 1. 0. 0. 0. 0. 0. 1. 0. 0. 0. 0. 0. 0. 0. 0. 0.
 0. 0. 0. 0. 0. 0. 0. 0. 0. 0. 0. 0. 0. 0. 0. 0. 0. 0. 0. 0. 0. 0. 0. 0.
 0. 0. 0. 1. 0. 0. 0. 0. 0. 0. 0. 0. 0. 0. 0. 0. 0. 0. 1. 0. 0. 0. 0. 0.
 0. 0. 0. 1. 0. 0.]
aucroc, aucpr (0.6010256410256409, 0.17058966205991996)
Iterations 2500
Achieves (3.6993101023104464, 1e-05)-DP
