samples  5000  graph  30 60 ER mim  minibatch size  100  noise  1.0  minibatches per NN training  63 quantile adaptive clipping
cuda
cuda
iteration 1 in inner loop,alpha 0.0 rho 1.0 h 2.144444827137683
iteration 1 in outer loop, alpha = 2.144444827137683, rho = 1.0, h = 2.144444827137683
cuda
iteration 1 in inner loop,alpha 2.144444827137683 rho 1.0 h 1.3256466874605835
iteration 2 in inner loop,alpha 2.144444827137683 rho 10.0 h 0.5131010328032026
iteration 2 in outer loop, alpha = 7.275455155169709, rho = 10.0, h = 0.5131010328032026
cuda
iteration 1 in inner loop,alpha 7.275455155169709 rho 10.0 h 0.28442514981965417
iteration 2 in inner loop,alpha 7.275455155169709 rho 100.0 h 0.09715192687506402
iteration 3 in outer loop, alpha = 16.99064784267611, rho = 100.0, h = 0.09715192687506402
cuda
iteration 1 in inner loop,alpha 16.99064784267611 rho 100.0 h 0.05567954661507457
iteration 2 in inner loop,alpha 16.99064784267611 rho 1000.0 h 0.016102444310256203
iteration 4 in outer loop, alpha = 33.093092152932314, rho = 1000.0, h = 0.016102444310256203
cuda
iteration 1 in inner loop,alpha 33.093092152932314 rho 1000.0 h 0.007329669736584776
iteration 2 in inner loop,alpha 33.093092152932314 rho 10000.0 h 0.002306088697302755
iteration 5 in outer loop, alpha = 56.153979125959864, rho = 10000.0, h = 0.002306088697302755
cuda
iteration 1 in inner loop,alpha 56.153979125959864 rho 10000.0 h 0.0010046349781056563
iteration 2 in inner loop,alpha 56.153979125959864 rho 100000.0 h 0.00038647918070111587
iteration 6 in outer loop, alpha = 94.80189719607145, rho = 100000.0, h = 0.00038647918070111587
cuda
iteration 1 in inner loop,alpha 94.80189719607145 rho 100000.0 h 0.00022677568423290495
iteration 7 in outer loop, alpha = 321.5775814289764, rho = 1000000.0, h = 0.00022677568423290495
Threshold 0.3
[[0.    0.002 0.102 0.045 0.057 0.006 0.114 0.024 0.058 0.348 0.002 0.074
  0.004 0.004 0.004 0.108 0.004 0.046 0.053 0.878 0.041 0.004 0.154 0.022
  0.001 0.035 0.037 0.017 0.024 0.018]
 [0.002 0.    0.023 0.008 0.013 0.681 1.879 0.09  0.114 0.007 0.004 0.036
  0.007 0.002 0.002 0.041 0.003 0.072 0.031 0.053 0.008 0.005 0.103 0.053
  0.006 0.012 0.037 0.081 0.085 0.032]
 [0.    0.    0.004 0.009 0.107 0.002 0.069 0.049 0.001 0.    0.001 0.
  0.    0.001 0.    0.049 0.    0.002 0.053 0.121 0.    0.001 0.008 0.012
  0.    0.    0.009 0.013 0.022 0.005]
 [0.    0.    0.006 0.003 0.024 0.003 0.023 0.    0.001 0.    0.    0.001
  0.    0.    0.    0.021 0.    0.    0.003 0.06  0.001 0.    0.005 0.001
  0.001 0.    0.001 0.    0.059 0.001]
 [0.001 0.001 0.003 0.005 0.003 0.003 0.014 0.009 0.002 0.    0.    0.001
  0.    0.    0.    0.016 0.    0.001 0.003 0.173 0.    0.    0.01  0.003
  0.    0.    0.001 0.008 0.014 0.001]
 [0.002 0.    0.051 0.042 0.017 0.003 0.048 0.05  0.083 0.    0.    0.094
  0.    0.002 0.    0.003 0.    0.005 0.006 0.83  0.001 0.    0.032 0.011
  0.    0.001 0.066 0.004 0.004 0.001]
 [0.    0.    0.011 0.027 0.025 0.003 0.003 0.018 0.007 0.001 0.    0.001
  0.    0.001 0.002 0.036 0.    0.003 0.01  0.092 0.003 0.001 0.099 0.041
  0.    0.002 0.013 0.009 0.021 0.002]
 [0.    0.    0.009 1.477 0.01  0.012 0.03  0.003 0.003 0.    0.    0.002
  0.    0.    0.    0.02  0.002 0.    0.005 0.008 0.002 0.    0.088 0.003
  0.    0.    0.007 0.    0.046 0.002]
 [0.    0.001 0.053 0.006 0.044 0.006 0.041 0.037 0.003 0.001 0.    0.061
  0.    0.001 0.    0.046 0.    0.069 0.749 1.088 0.    0.001 1.708 0.062
  0.001 0.002 0.054 0.002 0.055 0.009]
 [0.    0.002 0.123 0.14  0.03  1.138 0.054 0.643 0.086 0.    0.    2.529
  0.002 0.004 0.003 0.12  0.002 0.006 0.033 0.101 0.008 0.002 0.017 0.005
  0.002 0.012 0.939 0.021 0.011 0.02 ]
 [0.003 0.001 0.033 0.185 0.035 0.013 0.09  0.079 0.903 0.017 0.    0.035
  0.005 0.005 0.029 0.078 0.002 0.08  0.064 0.102 0.053 0.015 0.026 0.065
  0.003 0.038 0.073 4.127 0.041 0.013]
 [0.    0.002 4.323 0.009 0.03  0.006 0.019 0.054 0.012 0.    0.    0.002
  0.    0.001 0.    0.069 0.001 0.015 0.041 0.149 0.002 0.002 0.029 0.059
  0.002 0.001 0.603 0.022 0.027 0.007]
 [0.002 0.002 0.006 0.053 0.048 0.009 1.878 0.013 1.169 0.021 0.004 0.051
  0.    0.004 0.005 0.049 0.004 0.09  0.01  0.01  0.022 0.022 0.094 0.307
  0.002 0.039 0.63  0.038 0.022 3.059]
 [0.001 0.004 0.08  0.004 1.229 0.046 0.023 0.134 0.062 0.006 0.002 0.065
  0.003 0.    0.006 0.032 0.003 0.949 0.025 1.34  0.02  0.001 0.034 0.034
  0.001 0.007 0.521 0.068 0.012 0.007]
 [0.002 0.003 0.031 0.058 0.06  0.058 0.038 0.11  0.049 0.007 0.002 1.797
  0.002 0.002 0.    0.013 0.003 0.204 0.023 0.007 0.02  0.009 0.111 0.725
  0.006 3.169 0.032 0.014 0.122 0.057]
 [0.    0.    0.011 0.004 0.054 0.002 0.004 0.011 0.    0.    0.    0.
  0.    0.    0.    0.003 0.    0.    0.003 0.008 0.    0.    0.001 0.
  0.    0.    0.    0.001 0.004 0.001]
 [0.002 0.003 2.566 0.093 0.089 0.02  0.034 0.016 0.448 0.004 0.002 0.009
  0.002 0.003 0.004 0.038 0.    0.106 0.007 0.035 2.873 0.403 0.116 0.02
  0.003 0.005 0.087 0.051 0.074 0.042]
 [0.002 0.001 0.015 0.059 1.536 0.103 0.02  1.126 0.002 0.002 0.    0.009
  0.    0.    0.    0.06  0.    0.004 0.01  0.109 0.004 0.    0.018 0.009
  0.    0.001 1.022 0.011 0.214 0.002]
 [0.001 0.001 0.008 0.023 0.02  0.006 0.005 0.031 0.001 0.002 0.001 0.001
  0.    0.    0.    0.024 0.    0.069 0.003 0.002 0.    0.    0.017 0.001
  0.    0.    0.047 0.007 0.032 0.001]
 [0.    0.    0.005 0.006 0.001 0.001 0.008 0.001 0.001 0.    0.    0.
  0.    0.    0.    0.016 0.    0.001 0.055 0.003 0.    0.    0.056 0.011
  0.    0.001 0.027 0.003 0.009 0.001]
 [0.002 0.001 0.033 0.005 0.006 0.839 0.015 0.03  1.707 0.002 0.    0.065
  0.002 0.002 0.003 0.013 0.    0.087 0.024 0.083 0.002 0.002 0.009 0.03
  0.001 0.016 0.02  0.013 2.13  0.033]
 [0.002 0.002 0.039 1.34  1.125 0.027 0.051 0.119 0.234 0.004 0.002 0.035
  0.002 0.002 0.005 0.045 0.    0.759 0.071 0.066 0.325 0.001 0.094 0.188
  0.001 0.028 0.086 0.049 1.579 2.038]
 [0.001 0.002 0.002 0.108 0.052 0.002 0.001 0.01  0.    0.001 0.    0.003
  0.    0.001 0.    1.074 0.    0.003 0.027 0.004 0.    0.    0.004 0.
  0.    0.    0.002 0.    0.006 0.   ]
 [0.001 0.001 0.009 0.615 0.001 0.022 0.013 0.099 0.013 0.001 0.    0.006
  0.    0.004 0.    0.115 0.    0.044 1.172 0.025 0.006 0.    2.49  0.003
  0.    0.    0.678 0.006 0.178 0.001]
 [0.002 0.001 0.06  0.076 0.017 0.1   1.494 0.029 0.007 0.033 0.003 0.017
  0.006 0.003 0.002 0.109 0.003 0.063 0.066 0.061 0.039 0.068 1.746 0.038
  0.    0.032 0.029 0.061 0.014 0.053]
 [0.003 0.003 0.048 0.062 0.175 0.038 0.01  2.533 0.042 0.006 0.    0.291
  0.003 0.001 0.    0.038 0.004 1.289 0.078 0.037 0.007 0.004 0.121 1.553
  0.003 0.002 0.095 0.03  2.217 0.064]
 [0.001 0.    0.058 0.011 0.173 0.005 0.026 0.065 0.01  0.    0.002 0.001
  0.    0.    0.    2.245 0.001 0.001 0.013 0.025 0.002 0.    0.092 0.002
  0.001 0.    0.004 0.008 0.05  0.001]
 [0.002 0.002 0.037 0.091 0.007 0.035 0.028 1.366 0.151 0.001 0.    0.007
  0.003 0.002 0.001 0.022 0.002 0.033 0.04  0.055 0.043 0.006 0.008 0.018
  0.001 0.015 0.015 0.003 0.024 0.014]
 [0.    0.001 0.036 0.003 0.05  0.111 0.017 0.006 0.015 0.    0.001 0.003
  0.001 0.    0.    0.048 0.    0.002 0.015 0.058 0.    0.    0.048 0.002
  0.    0.    0.006 0.002 0.002 0.002]
 [0.    0.001 0.031 0.078 0.062 0.616 0.201 0.047 0.036 0.003 0.002 0.026
  0.    0.002 0.    0.067 0.    0.226 1.016 0.039 0.01  0.    0.06  0.348
  0.    0.001 0.028 0.015 0.069 0.002]]
[[0.    0.    0.    0.    0.    0.    0.    0.    0.    0.348 0.    0.
  0.    0.    0.    0.    0.    0.    0.    0.878 0.    0.    0.    0.
  0.    0.    0.    0.    0.    0.   ]
 [0.    0.    0.    0.    0.    0.681 1.879 0.    0.    0.    0.    0.
  0.    0.    0.    0.    0.    0.    0.    0.    0.    0.    0.    0.
  0.    0.    0.    0.    0.    0.   ]
 [0.    0.    0.    0.    0.    0.    0.    0.    0.    0.    0.    0.
  0.    0.    0.    0.    0.    0.    0.    0.    0.    0.    0.    0.
  0.    0.    0.    0.    0.    0.   ]
 [0.    0.    0.    0.    0.    0.    0.    0.    0.    0.    0.    0.
  0.    0.    0.    0.    0.    0.    0.    0.    0.    0.    0.    0.
  0.    0.    0.    0.    0.    0.   ]
 [0.    0.    0.    0.    0.    0.    0.    0.    0.    0.    0.    0.
  0.    0.    0.    0.    0.    0.    0.    0.    0.    0.    0.    0.
  0.    0.    0.    0.    0.    0.   ]
 [0.    0.    0.    0.    0.    0.    0.    0.    0.    0.    0.    0.
  0.    0.    0.    0.    0.    0.    0.    0.83  0.    0.    0.    0.
  0.    0.    0.    0.    0.    0.   ]
 [0.    0.    0.    0.    0.    0.    0.    0.    0.    0.    0.    0.
  0.    0.    0.    0.    0.    0.    0.    0.    0.    0.    0.    0.
  0.    0.    0.    0.    0.    0.   ]
 [0.    0.    0.    1.477 0.    0.    0.    0.    0.    0.    0.    0.
  0.    0.    0.    0.    0.    0.    0.    0.    0.    0.    0.    0.
  0.    0.    0.    0.    0.    0.   ]
 [0.    0.    0.    0.    0.    0.    0.    0.    0.    0.    0.    0.
  0.    0.    0.    0.    0.    0.    0.749 1.088 0.    0.    1.708 0.
  0.    0.    0.    0.    0.    0.   ]
 [0.    0.    0.    0.    0.    1.138 0.    0.643 0.    0.    0.    2.529
  0.    0.    0.    0.    0.    0.    0.    0.    0.    0.    0.    0.
  0.    0.    0.939 0.    0.    0.   ]
 [0.    0.    0.    0.    0.    0.    0.    0.    0.903 0.    0.    0.
  0.    0.    0.    0.    0.    0.    0.    0.    0.    0.    0.    0.
  0.    0.    0.    4.127 0.    0.   ]
 [0.    0.    4.323 0.    0.    0.    0.    0.    0.    0.    0.    0.
  0.    0.    0.    0.    0.    0.    0.    0.    0.    0.    0.    0.
  0.    0.    0.603 0.    0.    0.   ]
 [0.    0.    0.    0.    0.    0.    1.878 0.    1.169 0.    0.    0.
  0.    0.    0.    0.    0.    0.    0.    0.    0.    0.    0.    0.307
  0.    0.    0.63  0.    0.    3.059]
 [0.    0.    0.    0.    1.229 0.    0.    0.    0.    0.    0.    0.
  0.    0.    0.    0.    0.    0.949 0.    1.34  0.    0.    0.    0.
  0.    0.    0.521 0.    0.    0.   ]
 [0.    0.    0.    0.    0.    0.    0.    0.    0.    0.    0.    1.797
  0.    0.    0.    0.    0.    0.    0.    0.    0.    0.    0.    0.725
  0.    3.169 0.    0.    0.    0.   ]
 [0.    0.    0.    0.    0.    0.    0.    0.    0.    0.    0.    0.
  0.    0.    0.    0.    0.    0.    0.    0.    0.    0.    0.    0.
  0.    0.    0.    0.    0.    0.   ]
 [0.    0.    2.566 0.    0.    0.    0.    0.    0.448 0.    0.    0.
  0.    0.    0.    0.    0.    0.    0.    0.    2.873 0.403 0.    0.
  0.    0.    0.    0.    0.    0.   ]
 [0.    0.    0.    0.    1.536 0.    0.    1.126 0.    0.    0.    0.
  0.    0.    0.    0.    0.    0.    0.    0.    0.    0.    0.    0.
  0.    0.    1.022 0.    0.    0.   ]
 [0.    0.    0.    0.    0.    0.    0.    0.    0.    0.    0.    0.
  0.    0.    0.    0.    0.    0.    0.    0.    0.    0.    0.    0.
  0.    0.    0.    0.    0.    0.   ]
 [0.    0.    0.    0.    0.    0.    0.    0.    0.    0.    0.    0.
  0.    0.    0.    0.    0.    0.    0.    0.    0.    0.    0.    0.
  0.    0.    0.    0.    0.    0.   ]
 [0.    0.    0.    0.    0.    0.839 0.    0.    1.707 0.    0.    0.
  0.    0.    0.    0.    0.    0.    0.    0.    0.    0.    0.    0.
  0.    0.    0.    0.    2.13  0.   ]
 [0.    0.    0.    1.34  1.125 0.    0.    0.    0.    0.    0.    0.
  0.    0.    0.    0.    0.    0.759 0.    0.    0.325 0.    0.    0.
  0.    0.    0.    0.    1.579 2.038]
 [0.    0.    0.    0.    0.    0.    0.    0.    0.    0.    0.    0.
  0.    0.    0.    1.074 0.    0.    0.    0.    0.    0.    0.    0.
  0.    0.    0.    0.    0.    0.   ]
 [0.    0.    0.    0.615 0.    0.    0.    0.    0.    0.    0.    0.
  0.    0.    0.    0.    0.    0.    1.172 0.    0.    0.    2.49  0.
  0.    0.    0.678 0.    0.    0.   ]
 [0.    0.    0.    0.    0.    0.    1.494 0.    0.    0.    0.    0.
  0.    0.    0.    0.    0.    0.    0.    0.    0.    0.    1.746 0.
  0.    0.    0.    0.    0.    0.   ]
 [0.    0.    0.    0.    0.    0.    0.    2.533 0.    0.    0.    0.
  0.    0.    0.    0.    0.    1.289 0.    0.    0.    0.    0.    1.553
  0.    0.    0.    0.    2.217 0.   ]
 [0.    0.    0.    0.    0.    0.    0.    0.    0.    0.    0.    0.
  0.    0.    0.    2.245 0.    0.    0.    0.    0.    0.    0.    0.
  0.    0.    0.    0.    0.    0.   ]
 [0.    0.    0.    0.    0.    0.    0.    1.366 0.    0.    0.    0.
  0.    0.    0.    0.    0.    0.    0.    0.    0.    0.    0.    0.
  0.    0.    0.    0.    0.    0.   ]
 [0.    0.    0.    0.    0.    0.    0.    0.    0.    0.    0.    0.
  0.    0.    0.    0.    0.    0.    0.    0.    0.    0.    0.    0.
  0.    0.    0.    0.    0.    0.   ]
 [0.    0.    0.    0.    0.    0.616 0.    0.    0.    0.    0.    0.
  0.    0.    0.    0.    0.    0.    1.016 0.    0.    0.    0.    0.348
  0.    0.    0.    0.    0.    0.   ]]
{'fdr': 0.04918032786885246, 'tpr': 0.9666666666666667, 'fpr': 0.008, 'f1': 0.9586776859504132, 'shd': 4, 'npred': 61, 'ntrue': 60}
[2.171e-03 1.021e-01 4.505e-02 5.732e-02 6.078e-03 1.136e-01 2.407e-02
 5.817e-02 3.478e-01 1.694e-03 7.445e-02 4.442e-03 3.988e-03 3.925e-03
 1.075e-01 3.557e-03 4.580e-02 5.260e-02 8.780e-01 4.101e-02 4.050e-03
 1.543e-01 2.216e-02 1.224e-03 3.490e-02 3.683e-02 1.723e-02 2.382e-02
 1.779e-02 2.335e-03 2.279e-02 7.801e-03 1.280e-02 6.809e-01 1.879e+00
 9.007e-02 1.145e-01 6.833e-03 4.356e-03 3.564e-02 7.332e-03 2.300e-03
 2.463e-03 4.118e-02 2.603e-03 7.245e-02 3.054e-02 5.327e-02 8.268e-03
 4.862e-03 1.027e-01 5.311e-02 5.541e-03 1.236e-02 3.656e-02 8.125e-02
 8.533e-02 3.215e-02 6.575e-05 1.933e-04 8.723e-03 1.068e-01 2.048e-03
 6.904e-02 4.867e-02 1.202e-03 6.651e-05 1.076e-03 6.090e-05 2.349e-04
 8.947e-04 5.356e-06 4.933e-02 2.574e-05 1.929e-03 5.348e-02 1.209e-01
 3.070e-04 8.701e-04 8.255e-03 1.229e-02 2.644e-04 6.517e-05 8.759e-03
 1.312e-02 2.226e-02 5.389e-03 2.068e-04 2.463e-04 6.209e-03 2.413e-02
 2.524e-03 2.262e-02 4.096e-04 7.525e-04 9.372e-05 6.924e-06 1.176e-03
 3.155e-04 1.083e-04 1.859e-05 2.088e-02 3.090e-04 6.983e-05 2.584e-03
 6.004e-02 5.189e-04 1.144e-04 4.607e-03 1.380e-03 5.951e-04 5.128e-05
 1.417e-03 5.658e-05 5.868e-02 1.153e-03 9.689e-04 9.052e-04 2.854e-03
 5.478e-03 3.064e-03 1.369e-02 9.208e-03 2.425e-03 3.836e-04 1.711e-04
 5.999e-04 2.678e-04 2.849e-05 1.458e-05 1.584e-02 4.575e-04 6.865e-04
 3.125e-03 1.732e-01 3.996e-04 1.304e-04 1.028e-02 3.326e-03 3.100e-04
 1.555e-04 1.204e-03 8.225e-03 1.435e-02 1.459e-03 2.028e-03 1.252e-04
 5.113e-02 4.166e-02 1.650e-02 4.769e-02 4.971e-02 8.345e-02 1.639e-04
 4.100e-04 9.370e-02 1.449e-04 1.974e-03 2.597e-04 2.675e-03 1.570e-05
 4.810e-03 6.215e-03 8.303e-01 6.590e-04 1.460e-04 3.192e-02 1.055e-02
 4.897e-04 7.691e-04 6.628e-02 3.597e-03 3.633e-03 1.231e-03 1.622e-04
 1.691e-05 1.052e-02 2.727e-02 2.532e-02 3.175e-03 1.831e-02 6.675e-03
 9.259e-04 2.588e-04 1.038e-03 2.364e-05 1.461e-03 1.792e-03 3.572e-02
 4.020e-04 3.201e-03 1.046e-02 9.169e-02 2.828e-03 1.173e-03 9.897e-02
 4.094e-02 4.106e-05 2.242e-03 1.282e-02 9.330e-03 2.079e-02 2.326e-03
 4.694e-04 2.248e-04 9.380e-03 1.477e+00 1.023e-02 1.218e-02 2.975e-02
 2.677e-03 1.680e-04 4.626e-06 2.261e-03 9.012e-05 2.785e-05 6.367e-06
 1.998e-02 2.143e-03 3.770e-04 4.850e-03 8.426e-03 1.675e-03 1.929e-04
 8.759e-02 2.735e-03 4.916e-04 1.013e-04 7.344e-03 3.369e-04 4.627e-02
 1.724e-03 2.011e-04 1.375e-03 5.303e-02 6.440e-03 4.392e-02 5.801e-03
 4.099e-02 3.679e-02 1.087e-03 1.942e-05 6.051e-02 3.936e-06 1.201e-03
 3.017e-04 4.621e-02 1.076e-05 6.900e-02 7.487e-01 1.088e+00 2.552e-04
 8.262e-04 1.708e+00 6.156e-02 1.448e-03 2.298e-03 5.416e-02 1.770e-03
 5.547e-02 9.155e-03 3.426e-04 1.680e-03 1.230e-01 1.397e-01 3.005e-02
 1.138e+00 5.385e-02 6.427e-01 8.609e-02 1.725e-04 2.529e+00 1.549e-03
 3.613e-03 2.603e-03 1.202e-01 1.853e-03 6.258e-03 3.335e-02 1.005e-01
 8.193e-03 2.192e-03 1.651e-02 4.909e-03 1.921e-03 1.197e-02 9.389e-01
 2.135e-02 1.096e-02 1.972e-02 3.182e-03 1.209e-03 3.349e-02 1.850e-01
 3.455e-02 1.337e-02 8.962e-02 7.897e-02 9.030e-01 1.724e-02 3.505e-02
 4.950e-03 4.502e-03 2.869e-02 7.809e-02 2.130e-03 7.963e-02 6.426e-02
 1.024e-01 5.294e-02 1.471e-02 2.645e-02 6.518e-02 2.649e-03 3.768e-02
 7.348e-02 4.127e+00 4.146e-02 1.347e-02 1.550e-04 2.070e-03 4.323e+00
 9.260e-03 2.950e-02 6.012e-03 1.918e-02 5.420e-02 1.193e-02 6.012e-05
 2.238e-04 3.073e-04 1.404e-03 1.286e-05 6.897e-02 5.246e-04 1.473e-02
 4.143e-02 1.489e-01 1.831e-03 1.991e-03 2.867e-02 5.941e-02 2.328e-03
 1.004e-03 6.028e-01 2.211e-02 2.666e-02 7.320e-03 2.077e-03 2.132e-03
 6.104e-03 5.290e-02 4.782e-02 8.867e-03 1.878e+00 1.343e-02 1.169e+00
 2.119e-02 3.759e-03 5.090e-02 3.735e-03 4.758e-03 4.889e-02 4.256e-03
 8.950e-02 9.927e-03 1.018e-02 2.187e-02 2.182e-02 9.441e-02 3.074e-01
 1.910e-03 3.860e-02 6.299e-01 3.824e-02 2.185e-02 3.059e+00 1.055e-03
 3.579e-03 8.048e-02 3.504e-03 1.229e+00 4.625e-02 2.278e-02 1.338e-01
 6.207e-02 6.224e-03 1.928e-03 6.451e-02 3.404e-03 5.859e-03 3.166e-02
 2.864e-03 9.488e-01 2.535e-02 1.340e+00 1.951e-02 1.306e-03 3.408e-02
 3.385e-02 1.275e-03 7.251e-03 5.208e-01 6.808e-02 1.189e-02 7.073e-03
 1.913e-03 3.462e-03 3.139e-02 5.810e-02 6.007e-02 5.845e-02 3.833e-02
 1.099e-01 4.852e-02 7.392e-03 1.579e-03 1.797e+00 2.440e-03 1.880e-03
 1.334e-02 2.924e-03 2.041e-01 2.339e-02 6.616e-03 2.016e-02 9.004e-03
 1.109e-01 7.254e-01 5.748e-03 3.169e+00 3.248e-02 1.399e-02 1.218e-01
 5.677e-02 2.672e-04 4.987e-04 1.149e-02 3.636e-03 5.361e-02 2.140e-03
 4.128e-03 1.063e-02 9.761e-05 2.312e-05 1.017e-04 9.365e-05 4.417e-05
 7.762e-05 1.160e-05 1.236e-05 1.607e-04 2.933e-03 8.063e-03 4.109e-05
 4.934e-05 8.707e-04 4.281e-05 1.421e-04 5.393e-05 2.896e-04 6.795e-04
 3.502e-03 5.488e-04 2.100e-03 3.440e-03 2.566e+00 9.316e-02 8.856e-02
 2.032e-02 3.431e-02 1.563e-02 4.484e-01 3.543e-03 1.546e-03 9.014e-03
 1.778e-03 2.949e-03 3.599e-03 3.799e-02 1.059e-01 6.866e-03 3.456e-02
 2.873e+00 4.027e-01 1.160e-01 1.981e-02 2.784e-03 4.597e-03 8.699e-02
 5.066e-02 7.405e-02 4.156e-02 1.663e-03 1.164e-03 1.531e-02 5.893e-02
 1.536e+00 1.026e-01 2.042e-02 1.126e+00 1.981e-03 1.712e-03 2.393e-04
 8.666e-03 3.809e-04 1.114e-04 7.955e-06 5.991e-02 3.300e-04 9.965e-03
 1.089e-01 3.519e-03 3.424e-04 1.810e-02 9.309e-03 2.281e-04 5.004e-04
 1.022e+00 1.106e-02 2.140e-01 1.616e-03 7.570e-04 5.908e-04 8.329e-03
 2.329e-02 1.989e-02 6.490e-03 5.068e-03 3.078e-02 1.147e-03 2.290e-03
 7.425e-04 5.785e-04 4.819e-05 1.889e-04 5.464e-05 2.354e-02 5.595e-05
 6.949e-02 2.005e-03 2.112e-04 6.981e-05 1.654e-02 7.610e-04 2.083e-04
 1.869e-04 4.719e-02 7.322e-03 3.197e-02 6.059e-04 8.229e-05 3.068e-04
 4.605e-03 5.557e-03 7.760e-04 9.878e-04 7.790e-03 8.869e-04 7.425e-04
 8.034e-05 3.194e-05 4.595e-04 3.970e-05 1.249e-04 4.840e-05 1.596e-02
 4.040e-05 1.184e-03 5.486e-02 1.700e-04 2.109e-04 5.609e-02 1.093e-02
 1.977e-04 1.234e-03 2.661e-02 3.102e-03 9.499e-03 8.782e-04 2.309e-03
 9.689e-04 3.280e-02 5.401e-03 5.763e-03 8.392e-01 1.461e-02 2.977e-02
 1.707e+00 1.965e-03 2.357e-04 6.501e-02 1.595e-03 1.941e-03 2.691e-03
 1.261e-02 2.972e-05 8.710e-02 2.411e-02 8.349e-02 1.839e-03 9.179e-03
 2.969e-02 1.359e-03 1.610e-02 1.976e-02 1.315e-02 2.130e+00 3.256e-02
 2.096e-03 1.687e-03 3.900e-02 1.340e+00 1.125e+00 2.671e-02 5.056e-02
 1.187e-01 2.340e-01 4.241e-03 2.271e-03 3.466e-02 2.237e-03 2.038e-03
 4.552e-03 4.519e-02 4.190e-04 7.589e-01 7.114e-02 6.622e-02 3.255e-01
 9.411e-02 1.876e-01 1.123e-03 2.751e-02 8.561e-02 4.855e-02 1.579e+00
 2.038e+00 5.740e-04 2.011e-03 2.230e-03 1.081e-01 5.194e-02 2.332e-03
 1.395e-03 9.805e-03 2.443e-04 9.144e-04 1.316e-04 2.922e-03 2.176e-05
 5.286e-04 1.994e-05 1.074e+00 5.471e-06 3.045e-03 2.715e-02 4.165e-03
 5.130e-05 7.943e-05 2.520e-04 1.856e-05 5.423e-05 2.428e-03 4.552e-04
 5.718e-03 1.164e-04 1.317e-03 5.539e-04 9.092e-03 6.149e-01 1.355e-03
 2.221e-02 1.331e-02 9.890e-02 1.294e-02 1.079e-03 2.184e-04 6.444e-03
 3.788e-05 4.182e-03 9.570e-06 1.148e-01 4.967e-04 4.397e-02 1.172e+00
 2.451e-02 5.936e-03 6.048e-05 2.490e+00 2.683e-04 3.429e-04 6.785e-01
 5.841e-03 1.778e-01 6.697e-04 2.281e-03 9.397e-04 5.978e-02 7.569e-02
 1.690e-02 1.003e-01 1.494e+00 2.868e-02 6.750e-03 3.288e-02 2.606e-03
 1.675e-02 5.544e-03 2.577e-03 1.789e-03 1.087e-01 2.690e-03 6.283e-02
 6.577e-02 6.071e-02 3.850e-02 6.841e-02 1.746e+00 3.765e-02 3.205e-02
 2.908e-02 6.148e-02 1.416e-02 5.261e-02 3.298e-03 3.391e-03 4.753e-02
 6.178e-02 1.753e-01 3.823e-02 9.677e-03 2.533e+00 4.216e-02 5.967e-03
 2.187e-04 2.909e-01 2.743e-03 9.394e-04 1.417e-05 3.806e-02 3.734e-03
 1.289e+00 7.763e-02 3.690e-02 6.651e-03 3.798e-03 1.214e-01 1.553e+00
 3.206e-03 9.518e-02 2.966e-02 2.217e+00 6.404e-02 8.103e-04 2.201e-04
 5.795e-02 1.125e-02 1.734e-01 4.727e-03 2.617e-02 6.545e-02 9.670e-03
 2.030e-04 2.390e-03 1.150e-03 1.147e-05 3.725e-05 5.407e-05 2.245e+00
 1.339e-03 1.131e-03 1.294e-02 2.458e-02 2.178e-03 2.292e-04 9.167e-02
 1.516e-03 1.163e-03 8.087e-05 8.253e-03 5.001e-02 9.182e-04 2.094e-03
 2.390e-03 3.654e-02 9.070e-02 6.640e-03 3.451e-02 2.841e-02 1.366e+00
 1.514e-01 1.037e-03 7.471e-06 7.498e-03 2.686e-03 2.217e-03 1.240e-03
 2.151e-02 2.119e-03 3.309e-02 4.048e-02 5.462e-02 4.260e-02 5.594e-03
 8.040e-03 1.846e-02 1.186e-03 1.461e-02 1.495e-02 2.385e-02 1.414e-02
 1.118e-04 8.554e-04 3.596e-02 2.813e-03 5.046e-02 1.110e-01 1.664e-02
 5.826e-03 1.451e-02 1.984e-04 1.443e-03 2.566e-03 7.183e-04 3.017e-04
 1.110e-05 4.802e-02 6.174e-06 1.663e-03 1.460e-02 5.778e-02 1.307e-04
 1.003e-04 4.768e-02 1.542e-03 2.266e-04 1.691e-04 6.024e-03 1.684e-03
 2.076e-03 4.819e-04 1.433e-03 3.087e-02 7.801e-02 6.248e-02 6.164e-01
 2.011e-01 4.713e-02 3.594e-02 2.947e-03 1.745e-03 2.605e-02 1.200e-05
 1.578e-03 2.987e-04 6.718e-02 4.837e-05 2.263e-01 1.016e+00 3.882e-02
 9.938e-03 1.145e-04 5.962e-02 3.485e-01 1.310e-04 1.429e-03 2.773e-02
 1.490e-02 6.923e-02]
[[0. 0. 0. 0. 0. 0. 0. 0. 0. 0. 0. 0. 0. 0. 0. 0. 0. 0. 0. 1. 0. 0. 0. 0.
  0. 0. 0. 0. 0. 0.]
 [0. 0. 0. 0. 0. 1. 1. 0. 0. 0. 0. 0. 0. 0. 0. 0. 0. 0. 0. 0. 0. 0. 0. 0.
  0. 0. 0. 0. 0. 0.]
 [0. 0. 0. 0. 0. 0. 0. 0. 0. 0. 0. 0. 0. 0. 0. 0. 0. 0. 0. 0. 0. 0. 0. 0.
  0. 0. 0. 0. 0. 0.]
 [0. 0. 0. 0. 0. 0. 0. 0. 0. 0. 0. 0. 0. 0. 0. 0. 0. 0. 0. 0. 0. 0. 0. 0.
  0. 0. 0. 0. 0. 0.]
 [0. 0. 0. 0. 0. 0. 0. 0. 0. 0. 0. 0. 0. 0. 0. 0. 0. 0. 0. 0. 0. 0. 0. 0.
  0. 0. 0. 0. 0. 0.]
 [0. 0. 0. 0. 0. 0. 0. 0. 0. 0. 0. 0. 0. 0. 0. 0. 0. 0. 0. 1. 0. 0. 0. 0.
  0. 0. 0. 0. 0. 0.]
 [0. 0. 0. 0. 0. 0. 0. 0. 0. 0. 0. 0. 0. 0. 0. 0. 0. 0. 0. 0. 0. 0. 0. 0.
  0. 0. 0. 0. 0. 0.]
 [0. 0. 0. 1. 0. 0. 0. 0. 0. 0. 0. 0. 0. 0. 0. 0. 0. 0. 0. 0. 0. 0. 0. 0.
  0. 0. 0. 0. 0. 0.]
 [0. 0. 0. 0. 0. 0. 0. 0. 0. 0. 0. 0. 0. 0. 0. 0. 0. 0. 1. 1. 0. 0. 1. 0.
  0. 0. 0. 0. 0. 0.]
 [1. 0. 0. 0. 0. 1. 0. 1. 0. 0. 0. 1. 0. 0. 0. 0. 0. 0. 0. 0. 0. 0. 0. 0.
  0. 0. 1. 0. 0. 0.]
 [0. 0. 0. 0. 0. 0. 0. 0. 1. 0. 0. 0. 0. 0. 0. 0. 0. 0. 0. 0. 0. 0. 0. 0.
  0. 0. 0. 1. 0. 0.]
 [0. 0. 1. 0. 0. 0. 0. 0. 0. 0. 0. 0. 0. 0. 0. 0. 0. 0. 0. 0. 0. 0. 0. 0.
  0. 0. 1. 0. 0. 0.]
 [0. 0. 0. 0. 0. 0. 1. 0. 1. 0. 0. 0. 0. 0. 0. 0. 0. 0. 0. 0. 0. 0. 0. 1.
  0. 0. 1. 0. 0. 1.]
 [0. 0. 0. 0. 1. 0. 0. 0. 0. 0. 0. 0. 0. 0. 0. 0. 0. 1. 0. 1. 0. 0. 0. 0.
  0. 0. 1. 0. 0. 0.]
 [0. 0. 0. 0. 0. 0. 0. 0. 0. 0. 0. 1. 0. 0. 0. 0. 0. 0. 0. 0. 0. 0. 0. 1.
  0. 1. 0. 0. 0. 0.]
 [0. 0. 0. 0. 0. 0. 0. 0. 0. 0. 0. 0. 0. 0. 0. 0. 0. 0. 0. 0. 0. 0. 0. 0.
  0. 0. 0. 0. 0. 0.]
 [0. 0. 1. 0. 0. 0. 0. 0. 1. 0. 0. 0. 0. 0. 0. 0. 0. 0. 0. 0. 1. 1. 0. 0.
  0. 0. 0. 0. 0. 0.]
 [0. 0. 0. 0. 1. 0. 0. 1. 0. 0. 0. 0. 0. 0. 0. 0. 0. 0. 0. 0. 0. 0. 0. 0.
  0. 0. 1. 0. 0. 0.]
 [0. 0. 0. 0. 0. 0. 0. 0. 0. 0. 0. 0. 0. 0. 0. 0. 0. 0. 0. 0. 0. 0. 0. 0.
  0. 0. 0. 0. 0. 0.]
 [0. 0. 0. 0. 0. 0. 0. 0. 0. 0. 0. 0. 0. 0. 0. 0. 0. 0. 0. 0. 0. 0. 0. 0.
  0. 0. 0. 0. 0. 0.]
 [0. 0. 0. 0. 0. 1. 0. 0. 1. 0. 0. 0. 0. 0. 0. 0. 0. 0. 0. 0. 0. 0. 0. 0.
  0. 0. 0. 0. 1. 0.]
 [0. 0. 0. 1. 1. 0. 0. 0. 1. 0. 0. 0. 0. 0. 0. 0. 0. 1. 0. 0. 0. 0. 0. 0.
  0. 0. 0. 0. 1. 1.]
 [0. 0. 0. 0. 0. 0. 0. 0. 0. 0. 0. 0. 0. 0. 0. 1. 0. 0. 0. 0. 0. 0. 0. 0.
  0. 0. 0. 0. 0. 0.]
 [0. 0. 0. 1. 0. 0. 0. 0. 0. 0. 0. 0. 0. 0. 0. 0. 0. 0. 1. 0. 0. 0. 1. 0.
  0. 0. 1. 0. 0. 0.]
 [0. 0. 0. 0. 0. 0. 1. 0. 0. 0. 0. 0. 0. 0. 0. 0. 0. 0. 0. 0. 0. 0. 1. 0.
  0. 0. 0. 0. 0. 0.]
 [0. 0. 0. 0. 0. 0. 0. 1. 0. 0. 0. 0. 0. 0. 0. 0. 0. 1. 0. 0. 0. 0. 0. 1.
  0. 0. 0. 0. 1. 0.]
 [0. 0. 0. 0. 0. 0. 0. 0. 0. 0. 0. 0. 0. 0. 0. 1. 0. 0. 0. 0. 0. 0. 0. 0.
  0. 0. 0. 0. 0. 0.]
 [0. 0. 0. 0. 0. 0. 0. 1. 0. 0. 0. 0. 0. 0. 0. 0. 0. 0. 0. 0. 0. 0. 0. 0.
  0. 0. 0. 0. 0. 0.]
 [0. 0. 0. 0. 0. 0. 0. 0. 0. 0. 0. 0. 0. 0. 0. 0. 0. 0. 0. 0. 0. 0. 0. 0.
  0. 0. 0. 0. 0. 0.]
 [0. 0. 0. 0. 0. 1. 0. 0. 0. 0. 0. 0. 0. 0. 0. 0. 0. 0. 1. 0. 0. 0. 0. 0.
  0. 0. 0. 0. 0. 0.]]
[0. 0. 0. 0. 0. 0. 0. 0. 0. 0. 0. 0. 0. 0. 0. 0. 0. 0. 1. 0. 0. 0. 0. 0.
 0. 0. 0. 0. 0. 0. 0. 0. 0. 1. 1. 0. 0. 0. 0. 0. 0. 0. 0. 0. 0. 0. 0. 0.
 0. 0. 0. 0. 0. 0. 0. 0. 0. 0. 0. 0. 0. 0. 0. 0. 0. 0. 0. 0. 0. 0. 0. 0.
 0. 0. 0. 0. 0. 0. 0. 0. 0. 0. 0. 0. 0. 0. 0. 0. 0. 0. 0. 0. 0. 0. 0. 0.
 0. 0. 0. 0. 0. 0. 0. 0. 0. 0. 0. 0. 0. 0. 0. 0. 0. 0. 0. 0. 0. 0. 0. 0.
 0. 0. 0. 0. 0. 0. 0. 0. 0. 0. 0. 0. 0. 0. 0. 0. 0. 0. 0. 0. 0. 0. 0. 0.
 0. 0. 0. 0. 0. 0. 0. 0. 0. 0. 0. 0. 0. 0. 0. 0. 0. 0. 0. 1. 0. 0. 0. 0.
 0. 0. 0. 0. 0. 0. 0. 0. 0. 0. 0. 0. 0. 0. 0. 0. 0. 0. 0. 0. 0. 0. 0. 0.
 0. 0. 0. 0. 0. 0. 0. 0. 0. 0. 0. 0. 0. 0. 1. 0. 0. 0. 0. 0. 0. 0. 0. 0.
 0. 0. 0. 0. 0. 0. 0. 0. 0. 0. 0. 0. 0. 0. 0. 0. 0. 0. 0. 0. 0. 0. 0. 0.
 0. 0. 0. 0. 0. 0. 0. 0. 0. 1. 1. 0. 0. 1. 0. 0. 0. 0. 0. 0. 0. 1. 0. 0.
 0. 0. 1. 0. 1. 0. 0. 1. 0. 0. 0. 0. 0. 0. 0. 0. 0. 0. 0. 0. 0. 0. 1. 0.
 0. 0. 0. 0. 0. 0. 0. 0. 0. 0. 1. 0. 0. 0. 0. 0. 0. 0. 0. 0. 0. 0. 0. 0.
 0. 0. 0. 0. 1. 0. 0. 0. 0. 1. 0. 0. 0. 0. 0. 0. 0. 0. 0. 0. 0. 0. 0. 0.
 0. 0. 0. 0. 0. 0. 0. 0. 1. 0. 0. 0. 0. 0. 0. 0. 0. 0. 1. 0. 1. 0. 0. 0.
 0. 0. 0. 0. 0. 0. 0. 0. 0. 0. 1. 0. 0. 1. 0. 0. 1. 0. 0. 0. 0. 1. 0. 0.
 0. 0. 0. 0. 0. 0. 0. 0. 0. 1. 0. 1. 0. 0. 0. 0. 0. 0. 1. 0. 0. 0. 0. 0.
 0. 0. 0. 0. 0. 0. 0. 0. 0. 1. 0. 0. 0. 0. 0. 0. 0. 0. 0. 0. 1. 0. 1. 0.
 0. 0. 0. 0. 0. 0. 0. 0. 0. 0. 0. 0. 0. 0. 0. 0. 0. 0. 0. 0. 0. 0. 0. 0.
 0. 0. 0. 0. 0. 0. 0. 0. 0. 0. 1. 0. 0. 0. 0. 0. 1. 0. 0. 0. 0. 0. 0. 0.
 0. 0. 0. 1. 1. 0. 0. 0. 0. 0. 0. 0. 0. 0. 0. 0. 0. 1. 0. 0. 1. 0. 0. 0.
 0. 0. 0. 0. 0. 0. 0. 0. 0. 0. 0. 0. 0. 0. 1. 0. 0. 0. 0. 0. 0. 0. 0. 0.
 0. 0. 0. 0. 0. 0. 0. 0. 0. 0. 0. 0. 0. 0. 0. 0. 0. 0. 0. 0. 0. 0. 0. 0.
 0. 0. 0. 0. 0. 0. 0. 0. 0. 0. 0. 0. 0. 0. 0. 0. 0. 0. 0. 0. 0. 0. 0. 0.
 0. 0. 0. 0. 0. 0. 0. 0. 0. 1. 0. 0. 1. 0. 0. 0. 0. 0. 0. 0. 0. 0. 0. 0.
 0. 0. 0. 0. 0. 0. 0. 1. 0. 0. 0. 0. 1. 1. 0. 0. 0. 1. 0. 0. 0. 0. 0. 0.
 0. 0. 1. 0. 0. 0. 0. 0. 0. 0. 0. 0. 1. 1. 0. 0. 0. 0. 0. 0. 0. 0. 0. 0.
 0. 0. 0. 0. 0. 1. 0. 0. 0. 0. 0. 0. 0. 0. 0. 0. 0. 0. 0. 0. 0. 0. 1. 0.
 0. 0. 0. 0. 0. 0. 0. 0. 0. 0. 0. 0. 0. 1. 0. 0. 0. 1. 0. 0. 1. 0. 0. 0.
 0. 0. 0. 0. 0. 0. 1. 0. 0. 0. 0. 0. 0. 0. 0. 0. 0. 0. 0. 0. 0. 0. 1. 0.
 0. 0. 0. 0. 0. 0. 0. 0. 0. 0. 0. 0. 1. 0. 0. 0. 0. 0. 0. 0. 0. 0. 1. 0.
 0. 0. 0. 0. 1. 0. 0. 0. 1. 0. 0. 0. 0. 0. 0. 0. 0. 0. 0. 0. 0. 0. 0. 0.
 0. 1. 0. 0. 0. 0. 0. 0. 0. 0. 0. 0. 0. 0. 0. 0. 0. 0. 0. 0. 0. 0. 1. 0.
 0. 0. 0. 0. 0. 0. 0. 0. 0. 0. 0. 0. 0. 0. 0. 0. 0. 0. 0. 0. 0. 0. 0. 0.
 0. 0. 0. 0. 0. 0. 0. 0. 0. 0. 0. 0. 0. 0. 0. 0. 0. 0. 0. 0. 0. 0. 0. 0.
 0. 0. 0. 0. 0. 0. 1. 0. 0. 0. 0. 0. 0. 0. 0. 0. 0. 0. 0. 1. 0. 0. 0. 0.
 0. 0. 0. 0. 0. 0.]
aucroc, aucpr (0.9861522633744855, 0.9828328706123043)
cuda
noise_multiplier  1.0  noise_multiplier_b  5.0  noise_multiplier_delta  1.005037815259212
cuda
Objective function 291.21 = squared loss an data 35.20 + 0.5*rho*h**2 254.631624 + alpha*h 0.000000 + L2reg 0.55 + L1reg 0.82 ; SHD = 416 ; DAG False
total norm for a microbatch 12.273348839096009 clip 12.00582138917335
total norm for a microbatch 16.404615825560853 clip 15.880286886217146
total norm for a microbatch 17.61148662703894 clip 15.581303077914512
total norm for a microbatch 19.903906114024476 clip 15.139924759428347
total norm for a microbatch 14.925748334227865 clip 16.0251190085356
total norm for a microbatch 16.450289524647122 clip 15.35423243922991
total norm for a microbatch 16.749530463579116 clip 16.319368803554905
cuda
Objective function 29.21 = squared loss an data 26.92 + 0.5*rho*h**2 1.492369 + alpha*h 0.000000 + L2reg 0.32 + L1reg 0.47 ; SHD = 75 ; DAG False
Proportion of microbatches that were clipped  0.8821848205779612
iteration 1 in inner loop, alpha 0.0 rho 1.0 h 1.7276393178238365
iteration 1 in outer loop, alpha = 1.7276393178238365, rho = 1.0, h = 1.7276393178238365
cuda
noise_multiplier  1.0  noise_multiplier_b  5.0  noise_multiplier_delta  1.005037815259212
cuda
Objective function 32.19 = squared loss an data 26.92 + 0.5*rho*h**2 1.492369 + alpha*h 2.984738 + L2reg 0.32 + L1reg 0.47 ; SHD = 75 ; DAG False
total norm for a microbatch 17.05794723140432 clip 3.4131879900929336
total norm for a microbatch 13.885980599064794 clip 3.4131879900929336
total norm for a microbatch 17.37741833549869 clip 4.820963555372713
total norm for a microbatch 23.31818748316227 clip 17.501851289396974
total norm for a microbatch 27.323404396773917 clip 17.71267488958866
cuda
Objective function 29.85 = squared loss an data 25.86 + 0.5*rho*h**2 0.855237 + alpha*h 2.259494 + L2reg 0.42 + L1reg 0.45 ; SHD = 69 ; DAG False
Proportion of microbatches that were clipped  0.8929092974200876
iteration 1 in inner loop, alpha 1.7276393178238365 rho 1.0 h 1.3078506836322
noise_multiplier  1.0  noise_multiplier_b  5.0  noise_multiplier_delta  1.005037815259212
cuda
Objective function 37.54 = squared loss an data 25.86 + 0.5*rho*h**2 8.552367 + alpha*h 2.259494 + L2reg 0.42 + L1reg 0.45 ; SHD = 69 ; DAG False
total norm for a microbatch 23.341924940442492 clip 20.114532380704674
total norm for a microbatch 21.87151171663896 clip 21.14358442113109
total norm for a microbatch 22.633815360438717 clip 20.98769550801065
cuda
Objective function 29.71 = squared loss an data 26.45 + 0.5*rho*h**2 1.464404 + alpha*h 0.934972 + L2reg 0.47 + L1reg 0.39 ; SHD = 54 ; DAG True
Proportion of microbatches that were clipped  0.8963690197911797
iteration 2 in inner loop, alpha 1.7276393178238365 rho 10.0 h 0.5411845603899188
noise_multiplier  1.0  noise_multiplier_b  5.0  noise_multiplier_delta  1.005037815259212
cuda
Objective function 42.89 = squared loss an data 26.45 + 0.5*rho*h**2 14.644036 + alpha*h 0.934972 + L2reg 0.47 + L1reg 0.39 ; SHD = 54 ; DAG True
total norm for a microbatch 46.69087550914233 clip 1.0
total norm for a microbatch 47.0817972206732 clip 1.0
total norm for a microbatch 34.86426889551301 clip 1.5648840600930325
total norm for a microbatch 25.158063374727057 clip 2.926702094052304
total norm for a microbatch 18.25747287645084 clip 4.234580085031198
total norm for a microbatch 33.24608518895474 clip 8.811315503583273
total norm for a microbatch 19.0151189749684 clip 10.387705013295742
total norm for a microbatch 24.50858096873242 clip 11.254737657111313
total norm for a microbatch 24.01761399914366 clip 23.35882569897213
cuda
Objective function 30.18 = squared loss an data 27.10 + 0.5*rho*h**2 1.921528 + alpha*h 0.338681 + L2reg 0.49 + L1reg 0.33 ; SHD = 47 ; DAG True
Proportion of microbatches that were clipped  0.9009869967100109
iteration 3 in inner loop, alpha 1.7276393178238365 rho 100.0 h 0.19603713868189487
iteration 2 in outer loop, alpha = 21.331353186013324, rho = 100.0, h = 0.19603713868189487
cuda
noise_multiplier  1.0  noise_multiplier_b  5.0  noise_multiplier_delta  1.005037815259212
cuda
Objective function 34.02 = squared loss an data 27.10 + 0.5*rho*h**2 1.921528 + alpha*h 4.181737 + L2reg 0.49 + L1reg 0.33 ; SHD = 47 ; DAG True
total norm for a microbatch 28.854804393721714 clip 1.6939865349067824
total norm for a microbatch 33.187772551400585 clip 3.7441693006401096
total norm for a microbatch 20.653478539503574 clip 9.11322667207144
total norm for a microbatch 27.10978849697176 clip 9.11322667207144
total norm for a microbatch 31.876381799236793 clip 9.979120953609183
total norm for a microbatch 35.38981445963332 clip 12.059476234698849
total norm for a microbatch 31.051941115847914 clip 17.2151696874288
total norm for a microbatch 21.80277189093447 clip 25.171887999162937
total norm for a microbatch 21.167252509242342 clip 25.144391278698524
cuda
Objective function 31.71 = squared loss an data 27.12 + 0.5*rho*h**2 0.892349 + alpha*h 2.849711 + L2reg 0.53 + L1reg 0.32 ; SHD = 50 ; DAG True
Proportion of microbatches that were clipped  0.9001138766878152
iteration 1 in inner loop, alpha 21.331353186013324 rho 100.0 h 0.13359261219345342
noise_multiplier  1.0  noise_multiplier_b  5.0  noise_multiplier_delta  1.005037815259212
cuda
Objective function 39.74 = squared loss an data 27.12 + 0.5*rho*h**2 8.923493 + alpha*h 2.849711 + L2reg 0.53 + L1reg 0.32 ; SHD = 50 ; DAG True
total norm for a microbatch 32.19224016898463 clip 3.6382018604394717
total norm for a microbatch 26.52594833944096 clip 6.075932641169995
total norm for a microbatch 29.805066781269165 clip 13.339768351385509
total norm for a microbatch 33.144018279518264 clip 16.16904256427811
total norm for a microbatch 30.35654664539183 clip 27.175309299972817
cuda
Objective function 30.78 = squared loss an data 27.01 + 0.5*rho*h**2 1.656885 + alpha*h 1.227947 + L2reg 0.58 + L1reg 0.30 ; SHD = 54 ; DAG True
Proportion of microbatches that were clipped  0.9056968136466045
iteration 2 in inner loop, alpha 21.331353186013324 rho 1000.0 h 0.05756535213922831
noise_multiplier  1.0  noise_multiplier_b  5.0  noise_multiplier_delta  1.005037815259212
cuda
Objective function 45.69 = squared loss an data 27.01 + 0.5*rho*h**2 16.568849 + alpha*h 1.227947 + L2reg 0.58 + L1reg 0.30 ; SHD = 54 ; DAG True
total norm for a microbatch 33.42534583814662 clip 6.8288313689966476
total norm for a microbatch 33.94906852919479 clip 33.87035798503626
total norm for a microbatch 37.4701660101381 clip 37.94316184422271
total norm for a microbatch 53.35693419390533 clip 33.33555220583619
total norm for a microbatch 33.43665160172006 clip 36.19900788556688
cuda
Objective function 31.39 = squared loss an data 27.17 + 0.5*rho*h**2 2.827369 + alpha*h 0.507253 + L2reg 0.60 + L1reg 0.28 ; SHD = 62 ; DAG True
Proportion of microbatches that were clipped  0.9151720794958798
iteration 3 in inner loop, alpha 21.331353186013324 rho 10000.0 h 0.02377969415886838
iteration 3 in outer loop, alpha = 259.1282947746971, rho = 10000.0, h = 0.02377969415886838
cuda
noise_multiplier  1.0  noise_multiplier_b  5.0  noise_multiplier_delta  1.005037815259212
cuda
Objective function 37.04 = squared loss an data 27.17 + 0.5*rho*h**2 2.827369 + alpha*h 6.161992 + L2reg 0.60 + L1reg 0.28 ; SHD = 62 ; DAG True
total norm for a microbatch 37.769789106077084 clip 7.253741245615108
total norm for a microbatch 39.8291141130458 clip 8.630585512024298
total norm for a microbatch 45.26374448745384 clip 10.284651800574519
cuda
Objective function 34.61 = squared loss an data 27.23 + 0.5*rho*h**2 1.687306 + alpha*h 4.760217 + L2reg 0.65 + L1reg 0.28 ; SHD = 70 ; DAG True
Proportion of microbatches that were clipped  0.9274578428253262
iteration 1 in inner loop, alpha 259.1282947746971 rho 10000.0 h 0.018370114876759658
noise_multiplier  1.0  noise_multiplier_b  5.0  noise_multiplier_delta  1.005037815259212
cuda
Objective function 49.80 = squared loss an data 27.23 + 0.5*rho*h**2 16.873056 + alpha*h 4.760217 + L2reg 0.65 + L1reg 0.28 ; SHD = 70 ; DAG True
total norm for a microbatch 2119.4168760554826 clip 1.1008330059175793
total norm for a microbatch 98.0740242848508 clip 4.888243459385719
total norm for a microbatch 112.45458653672651 clip 22.005536755326045
cuda
Objective function 47.32 = squared loss an data 27.86 + 0.5*rho*h**2 14.127446 + alpha*h 4.355737 + L2reg 0.69 + L1reg 0.29 ; SHD = 98 ; DAG True
Proportion of microbatches that were clipped  0.9677993527508091
iteration 2 in inner loop, alpha 259.1282947746971 rho 100000.0 h 0.016809191702435555
iteration 4 in outer loop, alpha = 17068.319997210256, rho = 1000000.0, h = 0.016809191702435555
Threshold 0.3
[[0.005 0.205 0.207 0.077 0.288 0.198 0.085 0.073 0.173 0.011 0.025 0.076
  0.021 0.047 0.019 0.042 0.031 0.034 0.047 0.038 0.035 0.14  0.092 0.128
  0.037 0.039 0.181 0.156 0.278 0.035]
 [0.027 0.005 0.103 0.055 0.198 0.115 0.17  0.069 0.126 0.015 0.043 0.027
  0.016 0.03  0.013 0.042 0.031 0.031 0.086 0.051 0.021 0.055 0.128 0.082
  0.02  0.019 0.323 0.222 0.134 0.026]
 [0.032 0.068 0.005 0.093 0.104 0.044 0.052 0.016 0.052 0.011 0.014 0.004
  0.017 0.04  0.012 0.011 0.007 0.016 0.032 0.019 0.008 0.029 0.063 0.016
  0.033 0.015 0.12  0.055 0.049 0.015]
 [0.074 0.048 0.072 0.005 0.17  0.062 0.059 0.01  0.114 0.007 0.014 0.019
  0.016 0.016 0.011 0.091 0.026 0.015 0.048 0.019 0.018 0.016 0.116 0.046
  0.013 0.01  0.209 0.082 0.106 0.022]
 [0.016 0.031 0.057 0.031 0.007 0.043 0.077 0.022 0.062 0.014 0.017 0.024
  0.012 0.009 0.008 0.039 0.014 0.007 0.022 0.01  0.008 0.021 0.062 0.072
  0.014 0.012 0.159 0.045 0.043 0.013]
 [0.023 0.069 0.115 0.101 0.121 0.006 0.059 0.044 0.058 0.008 0.014 0.044
  0.013 0.029 0.012 0.054 0.069 0.045 0.026 0.027 0.015 0.057 0.048 0.106
  0.02  0.012 0.092 0.061 0.184 0.016]
 [0.076 0.033 0.153 0.095 0.101 0.092 0.004 0.023 0.076 0.013 0.02  0.025
  0.007 0.022 0.019 0.028 0.024 0.018 0.034 0.034 0.014 0.039 0.042 0.129
  0.016 0.022 0.096 0.053 0.086 0.044]
 [0.128 0.123 0.322 0.59  0.164 0.165 0.221 0.006 0.276 0.061 0.043 0.027
  0.049 0.099 0.015 0.203 0.043 0.092 0.104 0.141 0.013 0.08  0.232 0.312
  0.045 0.019 0.18  0.194 0.183 0.08 ]
 [0.023 0.042 0.115 0.058 0.074 0.096 0.066 0.017 0.006 0.021 0.017 0.017
  0.009 0.041 0.02  0.056 0.037 0.053 0.013 0.059 0.006 0.11  0.265 0.1
  0.024 0.03  0.16  0.147 0.212 0.019]
 [0.474 0.326 0.333 0.47  0.456 0.604 0.295 0.099 0.265 0.006 0.053 0.205
  0.038 0.135 0.091 0.296 0.129 0.089 0.127 0.243 0.176 0.2   0.468 0.451
  0.218 0.124 0.592 0.416 0.192 0.063]
 [0.266 0.173 0.421 0.272 0.174 0.349 0.293 0.134 0.353 0.137 0.006 0.065
  0.044 0.251 0.057 0.25  0.105 0.261 0.191 0.165 0.07  0.306 0.438 0.321
  0.136 0.104 0.365 1.493 0.397 0.116]
 [0.128 0.219 1.098 0.316 0.191 0.104 0.261 0.13  0.235 0.034 0.081 0.005
  0.033 0.147 0.028 0.316 0.094 0.096 0.098 0.186 0.091 0.154 0.306 0.299
  0.082 0.083 0.608 0.132 0.423 0.113]
 [0.299 0.512 0.377 0.237 0.509 0.459 0.566 0.099 0.55  0.145 0.128 0.111
  0.005 0.144 0.086 0.24  0.169 0.149 0.097 0.143 0.061 0.316 0.382 0.246
  0.142 0.166 0.78  0.292 0.341 0.345]
 [0.12  0.213 0.101 0.311 0.621 0.193 0.204 0.08  0.146 0.065 0.031 0.057
  0.041 0.004 0.032 0.059 0.022 0.077 0.076 0.228 0.057 0.087 0.181 0.135
  0.082 0.049 0.438 0.289 0.277 0.109]
 [0.211 0.466 0.469 0.387 0.339 0.434 0.252 0.235 0.318 0.073 0.104 0.223
  0.078 0.175 0.004 0.251 0.144 0.302 0.368 0.364 0.147 0.341 0.571 0.673
  0.301 0.717 0.339 0.507 0.467 0.265]
 [0.138 0.114 0.367 0.062 0.155 0.106 0.159 0.02  0.091 0.019 0.017 0.02
  0.028 0.121 0.022 0.006 0.059 0.027 0.035 0.077 0.02  0.051 0.344 0.096
  0.02  0.023 0.685 0.114 0.115 0.038]
 [0.2   0.125 0.59  0.191 0.324 0.074 0.2   0.102 0.101 0.058 0.053 0.092
  0.033 0.125 0.041 0.076 0.007 0.073 0.045 0.277 0.048 0.142 0.205 0.186
  0.124 0.091 0.304 0.131 0.357 0.106]
 [0.152 0.203 0.414 0.405 0.838 0.105 0.22  0.052 0.133 0.08  0.022 0.03
  0.034 0.069 0.022 0.275 0.08  0.004 0.041 0.112 0.045 0.105 0.2   0.255
  0.097 0.026 0.639 0.347 0.166 0.085]
 [0.133 0.085 0.18  0.118 0.223 0.285 0.164 0.06  0.293 0.049 0.032 0.054
  0.065 0.093 0.015 0.148 0.154 0.106 0.007 0.157 0.038 0.187 0.167 0.159
  0.078 0.033 0.387 0.379 0.215 0.16 ]
 [0.131 0.087 0.271 0.131 0.41  0.189 0.146 0.053 0.118 0.025 0.029 0.029
  0.043 0.028 0.019 0.069 0.017 0.058 0.038 0.005 0.037 0.146 0.178 0.114
  0.019 0.043 0.434 0.11  0.241 0.122]
 [0.169 0.226 0.454 0.234 0.45  0.494 0.315 0.299 0.948 0.036 0.086 0.088
  0.077 0.098 0.035 0.245 0.118 0.152 0.134 0.149 0.006 0.173 0.486 0.303
  0.089 0.042 0.357 0.28  0.765 0.086]
 [0.042 0.114 0.207 0.316 0.221 0.106 0.197 0.072 0.062 0.037 0.019 0.039
  0.026 0.075 0.014 0.144 0.031 0.05  0.036 0.043 0.027 0.004 0.109 0.141
  0.053 0.06  0.175 0.128 0.403 0.024]
 [0.043 0.065 0.094 0.057 0.103 0.113 0.17  0.025 0.023 0.012 0.011 0.017
  0.012 0.03  0.01  0.018 0.023 0.022 0.031 0.035 0.011 0.044 0.006 0.008
  0.01  0.019 0.083 0.079 0.066 0.039]
 [0.033 0.067 0.277 0.11  0.08  0.076 0.053 0.028 0.088 0.013 0.012 0.022
  0.021 0.037 0.006 0.049 0.03  0.026 0.046 0.03  0.016 0.063 0.394 0.005
  0.013 0.008 0.271 0.08  0.104 0.029]
 [0.168 0.276 0.167 0.463 0.357 0.194 0.438 0.194 0.174 0.026 0.039 0.084
  0.038 0.091 0.019 0.203 0.063 0.09  0.092 0.289 0.064 0.12  0.592 0.248
  0.007 0.044 0.483 0.22  0.289 0.075]
 [0.164 0.259 0.383 0.322 0.262 0.383 0.184 0.324 0.171 0.057 0.073 0.054
  0.025 0.095 0.008 0.242 0.093 0.208 0.104 0.118 0.121 0.098 0.27  0.434
  0.148 0.005 0.328 0.258 0.521 0.104]
 [0.026 0.012 0.028 0.025 0.044 0.057 0.046 0.024 0.035 0.009 0.015 0.007
  0.009 0.014 0.01  0.008 0.016 0.01  0.018 0.012 0.014 0.027 0.052 0.014
  0.009 0.014 0.008 0.063 0.05  0.014]
 [0.047 0.03  0.1   0.072 0.083 0.118 0.094 0.028 0.033 0.014 0.005 0.022
  0.013 0.018 0.011 0.044 0.033 0.018 0.019 0.059 0.014 0.023 0.082 0.069
  0.024 0.025 0.107 0.005 0.129 0.063]
 [0.02  0.054 0.111 0.073 0.113 0.04  0.058 0.028 0.041 0.023 0.016 0.009
  0.022 0.021 0.009 0.053 0.014 0.019 0.027 0.023 0.007 0.015 0.081 0.095
  0.019 0.013 0.113 0.059 0.004 0.021]
 [0.228 0.169 0.269 0.21  0.283 0.347 0.135 0.06  0.235 0.114 0.037 0.053
  0.015 0.053 0.016 0.159 0.055 0.055 0.046 0.053 0.075 0.25  0.127 0.191
  0.068 0.055 0.385 0.094 0.164 0.005]]
[[0.    0.    0.    0.    0.    0.    0.    0.    0.    0.    0.    0.
  0.    0.    0.    0.    0.    0.    0.    0.    0.    0.    0.    0.
  0.    0.    0.    0.    0.    0.   ]
 [0.    0.    0.    0.    0.    0.    0.    0.    0.    0.    0.    0.
  0.    0.    0.    0.    0.    0.    0.    0.    0.    0.    0.    0.
  0.    0.    0.323 0.    0.    0.   ]
 [0.    0.    0.    0.    0.    0.    0.    0.    0.    0.    0.    0.
  0.    0.    0.    0.    0.    0.    0.    0.    0.    0.    0.    0.
  0.    0.    0.    0.    0.    0.   ]
 [0.    0.    0.    0.    0.    0.    0.    0.    0.    0.    0.    0.
  0.    0.    0.    0.    0.    0.    0.    0.    0.    0.    0.    0.
  0.    0.    0.    0.    0.    0.   ]
 [0.    0.    0.    0.    0.    0.    0.    0.    0.    0.    0.    0.
  0.    0.    0.    0.    0.    0.    0.    0.    0.    0.    0.    0.
  0.    0.    0.    0.    0.    0.   ]
 [0.    0.    0.    0.    0.    0.    0.    0.    0.    0.    0.    0.
  0.    0.    0.    0.    0.    0.    0.    0.    0.    0.    0.    0.
  0.    0.    0.    0.    0.    0.   ]
 [0.    0.    0.    0.    0.    0.    0.    0.    0.    0.    0.    0.
  0.    0.    0.    0.    0.    0.    0.    0.    0.    0.    0.    0.
  0.    0.    0.    0.    0.    0.   ]
 [0.    0.    0.322 0.59  0.    0.    0.    0.    0.    0.    0.    0.
  0.    0.    0.    0.    0.    0.    0.    0.    0.    0.    0.    0.312
  0.    0.    0.    0.    0.    0.   ]
 [0.    0.    0.    0.    0.    0.    0.    0.    0.    0.    0.    0.
  0.    0.    0.    0.    0.    0.    0.    0.    0.    0.    0.    0.
  0.    0.    0.    0.    0.    0.   ]
 [0.474 0.326 0.333 0.47  0.456 0.604 0.    0.    0.    0.    0.    0.
  0.    0.    0.    0.    0.    0.    0.    0.    0.    0.    0.468 0.451
  0.    0.    0.592 0.416 0.    0.   ]
 [0.    0.    0.421 0.    0.    0.349 0.    0.    0.353 0.    0.    0.
  0.    0.    0.    0.    0.    0.    0.    0.    0.    0.306 0.438 0.321
  0.    0.    0.365 1.493 0.397 0.   ]
 [0.    0.    1.098 0.316 0.    0.    0.    0.    0.    0.    0.    0.
  0.    0.    0.    0.316 0.    0.    0.    0.    0.    0.    0.306 0.
  0.    0.    0.608 0.    0.423 0.   ]
 [0.    0.512 0.377 0.    0.509 0.459 0.566 0.    0.55  0.    0.    0.
  0.    0.    0.    0.    0.    0.    0.    0.    0.    0.316 0.382 0.
  0.    0.    0.78  0.    0.341 0.345]
 [0.    0.    0.    0.311 0.621 0.    0.    0.    0.    0.    0.    0.
  0.    0.    0.    0.    0.    0.    0.    0.    0.    0.    0.    0.
  0.    0.    0.438 0.    0.    0.   ]
 [0.    0.466 0.469 0.387 0.339 0.434 0.    0.    0.318 0.    0.    0.
  0.    0.    0.    0.    0.    0.302 0.368 0.364 0.    0.341 0.571 0.673
  0.301 0.717 0.339 0.507 0.467 0.   ]
 [0.    0.    0.367 0.    0.    0.    0.    0.    0.    0.    0.    0.
  0.    0.    0.    0.    0.    0.    0.    0.    0.    0.    0.344 0.
  0.    0.    0.685 0.    0.    0.   ]
 [0.    0.    0.59  0.    0.324 0.    0.    0.    0.    0.    0.    0.
  0.    0.    0.    0.    0.    0.    0.    0.    0.    0.    0.    0.
  0.    0.    0.304 0.    0.357 0.   ]
 [0.    0.    0.414 0.405 0.838 0.    0.    0.    0.    0.    0.    0.
  0.    0.    0.    0.    0.    0.    0.    0.    0.    0.    0.    0.
  0.    0.    0.639 0.347 0.    0.   ]
 [0.    0.    0.    0.    0.    0.    0.    0.    0.    0.    0.    0.
  0.    0.    0.    0.    0.    0.    0.    0.    0.    0.    0.    0.
  0.    0.    0.387 0.379 0.    0.   ]
 [0.    0.    0.    0.    0.41  0.    0.    0.    0.    0.    0.    0.
  0.    0.    0.    0.    0.    0.    0.    0.    0.    0.    0.    0.
  0.    0.    0.434 0.    0.    0.   ]
 [0.    0.    0.454 0.    0.45  0.494 0.315 0.    0.948 0.    0.    0.
  0.    0.    0.    0.    0.    0.    0.    0.    0.    0.    0.486 0.303
  0.    0.    0.357 0.    0.765 0.   ]
 [0.    0.    0.    0.316 0.    0.    0.    0.    0.    0.    0.    0.
  0.    0.    0.    0.    0.    0.    0.    0.    0.    0.    0.    0.
  0.    0.    0.    0.    0.403 0.   ]
 [0.    0.    0.    0.    0.    0.    0.    0.    0.    0.    0.    0.
  0.    0.    0.    0.    0.    0.    0.    0.    0.    0.    0.    0.
  0.    0.    0.    0.    0.    0.   ]
 [0.    0.    0.    0.    0.    0.    0.    0.    0.    0.    0.    0.
  0.    0.    0.    0.    0.    0.    0.    0.    0.    0.    0.394 0.
  0.    0.    0.    0.    0.    0.   ]
 [0.    0.    0.    0.463 0.357 0.    0.438 0.    0.    0.    0.    0.
  0.    0.    0.    0.    0.    0.    0.    0.    0.    0.    0.592 0.
  0.    0.    0.483 0.    0.    0.   ]
 [0.    0.    0.383 0.322 0.    0.383 0.    0.324 0.    0.    0.    0.
  0.    0.    0.    0.    0.    0.    0.    0.    0.    0.    0.    0.434
  0.    0.    0.328 0.    0.521 0.   ]
 [0.    0.    0.    0.    0.    0.    0.    0.    0.    0.    0.    0.
  0.    0.    0.    0.    0.    0.    0.    0.    0.    0.    0.    0.
  0.    0.    0.    0.    0.    0.   ]
 [0.    0.    0.    0.    0.    0.    0.    0.    0.    0.    0.    0.
  0.    0.    0.    0.    0.    0.    0.    0.    0.    0.    0.    0.
  0.    0.    0.    0.    0.    0.   ]
 [0.    0.    0.    0.    0.    0.    0.    0.    0.    0.    0.    0.
  0.    0.    0.    0.    0.    0.    0.    0.    0.    0.    0.    0.
  0.    0.    0.    0.    0.    0.   ]
 [0.    0.    0.    0.    0.    0.347 0.    0.    0.    0.    0.    0.
  0.    0.    0.    0.    0.    0.    0.    0.    0.    0.    0.    0.
  0.    0.    0.385 0.    0.    0.   ]]
{'fdr': 0.696078431372549, 'tpr': 0.5166666666666667, 'fpr': 0.18933333333333333, 'f1': 0.3827160493827161, 'shd': 98, 'npred': 102, 'ntrue': 60}
[0.205 0.207 0.077 0.288 0.198 0.085 0.073 0.173 0.011 0.025 0.076 0.021
 0.047 0.019 0.042 0.031 0.034 0.047 0.038 0.035 0.14  0.092 0.128 0.037
 0.039 0.181 0.156 0.278 0.035 0.027 0.103 0.055 0.198 0.115 0.17  0.069
 0.126 0.015 0.043 0.027 0.016 0.03  0.013 0.042 0.031 0.031 0.086 0.051
 0.021 0.055 0.128 0.082 0.02  0.019 0.323 0.222 0.134 0.026 0.032 0.068
 0.093 0.104 0.044 0.052 0.016 0.052 0.011 0.014 0.004 0.017 0.04  0.012
 0.011 0.007 0.016 0.032 0.019 0.008 0.029 0.063 0.016 0.033 0.015 0.12
 0.055 0.049 0.015 0.074 0.048 0.072 0.17  0.062 0.059 0.01  0.114 0.007
 0.014 0.019 0.016 0.016 0.011 0.091 0.026 0.015 0.048 0.019 0.018 0.016
 0.116 0.046 0.013 0.01  0.209 0.082 0.106 0.022 0.016 0.031 0.057 0.031
 0.043 0.077 0.022 0.062 0.014 0.017 0.024 0.012 0.009 0.008 0.039 0.014
 0.007 0.022 0.01  0.008 0.021 0.062 0.072 0.014 0.012 0.159 0.045 0.043
 0.013 0.023 0.069 0.115 0.101 0.121 0.059 0.044 0.058 0.008 0.014 0.044
 0.013 0.029 0.012 0.054 0.069 0.045 0.026 0.027 0.015 0.057 0.048 0.106
 0.02  0.012 0.092 0.061 0.184 0.016 0.076 0.033 0.153 0.095 0.101 0.092
 0.023 0.076 0.013 0.02  0.025 0.007 0.022 0.019 0.028 0.024 0.018 0.034
 0.034 0.014 0.039 0.042 0.129 0.016 0.022 0.096 0.053 0.086 0.044 0.128
 0.123 0.322 0.59  0.164 0.165 0.221 0.276 0.061 0.043 0.027 0.049 0.099
 0.015 0.203 0.043 0.092 0.104 0.141 0.013 0.08  0.232 0.312 0.045 0.019
 0.18  0.194 0.183 0.08  0.023 0.042 0.115 0.058 0.074 0.096 0.066 0.017
 0.021 0.017 0.017 0.009 0.041 0.02  0.056 0.037 0.053 0.013 0.059 0.006
 0.11  0.265 0.1   0.024 0.03  0.16  0.147 0.212 0.019 0.474 0.326 0.333
 0.47  0.456 0.604 0.295 0.099 0.265 0.053 0.205 0.038 0.135 0.091 0.296
 0.129 0.089 0.127 0.243 0.176 0.2   0.468 0.451 0.218 0.124 0.592 0.416
 0.192 0.063 0.266 0.173 0.421 0.272 0.174 0.349 0.293 0.134 0.353 0.137
 0.065 0.044 0.251 0.057 0.25  0.105 0.261 0.191 0.165 0.07  0.306 0.438
 0.321 0.136 0.104 0.365 1.493 0.397 0.116 0.128 0.219 1.098 0.316 0.191
 0.104 0.261 0.13  0.235 0.034 0.081 0.033 0.147 0.028 0.316 0.094 0.096
 0.098 0.186 0.091 0.154 0.306 0.299 0.082 0.083 0.608 0.132 0.423 0.113
 0.299 0.512 0.377 0.237 0.509 0.459 0.566 0.099 0.55  0.145 0.128 0.111
 0.144 0.086 0.24  0.169 0.149 0.097 0.143 0.061 0.316 0.382 0.246 0.142
 0.166 0.78  0.292 0.341 0.345 0.12  0.213 0.101 0.311 0.621 0.193 0.204
 0.08  0.146 0.065 0.031 0.057 0.041 0.032 0.059 0.022 0.077 0.076 0.228
 0.057 0.087 0.181 0.135 0.082 0.049 0.438 0.289 0.277 0.109 0.211 0.466
 0.469 0.387 0.339 0.434 0.252 0.235 0.318 0.073 0.104 0.223 0.078 0.175
 0.251 0.144 0.302 0.368 0.364 0.147 0.341 0.571 0.673 0.301 0.717 0.339
 0.507 0.467 0.265 0.138 0.114 0.367 0.062 0.155 0.106 0.159 0.02  0.091
 0.019 0.017 0.02  0.028 0.121 0.022 0.059 0.027 0.035 0.077 0.02  0.051
 0.344 0.096 0.02  0.023 0.685 0.114 0.115 0.038 0.2   0.125 0.59  0.191
 0.324 0.074 0.2   0.102 0.101 0.058 0.053 0.092 0.033 0.125 0.041 0.076
 0.073 0.045 0.277 0.048 0.142 0.205 0.186 0.124 0.091 0.304 0.131 0.357
 0.106 0.152 0.203 0.414 0.405 0.838 0.105 0.22  0.052 0.133 0.08  0.022
 0.03  0.034 0.069 0.022 0.275 0.08  0.041 0.112 0.045 0.105 0.2   0.255
 0.097 0.026 0.639 0.347 0.166 0.085 0.133 0.085 0.18  0.118 0.223 0.285
 0.164 0.06  0.293 0.049 0.032 0.054 0.065 0.093 0.015 0.148 0.154 0.106
 0.157 0.038 0.187 0.167 0.159 0.078 0.033 0.387 0.379 0.215 0.16  0.131
 0.087 0.271 0.131 0.41  0.189 0.146 0.053 0.118 0.025 0.029 0.029 0.043
 0.028 0.019 0.069 0.017 0.058 0.038 0.037 0.146 0.178 0.114 0.019 0.043
 0.434 0.11  0.241 0.122 0.169 0.226 0.454 0.234 0.45  0.494 0.315 0.299
 0.948 0.036 0.086 0.088 0.077 0.098 0.035 0.245 0.118 0.152 0.134 0.149
 0.173 0.486 0.303 0.089 0.042 0.357 0.28  0.765 0.086 0.042 0.114 0.207
 0.316 0.221 0.106 0.197 0.072 0.062 0.037 0.019 0.039 0.026 0.075 0.014
 0.144 0.031 0.05  0.036 0.043 0.027 0.109 0.141 0.053 0.06  0.175 0.128
 0.403 0.024 0.043 0.065 0.094 0.057 0.103 0.113 0.17  0.025 0.023 0.012
 0.011 0.017 0.012 0.03  0.01  0.018 0.023 0.022 0.031 0.035 0.011 0.044
 0.008 0.01  0.019 0.083 0.079 0.066 0.039 0.033 0.067 0.277 0.11  0.08
 0.076 0.053 0.028 0.088 0.013 0.012 0.022 0.021 0.037 0.006 0.049 0.03
 0.026 0.046 0.03  0.016 0.063 0.394 0.013 0.008 0.271 0.08  0.104 0.029
 0.168 0.276 0.167 0.463 0.357 0.194 0.438 0.194 0.174 0.026 0.039 0.084
 0.038 0.091 0.019 0.203 0.063 0.09  0.092 0.289 0.064 0.12  0.592 0.248
 0.044 0.483 0.22  0.289 0.075 0.164 0.259 0.383 0.322 0.262 0.383 0.184
 0.324 0.171 0.057 0.073 0.054 0.025 0.095 0.008 0.242 0.093 0.208 0.104
 0.118 0.121 0.098 0.27  0.434 0.148 0.328 0.258 0.521 0.104 0.026 0.012
 0.028 0.025 0.044 0.057 0.046 0.024 0.035 0.009 0.015 0.007 0.009 0.014
 0.01  0.008 0.016 0.01  0.018 0.012 0.014 0.027 0.052 0.014 0.009 0.014
 0.063 0.05  0.014 0.047 0.03  0.1   0.072 0.083 0.118 0.094 0.028 0.033
 0.014 0.005 0.022 0.013 0.018 0.011 0.044 0.033 0.018 0.019 0.059 0.014
 0.023 0.082 0.069 0.024 0.025 0.107 0.129 0.063 0.02  0.054 0.111 0.073
 0.113 0.04  0.058 0.028 0.041 0.023 0.016 0.009 0.022 0.021 0.009 0.053
 0.014 0.019 0.027 0.023 0.007 0.015 0.081 0.095 0.019 0.013 0.113 0.059
 0.021 0.228 0.169 0.269 0.21  0.283 0.347 0.135 0.06  0.235 0.114 0.037
 0.053 0.015 0.053 0.016 0.159 0.055 0.055 0.046 0.053 0.075 0.25  0.127
 0.191 0.068 0.055 0.385 0.094 0.164]
[[0. 0. 0. 0. 0. 0. 0. 0. 0. 0. 0. 0. 0. 0. 0. 0. 0. 0. 0. 1. 0. 0. 0. 0.
  0. 0. 0. 0. 0. 0.]
 [0. 0. 0. 0. 0. 1. 1. 0. 0. 0. 0. 0. 0. 0. 0. 0. 0. 0. 0. 0. 0. 0. 0. 0.
  0. 0. 0. 0. 0. 0.]
 [0. 0. 0. 0. 0. 0. 0. 0. 0. 0. 0. 0. 0. 0. 0. 0. 0. 0. 0. 0. 0. 0. 0. 0.
  0. 0. 0. 0. 0. 0.]
 [0. 0. 0. 0. 0. 0. 0. 0. 0. 0. 0. 0. 0. 0. 0. 0. 0. 0. 0. 0. 0. 0. 0. 0.
  0. 0. 0. 0. 0. 0.]
 [0. 0. 0. 0. 0. 0. 0. 0. 0. 0. 0. 0. 0. 0. 0. 0. 0. 0. 0. 0. 0. 0. 0. 0.
  0. 0. 0. 0. 0. 0.]
 [0. 0. 0. 0. 0. 0. 0. 0. 0. 0. 0. 0. 0. 0. 0. 0. 0. 0. 0. 1. 0. 0. 0. 0.
  0. 0. 0. 0. 0. 0.]
 [0. 0. 0. 0. 0. 0. 0. 0. 0. 0. 0. 0. 0. 0. 0. 0. 0. 0. 0. 0. 0. 0. 0. 0.
  0. 0. 0. 0. 0. 0.]
 [0. 0. 0. 1. 0. 0. 0. 0. 0. 0. 0. 0. 0. 0. 0. 0. 0. 0. 0. 0. 0. 0. 0. 0.
  0. 0. 0. 0. 0. 0.]
 [0. 0. 0. 0. 0. 0. 0. 0. 0. 0. 0. 0. 0. 0. 0. 0. 0. 0. 1. 1. 0. 0. 1. 0.
  0. 0. 0. 0. 0. 0.]
 [1. 0. 0. 0. 0. 1. 0. 1. 0. 0. 0. 1. 0. 0. 0. 0. 0. 0. 0. 0. 0. 0. 0. 0.
  0. 0. 1. 0. 0. 0.]
 [0. 0. 0. 0. 0. 0. 0. 0. 1. 0. 0. 0. 0. 0. 0. 0. 0. 0. 0. 0. 0. 0. 0. 0.
  0. 0. 0. 1. 0. 0.]
 [0. 0. 1. 0. 0. 0. 0. 0. 0. 0. 0. 0. 0. 0. 0. 0. 0. 0. 0. 0. 0. 0. 0. 0.
  0. 0. 1. 0. 0. 0.]
 [0. 0. 0. 0. 0. 0. 1. 0. 1. 0. 0. 0. 0. 0. 0. 0. 0. 0. 0. 0. 0. 0. 0. 1.
  0. 0. 1. 0. 0. 1.]
 [0. 0. 0. 0. 1. 0. 0. 0. 0. 0. 0. 0. 0. 0. 0. 0. 0. 1. 0. 1. 0. 0. 0. 0.
  0. 0. 1. 0. 0. 0.]
 [0. 0. 0. 0. 0. 0. 0. 0. 0. 0. 0. 1. 0. 0. 0. 0. 0. 0. 0. 0. 0. 0. 0. 1.
  0. 1. 0. 0. 0. 0.]
 [0. 0. 0. 0. 0. 0. 0. 0. 0. 0. 0. 0. 0. 0. 0. 0. 0. 0. 0. 0. 0. 0. 0. 0.
  0. 0. 0. 0. 0. 0.]
 [0. 0. 1. 0. 0. 0. 0. 0. 1. 0. 0. 0. 0. 0. 0. 0. 0. 0. 0. 0. 1. 1. 0. 0.
  0. 0. 0. 0. 0. 0.]
 [0. 0. 0. 0. 1. 0. 0. 1. 0. 0. 0. 0. 0. 0. 0. 0. 0. 0. 0. 0. 0. 0. 0. 0.
  0. 0. 1. 0. 0. 0.]
 [0. 0. 0. 0. 0. 0. 0. 0. 0. 0. 0. 0. 0. 0. 0. 0. 0. 0. 0. 0. 0. 0. 0. 0.
  0. 0. 0. 0. 0. 0.]
 [0. 0. 0. 0. 0. 0. 0. 0. 0. 0. 0. 0. 0. 0. 0. 0. 0. 0. 0. 0. 0. 0. 0. 0.
  0. 0. 0. 0. 0. 0.]
 [0. 0. 0. 0. 0. 1. 0. 0. 1. 0. 0. 0. 0. 0. 0. 0. 0. 0. 0. 0. 0. 0. 0. 0.
  0. 0. 0. 0. 1. 0.]
 [0. 0. 0. 1. 1. 0. 0. 0. 1. 0. 0. 0. 0. 0. 0. 0. 0. 1. 0. 0. 0. 0. 0. 0.
  0. 0. 0. 0. 1. 1.]
 [0. 0. 0. 0. 0. 0. 0. 0. 0. 0. 0. 0. 0. 0. 0. 1. 0. 0. 0. 0. 0. 0. 0. 0.
  0. 0. 0. 0. 0. 0.]
 [0. 0. 0. 1. 0. 0. 0. 0. 0. 0. 0. 0. 0. 0. 0. 0. 0. 0. 1. 0. 0. 0. 1. 0.
  0. 0. 1. 0. 0. 0.]
 [0. 0. 0. 0. 0. 0. 1. 0. 0. 0. 0. 0. 0. 0. 0. 0. 0. 0. 0. 0. 0. 0. 1. 0.
  0. 0. 0. 0. 0. 0.]
 [0. 0. 0. 0. 0. 0. 0. 1. 0. 0. 0. 0. 0. 0. 0. 0. 0. 1. 0. 0. 0. 0. 0. 1.
  0. 0. 0. 0. 1. 0.]
 [0. 0. 0. 0. 0. 0. 0. 0. 0. 0. 0. 0. 0. 0. 0. 1. 0. 0. 0. 0. 0. 0. 0. 0.
  0. 0. 0. 0. 0. 0.]
 [0. 0. 0. 0. 0. 0. 0. 1. 0. 0. 0. 0. 0. 0. 0. 0. 0. 0. 0. 0. 0. 0. 0. 0.
  0. 0. 0. 0. 0. 0.]
 [0. 0. 0. 0. 0. 0. 0. 0. 0. 0. 0. 0. 0. 0. 0. 0. 0. 0. 0. 0. 0. 0. 0. 0.
  0. 0. 0. 0. 0. 0.]
 [0. 0. 0. 0. 0. 1. 0. 0. 0. 0. 0. 0. 0. 0. 0. 0. 0. 0. 1. 0. 0. 0. 0. 0.
  0. 0. 0. 0. 0. 0.]]
[0. 0. 0. 0. 0. 0. 0. 0. 0. 0. 0. 0. 0. 0. 0. 0. 0. 0. 1. 0. 0. 0. 0. 0.
 0. 0. 0. 0. 0. 0. 0. 0. 0. 1. 1. 0. 0. 0. 0. 0. 0. 0. 0. 0. 0. 0. 0. 0.
 0. 0. 0. 0. 0. 0. 0. 0. 0. 0. 0. 0. 0. 0. 0. 0. 0. 0. 0. 0. 0. 0. 0. 0.
 0. 0. 0. 0. 0. 0. 0. 0. 0. 0. 0. 0. 0. 0. 0. 0. 0. 0. 0. 0. 0. 0. 0. 0.
 0. 0. 0. 0. 0. 0. 0. 0. 0. 0. 0. 0. 0. 0. 0. 0. 0. 0. 0. 0. 0. 0. 0. 0.
 0. 0. 0. 0. 0. 0. 0. 0. 0. 0. 0. 0. 0. 0. 0. 0. 0. 0. 0. 0. 0. 0. 0. 0.
 0. 0. 0. 0. 0. 0. 0. 0. 0. 0. 0. 0. 0. 0. 0. 0. 0. 0. 0. 1. 0. 0. 0. 0.
 0. 0. 0. 0. 0. 0. 0. 0. 0. 0. 0. 0. 0. 0. 0. 0. 0. 0. 0. 0. 0. 0. 0. 0.
 0. 0. 0. 0. 0. 0. 0. 0. 0. 0. 0. 0. 0. 0. 1. 0. 0. 0. 0. 0. 0. 0. 0. 0.
 0. 0. 0. 0. 0. 0. 0. 0. 0. 0. 0. 0. 0. 0. 0. 0. 0. 0. 0. 0. 0. 0. 0. 0.
 0. 0. 0. 0. 0. 0. 0. 0. 0. 1. 1. 0. 0. 1. 0. 0. 0. 0. 0. 0. 0. 1. 0. 0.
 0. 0. 1. 0. 1. 0. 0. 1. 0. 0. 0. 0. 0. 0. 0. 0. 0. 0. 0. 0. 0. 0. 1. 0.
 0. 0. 0. 0. 0. 0. 0. 0. 0. 0. 1. 0. 0. 0. 0. 0. 0. 0. 0. 0. 0. 0. 0. 0.
 0. 0. 0. 0. 1. 0. 0. 0. 0. 1. 0. 0. 0. 0. 0. 0. 0. 0. 0. 0. 0. 0. 0. 0.
 0. 0. 0. 0. 0. 0. 0. 0. 1. 0. 0. 0. 0. 0. 0. 0. 0. 0. 1. 0. 1. 0. 0. 0.
 0. 0. 0. 0. 0. 0. 0. 0. 0. 0. 1. 0. 0. 1. 0. 0. 1. 0. 0. 0. 0. 1. 0. 0.
 0. 0. 0. 0. 0. 0. 0. 0. 0. 1. 0. 1. 0. 0. 0. 0. 0. 0. 1. 0. 0. 0. 0. 0.
 0. 0. 0. 0. 0. 0. 0. 0. 0. 1. 0. 0. 0. 0. 0. 0. 0. 0. 0. 0. 1. 0. 1. 0.
 0. 0. 0. 0. 0. 0. 0. 0. 0. 0. 0. 0. 0. 0. 0. 0. 0. 0. 0. 0. 0. 0. 0. 0.
 0. 0. 0. 0. 0. 0. 0. 0. 0. 0. 1. 0. 0. 0. 0. 0. 1. 0. 0. 0. 0. 0. 0. 0.
 0. 0. 0. 1. 1. 0. 0. 0. 0. 0. 0. 0. 0. 0. 0. 0. 0. 1. 0. 0. 1. 0. 0. 0.
 0. 0. 0. 0. 0. 0. 0. 0. 0. 0. 0. 0. 0. 0. 1. 0. 0. 0. 0. 0. 0. 0. 0. 0.
 0. 0. 0. 0. 0. 0. 0. 0. 0. 0. 0. 0. 0. 0. 0. 0. 0. 0. 0. 0. 0. 0. 0. 0.
 0. 0. 0. 0. 0. 0. 0. 0. 0. 0. 0. 0. 0. 0. 0. 0. 0. 0. 0. 0. 0. 0. 0. 0.
 0. 0. 0. 0. 0. 0. 0. 0. 0. 1. 0. 0. 1. 0. 0. 0. 0. 0. 0. 0. 0. 0. 0. 0.
 0. 0. 0. 0. 0. 0. 0. 1. 0. 0. 0. 0. 1. 1. 0. 0. 0. 1. 0. 0. 0. 0. 0. 0.
 0. 0. 1. 0. 0. 0. 0. 0. 0. 0. 0. 0. 1. 1. 0. 0. 0. 0. 0. 0. 0. 0. 0. 0.
 0. 0. 0. 0. 0. 1. 0. 0. 0. 0. 0. 0. 0. 0. 0. 0. 0. 0. 0. 0. 0. 0. 1. 0.
 0. 0. 0. 0. 0. 0. 0. 0. 0. 0. 0. 0. 0. 1. 0. 0. 0. 1. 0. 0. 1. 0. 0. 0.
 0. 0. 0. 0. 0. 0. 1. 0. 0. 0. 0. 0. 0. 0. 0. 0. 0. 0. 0. 0. 0. 0. 1. 0.
 0. 0. 0. 0. 0. 0. 0. 0. 0. 0. 0. 0. 1. 0. 0. 0. 0. 0. 0. 0. 0. 0. 1. 0.
 0. 0. 0. 0. 1. 0. 0. 0. 1. 0. 0. 0. 0. 0. 0. 0. 0. 0. 0. 0. 0. 0. 0. 0.
 0. 1. 0. 0. 0. 0. 0. 0. 0. 0. 0. 0. 0. 0. 0. 0. 0. 0. 0. 0. 0. 0. 1. 0.
 0. 0. 0. 0. 0. 0. 0. 0. 0. 0. 0. 0. 0. 0. 0. 0. 0. 0. 0. 0. 0. 0. 0. 0.
 0. 0. 0. 0. 0. 0. 0. 0. 0. 0. 0. 0. 0. 0. 0. 0. 0. 0. 0. 0. 0. 0. 0. 0.
 0. 0. 0. 0. 0. 0. 1. 0. 0. 0. 0. 0. 0. 0. 0. 0. 0. 0. 0. 1. 0. 0. 0. 0.
 0. 0. 0. 0. 0. 0.]
aucroc, aucpr (0.7635596707818931, 0.46639559968274824)
Iterations 567
Achieves (3.8714582201520527, 1e-05)-DP
