samples  5000  graph  30 120 ER mlp  minibatch size  100  noise  1.0  minibatches per NN training  63 quantile adaptive clipping
cuda
cuda
iteration 1 in inner loop,alpha 0.0 rho 1.0 h 2.407192360868244
iteration 1 in outer loop, alpha = 2.407192360868244, rho = 1.0, h = 2.407192360868244
cuda
iteration 1 in inner loop,alpha 2.407192360868244 rho 1.0 h 1.519847643277938
iteration 2 in inner loop,alpha 2.407192360868244 rho 10.0 h 0.6681085661998409
iteration 3 in inner loop,alpha 2.407192360868244 rho 100.0 h 0.21757682918708454
iteration 2 in outer loop, alpha = 24.164875279576698, rho = 100.0, h = 0.21757682918708454
cuda
iteration 1 in inner loop,alpha 24.164875279576698 rho 100.0 h 0.12196764905704427
iteration 2 in inner loop,alpha 24.164875279576698 rho 1000.0 h 0.04317458182999445
iteration 3 in outer loop, alpha = 67.33945710957116, rho = 1000.0, h = 0.04317458182999445
cuda
iteration 1 in inner loop,alpha 67.33945710957116 rho 1000.0 h 0.021364140239260365
iteration 2 in inner loop,alpha 67.33945710957116 rho 10000.0 h 0.007838170032748337
iteration 4 in outer loop, alpha = 145.72115743705453, rho = 10000.0, h = 0.007838170032748337
cuda
iteration 1 in inner loop,alpha 145.72115743705453 rho 10000.0 h 0.0033812997170095116
iteration 2 in inner loop,alpha 145.72115743705453 rho 100000.0 h 0.0012171182695723815
iteration 5 in outer loop, alpha = 267.4329843942927, rho = 100000.0, h = 0.0012171182695723815
cuda
iteration 1 in inner loop,alpha 267.4329843942927 rho 100000.0 h 0.0005626971364627309
iteration 6 in outer loop, alpha = 830.1301208570236, rho = 1000000.0, h = 0.0005626971364627309
Threshold 0.3
[[0.002 0.    0.001 1.91  0.001 0.167 0.231 0.    0.    0.    0.    0.
  0.    0.    0.    0.915 0.    0.    0.687 0.181 0.    0.    0.21  0.
  0.    0.    0.163 0.    0.228 0.   ]
 [0.42  0.003 0.006 0.109 0.179 1.55  0.19  0.    1.205 0.    0.    0.139
  0.    0.    0.    0.815 0.    1.205 0.331 0.635 0.    0.002 1.067 0.001
  0.    0.    0.168 0.    0.242 0.127]
 [0.169 0.081 0.002 0.481 0.036 0.438 0.185 0.003 0.082 0.    0.    0.164
  0.    0.    0.    0.778 0.    0.267 0.127 0.066 0.    0.    0.179 0.
  0.    0.003 0.182 0.    0.229 0.003]
 [0.    0.    0.    0.002 0.    0.001 0.141 0.    0.    0.    0.    0.
  0.    0.    0.    0.886 0.    0.    0.204 0.609 0.    0.    0.112 0.
  0.    0.    0.    0.    0.246 0.   ]
 [0.098 0.006 0.039 0.217 0.003 0.114 0.331 0.    0.269 0.    0.    0.274
  0.    0.    0.    0.164 0.    0.001 0.688 0.173 0.    0.001 1.456 0.
  0.    0.001 0.132 0.    0.24  0.004]
 [0.001 0.    0.    0.184 0.002 0.002 1.676 0.    0.002 0.    0.    0.
  0.    0.    0.    0.203 0.    0.    0.152 0.117 0.    0.    0.273 0.
  0.    0.    0.    0.    0.805 0.   ]
 [0.    0.    0.    0.001 0.    0.    0.004 0.    0.001 0.    0.    0.
  0.    0.    0.    1.006 0.    0.    0.011 0.001 0.    0.    0.001 0.
  0.    0.    0.    0.    0.176 0.   ]
 [0.42  0.817 0.124 0.159 2.207 0.185 0.186 0.002 1.334 0.    0.    0.15
  0.    0.    0.    0.563 0.    0.305 0.203 0.737 0.    0.002 0.314 0.001
  0.    0.005 0.137 0.    0.461 0.269]
 [1.22  0.    0.001 0.255 0.001 0.106 0.158 0.    0.002 0.    0.    0.
  0.    0.    0.    0.115 0.    0.    0.26  0.877 0.    0.    0.13  0.
  0.    0.    0.113 0.    0.162 0.   ]
 [0.293 0.954 0.185 0.228 0.219 0.352 0.275 0.309 1.211 0.001 0.    0.214
  2.24  0.125 0.007 0.319 0.001 0.402 0.284 0.103 0.002 0.483 0.478 0.086
  0.    0.159 0.248 0.001 0.318 1.862]
 [1.675 1.813 0.314 0.178 0.231 0.328 0.261 1.959 0.33  1.272 0.002 0.079
  0.168 0.287 0.004 1.05  0.    0.284 0.161 0.167 0.02  0.089 0.284 0.019
  0.    0.205 0.082 0.015 1.056 0.411]
 [0.147 0.002 0.003 0.151 0.002 0.133 0.929 0.    1.052 0.    0.    0.001
  0.    0.    0.    0.337 0.    0.    0.206 0.131 0.    0.    0.131 0.
  0.    0.001 0.954 0.    0.146 0.   ]
 [0.145 1.694 0.115 0.182 2.423 0.341 0.295 1.368 0.784 0.    0.    1.733
  0.001 0.    0.    0.265 0.    0.183 0.607 0.099 0.    2.558 0.505 0.003
  0.    0.032 1.056 0.    0.303 0.262]
 [0.212 0.219 2.735 1.141 0.117 1.696 0.337 0.151 0.437 0.002 0.002 0.475
  0.311 0.001 0.    0.481 0.    1.743 0.414 0.218 0.    0.12  0.295 2.619
  0.    0.52  0.359 0.007 0.214 2.419]
 [0.198 0.856 0.077 0.264 0.219 0.241 0.433 0.279 0.247 0.027 0.019 0.681
  2.497 0.081 0.002 0.27  0.    0.173 0.147 0.154 0.363 0.624 0.981 3.575
  0.006 0.102 0.44  0.003 0.464 0.27 ]
 [0.    0.    0.    0.    0.    0.    0.001 0.    0.    0.    0.    0.
  0.    0.    0.    0.005 0.    0.    0.006 0.001 0.    0.    0.    0.
  0.    0.    0.    0.    0.178 0.   ]
 [0.212 0.241 0.154 0.063 0.371 1.065 0.523 0.318 0.537 0.13  0.078 0.125
  1.093 0.093 3.029 0.458 0.001 0.028 0.233 0.079 0.717 1.355 0.205 0.332
  0.001 0.053 0.13  0.004 0.26  0.151]
 [0.145 0.    0.001 0.232 0.139 0.265 0.183 0.    1.095 0.    0.    0.198
  0.    0.    0.    0.224 0.    0.001 0.648 0.254 0.    0.    0.381 0.
  0.    0.    0.753 0.    0.185 0.001]
 [0.001 0.    0.002 0.001 0.    0.002 0.148 0.    0.    0.    0.    0.001
  0.    0.    0.    0.17  0.    0.    0.012 0.    0.    0.    0.013 0.
  0.    0.    0.001 0.    0.012 0.   ]
 [0.    0.    0.001 0.003 0.001 0.003 0.189 0.    0.    0.    0.    0.
  0.    0.    0.    0.292 0.    0.    0.76  0.003 0.    0.    0.148 0.
  0.    0.    0.    0.    0.457 0.   ]
 [0.186 0.519 0.205 0.394 1.853 1.012 0.246 1.104 0.2   0.084 0.026 0.219
  0.226 3.738 0.001 0.173 0.001 0.215 0.247 0.056 0.001 1.717 0.687 0.075
  0.    2.434 0.247 0.001 0.223 0.158]
 [0.087 0.215 2.434 1.079 1.632 0.234 0.607 0.315 0.464 0.    0.    0.389
  0.    0.    0.    0.272 0.    2.291 0.371 0.23  0.    0.001 0.446 0.
  0.    0.004 0.28  0.    0.538 2.113]
 [0.001 0.001 0.001 0.003 0.    0.001 0.936 0.    0.001 0.    0.    0.
  0.    0.    0.    0.218 0.    0.    0.437 0.005 0.    0.    0.005 0.
  0.    0.    0.001 0.    0.136 0.   ]
 [2.068 0.286 0.106 0.242 0.133 0.166 0.954 0.162 0.289 0.002 0.    2.186
  0.256 0.    0.    0.813 0.    0.087 0.78  0.794 0.    0.265 0.547 0.002
  0.    0.014 1.553 0.001 0.136 0.126]
 [0.229 0.455 0.703 0.13  0.153 0.527 0.549 0.279 0.114 1.153 4.359 0.162
  0.193 2.143 0.041 0.143 0.011 0.394 0.16  0.076 0.034 0.115 0.889 0.104
  0.001 2.782 0.108 0.    0.236 0.918]
 [0.221 1.74  0.162 0.082 0.178 0.237 0.122 0.113 0.218 0.003 0.004 0.119
  0.016 0.    0.    0.096 0.    0.115 0.361 0.157 0.    0.123 1.315 0.037
  0.    0.003 0.06  0.    0.131 0.123]
 [0.002 0.    0.001 1.559 0.003 1.775 0.422 0.    0.002 0.    0.    0.
  0.    0.    0.    0.766 0.    0.    0.875 0.205 0.    0.    1.357 0.
  0.    0.    0.003 0.    0.779 0.   ]
 [2.092 0.341 0.174 0.258 0.139 0.22  0.137 0.094 0.215 0.013 0.006 0.977
  0.006 0.015 0.021 0.191 0.017 0.121 0.18  0.073 0.001 0.052 0.915 0.03
  0.004 2.994 0.136 0.    0.141 0.096]
 [0.001 0.    0.001 0.001 0.005 0.002 0.006 0.001 0.001 0.    0.    0.001
  0.    0.    0.    0.04  0.    0.    0.092 0.01  0.    0.    0.003 0.
  0.    0.    0.001 0.    0.01  0.   ]
 [0.24  0.006 0.239 0.401 0.155 0.235 0.32  0.002 0.309 0.    0.    1.981
  0.    0.    0.    0.193 0.    0.318 0.666 0.188 0.    0.    0.177 0.
  0.    0.001 0.737 0.    0.094 0.002]]
[[0.    0.    0.    1.91  0.    0.    0.    0.    0.    0.    0.    0.
  0.    0.    0.    0.915 0.    0.    0.687 0.    0.    0.    0.    0.
  0.    0.    0.    0.    0.    0.   ]
 [0.42  0.    0.    0.    0.    1.55  0.    0.    1.205 0.    0.    0.
  0.    0.    0.    0.815 0.    1.205 0.331 0.635 0.    0.    1.067 0.
  0.    0.    0.    0.    0.    0.   ]
 [0.    0.    0.    0.481 0.    0.438 0.    0.    0.    0.    0.    0.
  0.    0.    0.    0.778 0.    0.    0.    0.    0.    0.    0.    0.
  0.    0.    0.    0.    0.    0.   ]
 [0.    0.    0.    0.    0.    0.    0.    0.    0.    0.    0.    0.
  0.    0.    0.    0.886 0.    0.    0.    0.609 0.    0.    0.    0.
  0.    0.    0.    0.    0.    0.   ]
 [0.    0.    0.    0.    0.    0.    0.331 0.    0.    0.    0.    0.
  0.    0.    0.    0.    0.    0.    0.688 0.    0.    0.    1.456 0.
  0.    0.    0.    0.    0.    0.   ]
 [0.    0.    0.    0.    0.    0.    1.676 0.    0.    0.    0.    0.
  0.    0.    0.    0.    0.    0.    0.    0.    0.    0.    0.    0.
  0.    0.    0.    0.    0.805 0.   ]
 [0.    0.    0.    0.    0.    0.    0.    0.    0.    0.    0.    0.
  0.    0.    0.    1.006 0.    0.    0.    0.    0.    0.    0.    0.
  0.    0.    0.    0.    0.    0.   ]
 [0.42  0.817 0.    0.    2.207 0.    0.    0.    1.334 0.    0.    0.
  0.    0.    0.    0.563 0.    0.305 0.    0.737 0.    0.    0.314 0.
  0.    0.    0.    0.    0.461 0.   ]
 [1.22  0.    0.    0.    0.    0.    0.    0.    0.    0.    0.    0.
  0.    0.    0.    0.    0.    0.    0.    0.877 0.    0.    0.    0.
  0.    0.    0.    0.    0.    0.   ]
 [0.    0.954 0.    0.    0.    0.352 0.    0.309 1.211 0.    0.    0.
  2.24  0.    0.    0.319 0.    0.402 0.    0.    0.    0.483 0.478 0.
  0.    0.    0.    0.    0.318 1.862]
 [1.675 1.813 0.314 0.    0.    0.328 0.    1.959 0.33  1.272 0.    0.
  0.    0.    0.    1.05  0.    0.    0.    0.    0.    0.    0.    0.
  0.    0.    0.    0.    1.056 0.411]
 [0.    0.    0.    0.    0.    0.    0.929 0.    1.052 0.    0.    0.
  0.    0.    0.    0.337 0.    0.    0.    0.    0.    0.    0.    0.
  0.    0.    0.954 0.    0.    0.   ]
 [0.    1.694 0.    0.    2.423 0.341 0.    1.368 0.784 0.    0.    1.733
  0.    0.    0.    0.    0.    0.    0.607 0.    0.    2.558 0.505 0.
  0.    0.    1.056 0.    0.303 0.   ]
 [0.    0.    2.735 1.141 0.    1.696 0.337 0.    0.437 0.    0.    0.475
  0.311 0.    0.    0.481 0.    1.743 0.414 0.    0.    0.    0.    2.619
  0.    0.52  0.359 0.    0.    2.419]
 [0.    0.856 0.    0.    0.    0.    0.433 0.    0.    0.    0.    0.681
  2.497 0.    0.    0.    0.    0.    0.    0.    0.363 0.624 0.981 3.575
  0.    0.    0.44  0.    0.464 0.   ]
 [0.    0.    0.    0.    0.    0.    0.    0.    0.    0.    0.    0.
  0.    0.    0.    0.    0.    0.    0.    0.    0.    0.    0.    0.
  0.    0.    0.    0.    0.    0.   ]
 [0.    0.    0.    0.    0.371 1.065 0.523 0.318 0.537 0.    0.    0.
  1.093 0.    3.029 0.458 0.    0.    0.    0.    0.717 1.355 0.    0.332
  0.    0.    0.    0.    0.    0.   ]
 [0.    0.    0.    0.    0.    0.    0.    0.    1.095 0.    0.    0.
  0.    0.    0.    0.    0.    0.    0.648 0.    0.    0.    0.381 0.
  0.    0.    0.753 0.    0.    0.   ]
 [0.    0.    0.    0.    0.    0.    0.    0.    0.    0.    0.    0.
  0.    0.    0.    0.    0.    0.    0.    0.    0.    0.    0.    0.
  0.    0.    0.    0.    0.    0.   ]
 [0.    0.    0.    0.    0.    0.    0.    0.    0.    0.    0.    0.
  0.    0.    0.    0.    0.    0.    0.76  0.    0.    0.    0.    0.
  0.    0.    0.    0.    0.457 0.   ]
 [0.    0.519 0.    0.394 1.853 1.012 0.    1.104 0.    0.    0.    0.
  0.    3.738 0.    0.    0.    0.    0.    0.    0.    1.717 0.687 0.
  0.    2.434 0.    0.    0.    0.   ]
 [0.    0.    2.434 1.079 1.632 0.    0.607 0.315 0.464 0.    0.    0.389
  0.    0.    0.    0.    0.    2.291 0.371 0.    0.    0.    0.446 0.
  0.    0.    0.    0.    0.538 2.113]
 [0.    0.    0.    0.    0.    0.    0.936 0.    0.    0.    0.    0.
  0.    0.    0.    0.    0.    0.    0.437 0.    0.    0.    0.    0.
  0.    0.    0.    0.    0.    0.   ]
 [2.068 0.    0.    0.    0.    0.    0.954 0.    0.    0.    0.    2.186
  0.    0.    0.    0.813 0.    0.    0.78  0.794 0.    0.    0.547 0.
  0.    0.    1.553 0.    0.    0.   ]
 [0.    0.455 0.703 0.    0.    0.527 0.549 0.    0.    1.153 4.359 0.
  0.    2.143 0.    0.    0.    0.394 0.    0.    0.    0.    0.889 0.
  0.    2.782 0.    0.    0.    0.918]
 [0.    1.74  0.    0.    0.    0.    0.    0.    0.    0.    0.    0.
  0.    0.    0.    0.    0.    0.    0.361 0.    0.    0.    1.315 0.
  0.    0.    0.    0.    0.    0.   ]
 [0.    0.    0.    1.559 0.    1.775 0.422 0.    0.    0.    0.    0.
  0.    0.    0.    0.766 0.    0.    0.875 0.    0.    0.    1.357 0.
  0.    0.    0.    0.    0.779 0.   ]
 [2.092 0.341 0.    0.    0.    0.    0.    0.    0.    0.    0.    0.977
  0.    0.    0.    0.    0.    0.    0.    0.    0.    0.    0.915 0.
  0.    2.994 0.    0.    0.    0.   ]
 [0.    0.    0.    0.    0.    0.    0.    0.    0.    0.    0.    0.
  0.    0.    0.    0.    0.    0.    0.    0.    0.    0.    0.    0.
  0.    0.    0.    0.    0.    0.   ]
 [0.    0.    0.    0.401 0.    0.    0.32  0.    0.309 0.    0.    1.981
  0.    0.    0.    0.    0.    0.318 0.666 0.    0.    0.    0.    0.
  0.    0.    0.737 0.    0.    0.   ]]
{'fdr': 0.3333333333333333, 'tpr': 0.9666666666666667, 'fpr': 0.18412698412698414, 'f1': 0.7891156462585035, 'shd': 62, 'npred': 174, 'ntrue': 120}
[2.007e-04 7.899e-04 1.910e+00 1.310e-03 1.667e-01 2.309e-01 8.612e-06
 3.095e-04 1.744e-05 1.435e-05 1.640e-04 1.085e-05 2.334e-05 3.363e-05
 9.154e-01 2.127e-05 7.252e-05 6.870e-01 1.806e-01 6.864e-07 3.025e-05
 2.101e-01 1.597e-04 2.055e-06 9.119e-05 1.626e-01 2.585e-05 2.275e-01
 3.487e-05 4.205e-01 5.516e-03 1.094e-01 1.788e-01 1.550e+00 1.905e-01
 3.164e-04 1.205e+00 8.566e-05 6.014e-05 1.387e-01 1.587e-04 1.152e-04
 9.644e-05 8.146e-01 4.592e-05 1.205e+00 3.313e-01 6.347e-01 1.320e-05
 1.938e-03 1.067e+00 7.746e-04 1.700e-07 3.132e-04 1.675e-01 2.720e-05
 2.423e-01 1.268e-01 1.692e-01 8.089e-02 4.814e-01 3.604e-02 4.384e-01
 1.847e-01 3.266e-03 8.249e-02 1.448e-05 2.324e-05 1.641e-01 7.889e-06
 1.864e-04 4.525e-06 7.781e-01 5.842e-06 2.674e-01 1.265e-01 6.614e-02
 1.835e-05 1.039e-04 1.788e-01 3.435e-04 1.850e-05 2.645e-03 1.816e-01
 1.861e-04 2.295e-01 3.405e-03 7.548e-05 8.756e-05 1.348e-04 2.845e-04
 1.471e-03 1.409e-01 4.549e-05 2.078e-04 1.230e-05 2.564e-05 5.756e-05
 2.951e-05 1.839e-05 1.953e-06 8.864e-01 7.521e-05 2.892e-05 2.044e-01
 6.093e-01 6.047e-06 1.124e-05 1.115e-01 1.716e-05 1.052e-05 3.254e-05
 7.358e-05 1.214e-05 2.461e-01 3.133e-05 9.845e-02 6.396e-03 3.933e-02
 2.172e-01 1.135e-01 3.314e-01 3.015e-04 2.686e-01 2.578e-05 5.739e-06
 2.735e-01 5.875e-05 1.631e-05 1.486e-05 1.642e-01 1.368e-06 1.274e-03
 6.877e-01 1.731e-01 1.491e-05 5.334e-04 1.456e+00 2.976e-04 7.909e-07
 5.111e-04 1.316e-01 5.446e-05 2.399e-01 4.238e-03 7.872e-04 3.277e-04
 1.146e-04 1.836e-01 2.111e-03 1.676e+00 2.469e-04 1.999e-03 2.150e-05
 2.106e-05 6.585e-05 3.724e-05 5.723e-06 6.558e-06 2.027e-01 2.907e-06
 1.937e-04 1.516e-01 1.165e-01 2.710e-06 1.433e-05 2.731e-01 2.761e-05
 1.616e-06 6.663e-05 6.373e-05 7.463e-06 8.047e-01 3.694e-05 3.544e-04
 1.512e-04 1.446e-04 1.469e-03 8.180e-05 3.194e-04 1.499e-04 6.771e-04
 1.496e-05 2.436e-05 6.808e-05 2.039e-05 4.595e-06 1.403e-05 1.006e+00
 1.018e-05 3.045e-05 1.076e-02 1.124e-03 1.914e-06 1.277e-05 5.204e-04
 1.006e-04 3.683e-06 1.637e-05 3.707e-05 4.732e-06 1.763e-01 1.719e-05
 4.197e-01 8.174e-01 1.245e-01 1.587e-01 2.207e+00 1.852e-01 1.864e-01
 1.334e+00 3.617e-05 2.568e-05 1.504e-01 1.917e-04 1.213e-04 1.998e-05
 5.635e-01 2.830e-06 3.053e-01 2.030e-01 7.368e-01 1.149e-05 2.051e-03
 3.142e-01 1.052e-03 5.920e-06 5.220e-03 1.371e-01 1.987e-04 4.606e-01
 2.694e-01 1.220e+00 2.951e-04 1.382e-03 2.546e-01 1.089e-03 1.060e-01
 1.584e-01 5.685e-05 1.638e-05 3.610e-05 1.102e-04 1.772e-05 7.457e-06
 6.502e-06 1.152e-01 7.286e-06 1.824e-04 2.603e-01 8.771e-01 2.619e-06
 3.129e-05 1.297e-01 2.136e-04 4.016e-07 1.254e-04 1.130e-01 9.939e-06
 1.620e-01 3.511e-05 2.927e-01 9.538e-01 1.853e-01 2.283e-01 2.190e-01
 3.517e-01 2.752e-01 3.093e-01 1.211e+00 7.982e-05 2.144e-01 2.240e+00
 1.248e-01 6.956e-03 3.191e-01 5.892e-04 4.015e-01 2.839e-01 1.027e-01
 1.960e-03 4.826e-01 4.779e-01 8.568e-02 4.322e-05 1.586e-01 2.484e-01
 1.226e-03 3.181e-01 1.862e+00 1.675e+00 1.813e+00 3.140e-01 1.779e-01
 2.306e-01 3.280e-01 2.612e-01 1.959e+00 3.303e-01 1.272e+00 7.851e-02
 1.684e-01 2.874e-01 4.401e-03 1.050e+00 2.481e-04 2.841e-01 1.614e-01
 1.671e-01 1.981e-02 8.914e-02 2.835e-01 1.936e-02 2.494e-04 2.052e-01
 8.193e-02 1.519e-02 1.056e+00 4.107e-01 1.472e-01 1.744e-03 2.780e-03
 1.506e-01 2.239e-03 1.330e-01 9.293e-01 3.841e-04 1.052e+00 2.561e-05
 3.478e-05 3.476e-05 1.236e-05 3.584e-06 3.373e-01 4.954e-05 3.633e-04
 2.059e-01 1.314e-01 2.307e-06 3.318e-05 1.309e-01 4.848e-05 4.423e-06
 8.389e-04 9.543e-01 6.263e-05 1.461e-01 2.265e-04 1.449e-01 1.694e+00
 1.152e-01 1.815e-01 2.423e+00 3.407e-01 2.953e-01 1.368e+00 7.843e-01
 1.671e-04 3.387e-05 1.733e+00 1.293e-04 7.702e-05 2.653e-01 2.371e-05
 1.832e-01 6.071e-01 9.905e-02 3.519e-05 2.558e+00 5.055e-01 3.043e-03
 1.012e-05 3.194e-02 1.056e+00 3.810e-04 3.027e-01 2.620e-01 2.118e-01
 2.186e-01 2.735e+00 1.141e+00 1.167e-01 1.696e+00 3.372e-01 1.513e-01
 4.367e-01 2.446e-03 1.683e-03 4.753e-01 3.110e-01 8.366e-05 4.806e-01
 1.465e-04 1.743e+00 4.137e-01 2.177e-01 7.954e-05 1.204e-01 2.954e-01
 2.619e+00 2.675e-04 5.200e-01 3.592e-01 7.065e-03 2.142e-01 2.419e+00
 1.978e-01 8.564e-01 7.651e-02 2.645e-01 2.193e-01 2.408e-01 4.332e-01
 2.791e-01 2.466e-01 2.663e-02 1.858e-02 6.805e-01 2.497e+00 8.079e-02
 2.701e-01 2.628e-04 1.729e-01 1.469e-01 1.539e-01 3.630e-01 6.244e-01
 9.807e-01 3.575e+00 5.785e-03 1.020e-01 4.401e-01 2.705e-03 4.643e-01
 2.701e-01 4.377e-05 3.162e-04 3.090e-04 1.316e-04 4.192e-04 1.931e-04
 9.816e-04 4.917e-05 4.602e-05 1.883e-05 7.232e-05 8.046e-05 4.800e-05
 1.281e-05 4.691e-06 7.957e-06 1.041e-04 5.843e-03 1.140e-03 3.047e-06
 1.238e-05 3.445e-04 2.994e-05 2.693e-06 1.342e-04 1.619e-04 1.497e-05
 1.783e-01 2.110e-05 2.121e-01 2.414e-01 1.541e-01 6.330e-02 3.712e-01
 1.065e+00 5.231e-01 3.183e-01 5.369e-01 1.298e-01 7.816e-02 1.249e-01
 1.093e+00 9.329e-02 3.029e+00 4.584e-01 2.764e-02 2.326e-01 7.934e-02
 7.168e-01 1.355e+00 2.052e-01 3.321e-01 6.973e-04 5.264e-02 1.300e-01
 4.399e-03 2.602e-01 1.507e-01 1.448e-01 4.249e-04 7.030e-04 2.320e-01
 1.387e-01 2.652e-01 1.831e-01 9.755e-05 1.095e+00 5.500e-06 1.304e-05
 1.977e-01 1.848e-05 1.139e-04 4.832e-06 2.240e-01 3.518e-07 6.480e-01
 2.538e-01 2.023e-05 1.258e-04 3.811e-01 9.823e-05 6.800e-06 1.408e-04
 7.526e-01 1.034e-05 1.855e-01 1.127e-03 9.169e-04 4.579e-04 1.581e-03
 6.246e-04 3.460e-04 2.028e-03 1.483e-01 4.875e-05 2.904e-04 6.067e-05
 1.172e-05 5.556e-04 5.552e-05 1.001e-04 6.513e-05 1.696e-01 5.120e-05
 3.195e-04 2.824e-04 4.614e-06 6.815e-05 1.296e-02 2.901e-04 1.021e-06
 4.214e-04 1.393e-03 1.761e-05 1.239e-02 1.043e-04 3.415e-04 2.682e-04
 6.561e-04 2.658e-03 8.987e-04 2.504e-03 1.893e-01 4.892e-04 3.194e-04
 6.962e-06 1.587e-05 2.084e-04 2.246e-05 5.496e-05 6.804e-05 2.924e-01
 2.884e-05 5.881e-05 7.599e-01 1.620e-05 3.327e-05 1.479e-01 3.125e-04
 1.639e-05 9.561e-05 7.828e-05 2.303e-05 4.566e-01 8.091e-05 1.857e-01
 5.188e-01 2.052e-01 3.940e-01 1.853e+00 1.012e+00 2.455e-01 1.104e+00
 2.003e-01 8.445e-02 2.558e-02 2.188e-01 2.261e-01 3.738e+00 8.417e-04
 1.734e-01 6.506e-04 2.148e-01 2.468e-01 5.631e-02 1.717e+00 6.867e-01
 7.452e-02 4.609e-04 2.434e+00 2.473e-01 1.068e-03 2.227e-01 1.581e-01
 8.708e-02 2.153e-01 2.434e+00 1.079e+00 1.632e+00 2.335e-01 6.070e-01
 3.148e-01 4.639e-01 7.714e-06 5.114e-06 3.890e-01 3.046e-05 2.487e-05
 3.158e-05 2.723e-01 5.887e-06 2.291e+00 3.713e-01 2.302e-01 5.631e-05
 4.457e-01 2.658e-04 1.261e-06 3.509e-03 2.796e-01 2.809e-04 5.375e-01
 2.113e+00 9.720e-04 8.035e-04 1.010e-03 3.395e-03 2.294e-04 9.352e-04
 9.364e-01 4.086e-05 1.176e-03 6.152e-06 5.829e-05 1.925e-04 1.894e-05
 9.283e-06 3.517e-06 2.180e-01 2.566e-06 1.916e-04 4.367e-01 5.456e-03
 2.730e-06 4.746e-05 1.503e-05 7.290e-06 1.781e-04 7.688e-04 4.449e-06
 1.361e-01 7.275e-05 2.068e+00 2.862e-01 1.063e-01 2.423e-01 1.334e-01
 1.655e-01 9.544e-01 1.622e-01 2.888e-01 2.070e-03 7.432e-05 2.186e+00
 2.559e-01 7.057e-05 1.918e-04 8.132e-01 6.228e-05 8.737e-02 7.800e-01
 7.937e-01 6.092e-06 2.648e-01 5.473e-01 1.020e-04 1.423e-02 1.553e+00
 9.230e-04 1.361e-01 1.262e-01 2.291e-01 4.548e-01 7.029e-01 1.300e-01
 1.533e-01 5.269e-01 5.488e-01 2.787e-01 1.142e-01 1.153e+00 4.359e+00
 1.621e-01 1.934e-01 2.143e+00 4.146e-02 1.427e-01 1.130e-02 3.944e-01
 1.600e-01 7.631e-02 3.403e-02 1.150e-01 8.889e-01 1.039e-01 2.782e+00
 1.079e-01 2.193e-04 2.365e-01 9.183e-01 2.206e-01 1.740e+00 1.622e-01
 8.221e-02 1.780e-01 2.368e-01 1.217e-01 1.125e-01 2.180e-01 3.149e-03
 4.424e-03 1.187e-01 1.584e-02 3.675e-04 1.595e-04 9.638e-02 8.177e-05
 1.154e-01 3.607e-01 1.568e-01 4.156e-05 1.233e-01 1.315e+00 3.679e-02
 4.002e-04 6.034e-02 8.502e-05 1.311e-01 1.229e-01 1.648e-03 2.055e-04
 7.565e-04 1.559e+00 2.574e-03 1.775e+00 4.218e-01 1.884e-04 2.492e-03
 8.856e-05 3.237e-05 2.719e-04 5.226e-05 2.719e-05 5.012e-06 7.656e-01
 6.468e-06 1.149e-04 8.753e-01 2.051e-01 3.535e-06 4.445e-05 1.357e+00
 3.591e-05 1.244e-06 2.636e-04 3.428e-05 7.785e-01 9.039e-05 2.092e+00
 3.410e-01 1.735e-01 2.575e-01 1.391e-01 2.198e-01 1.371e-01 9.423e-02
 2.145e-01 1.268e-02 6.084e-03 9.774e-01 6.261e-03 1.537e-02 2.106e-02
 1.908e-01 1.748e-02 1.214e-01 1.798e-01 7.267e-02 6.593e-04 5.175e-02
 9.148e-01 3.044e-02 3.502e-03 2.994e+00 1.361e-01 1.409e-01 9.570e-02
 1.360e-03 4.548e-04 6.049e-04 1.115e-03 4.569e-03 1.521e-03 6.280e-03
 1.188e-03 7.836e-04 1.380e-05 1.498e-04 9.552e-04 5.128e-05 3.551e-05
 4.489e-05 3.971e-02 4.653e-05 2.929e-04 9.218e-02 1.007e-02 2.057e-05
 1.184e-04 2.636e-03 1.019e-04 6.969e-05 1.249e-04 1.203e-03 4.756e-06
 2.215e-04 2.398e-01 6.424e-03 2.391e-01 4.011e-01 1.551e-01 2.354e-01
 3.200e-01 1.902e-03 3.093e-01 3.317e-05 2.401e-05 1.981e+00 5.657e-06
 6.927e-05 2.458e-06 1.927e-01 5.277e-06 3.180e-01 6.659e-01 1.883e-01
 2.040e-05 1.064e-04 1.773e-01 3.393e-04 2.363e-05 9.387e-04 7.374e-01
 1.275e-04 9.433e-02]
[[0. 0. 0. 1. 0. 0. 0. 0. 0. 0. 0. 0. 0. 0. 0. 1. 0. 0. 1. 0. 0. 0. 0. 0.
  0. 0. 0. 0. 0. 0.]
 [0. 0. 0. 0. 0. 1. 0. 0. 1. 0. 0. 0. 0. 0. 0. 1. 0. 1. 0. 1. 0. 0. 1. 0.
  0. 0. 0. 0. 0. 0.]
 [0. 0. 0. 0. 0. 0. 0. 0. 0. 0. 0. 0. 0. 0. 0. 1. 0. 0. 0. 0. 0. 0. 0. 0.
  0. 0. 0. 0. 0. 0.]
 [0. 0. 0. 0. 0. 0. 0. 0. 0. 0. 0. 0. 0. 0. 0. 1. 0. 0. 0. 1. 0. 0. 0. 0.
  0. 0. 0. 0. 0. 0.]
 [0. 0. 0. 0. 0. 0. 0. 0. 0. 0. 0. 0. 0. 0. 0. 0. 0. 0. 1. 0. 0. 0. 1. 0.
  0. 0. 0. 0. 0. 0.]
 [0. 0. 0. 0. 0. 0. 1. 0. 0. 0. 0. 0. 0. 0. 0. 0. 0. 0. 0. 0. 0. 0. 0. 0.
  0. 0. 0. 0. 1. 0.]
 [0. 0. 0. 0. 0. 0. 0. 0. 0. 0. 0. 0. 0. 0. 0. 1. 0. 0. 0. 0. 0. 0. 0. 0.
  0. 0. 0. 0. 0. 0.]
 [0. 0. 0. 0. 1. 0. 0. 0. 1. 0. 0. 0. 0. 0. 0. 1. 0. 0. 0. 1. 0. 0. 0. 0.
  0. 0. 0. 0. 1. 0.]
 [1. 0. 0. 0. 0. 0. 0. 0. 0. 0. 0. 0. 0. 0. 0. 0. 0. 0. 0. 1. 0. 0. 0. 0.
  0. 0. 0. 0. 0. 0.]
 [0. 0. 0. 0. 0. 0. 0. 0. 1. 0. 0. 0. 1. 0. 0. 0. 0. 0. 0. 0. 0. 0. 0. 0.
  0. 0. 0. 0. 0. 1.]
 [1. 1. 0. 0. 0. 0. 0. 1. 0. 1. 0. 0. 0. 0. 0. 1. 0. 0. 0. 0. 0. 0. 0. 0.
  0. 0. 0. 0. 1. 0.]
 [0. 0. 0. 0. 0. 0. 1. 0. 1. 0. 0. 0. 0. 0. 0. 0. 0. 0. 0. 0. 0. 0. 0. 0.
  0. 0. 1. 0. 0. 0.]
 [0. 1. 0. 0. 1. 0. 0. 1. 1. 0. 0. 1. 0. 0. 0. 0. 0. 0. 1. 0. 0. 1. 0. 0.
  0. 0. 1. 0. 0. 0.]
 [0. 0. 1. 1. 0. 1. 0. 0. 0. 0. 0. 0. 0. 0. 0. 0. 0. 1. 0. 0. 0. 0. 0. 1.
  0. 0. 0. 0. 0. 1.]
 [0. 1. 0. 0. 0. 0. 0. 0. 0. 0. 0. 0. 1. 0. 0. 0. 0. 0. 0. 0. 0. 0. 1. 1.
  0. 0. 0. 0. 1. 0.]
 [0. 0. 0. 0. 0. 0. 0. 0. 0. 0. 0. 0. 0. 0. 0. 0. 0. 0. 0. 0. 0. 0. 0. 0.
  0. 0. 0. 0. 1. 0.]
 [0. 0. 0. 0. 0. 1. 1. 0. 1. 0. 0. 0. 1. 0. 1. 1. 0. 0. 1. 0. 1. 1. 0. 0.
  0. 0. 0. 0. 0. 0.]
 [0. 0. 0. 0. 0. 0. 0. 0. 1. 0. 0. 0. 0. 0. 0. 0. 0. 0. 1. 0. 0. 0. 0. 0.
  0. 0. 1. 0. 0. 0.]
 [0. 0. 0. 0. 0. 0. 0. 0. 0. 0. 0. 0. 0. 0. 0. 0. 0. 0. 0. 0. 0. 0. 0. 0.
  0. 0. 0. 0. 0. 0.]
 [0. 0. 0. 0. 0. 0. 0. 0. 0. 0. 0. 0. 0. 0. 0. 0. 0. 0. 1. 0. 0. 0. 0. 0.
  0. 0. 0. 0. 1. 0.]
 [0. 0. 0. 0. 1. 1. 0. 1. 0. 0. 0. 0. 0. 1. 0. 0. 0. 0. 0. 0. 0. 1. 1. 0.
  0. 1. 1. 0. 0. 0.]
 [0. 0. 1. 1. 1. 0. 1. 0. 0. 0. 0. 0. 0. 0. 0. 0. 0. 1. 0. 0. 0. 0. 0. 0.
  0. 0. 0. 0. 1. 1.]
 [0. 0. 0. 0. 0. 0. 1. 0. 0. 0. 0. 0. 0. 0. 0. 0. 0. 0. 1. 0. 0. 0. 0. 0.
  0. 0. 0. 0. 0. 0.]
 [1. 0. 0. 0. 0. 0. 1. 0. 0. 0. 0. 1. 0. 0. 0. 1. 0. 0. 1. 1. 0. 0. 0. 0.
  0. 0. 1. 0. 0. 0.]
 [0. 0. 1. 0. 0. 1. 1. 0. 1. 1. 1. 0. 0. 1. 0. 0. 0. 1. 0. 0. 0. 0. 1. 0.
  0. 1. 0. 0. 0. 1.]
 [0. 1. 0. 0. 0. 0. 0. 0. 0. 0. 0. 0. 0. 0. 0. 0. 0. 0. 0. 0. 0. 0. 1. 0.
  0. 0. 0. 0. 0. 0.]
 [0. 0. 0. 1. 0. 1. 0. 0. 0. 0. 0. 0. 0. 0. 0. 1. 0. 0. 1. 0. 0. 0. 1. 0.
  0. 0. 0. 0. 1. 0.]
 [1. 0. 0. 0. 0. 0. 0. 0. 0. 0. 0. 1. 0. 0. 0. 0. 0. 0. 0. 0. 0. 0. 1. 0.
  0. 1. 0. 0. 0. 0.]
 [0. 0. 0. 0. 0. 0. 0. 0. 0. 0. 0. 0. 0. 0. 0. 0. 0. 0. 0. 0. 0. 0. 0. 0.
  0. 0. 0. 0. 0. 0.]
 [0. 0. 0. 0. 0. 0. 0. 0. 0. 0. 0. 1. 0. 0. 0. 0. 0. 0. 1. 0. 0. 0. 0. 0.
  0. 0. 1. 0. 0. 0.]]
[0. 0. 1. 0. 0. 0. 0. 0. 0. 0. 0. 0. 0. 0. 1. 0. 0. 1. 0. 0. 0. 0. 0. 0.
 0. 0. 0. 0. 0. 0. 0. 0. 0. 1. 0. 0. 1. 0. 0. 0. 0. 0. 0. 1. 0. 1. 0. 1.
 0. 0. 1. 0. 0. 0. 0. 0. 0. 0. 0. 0. 0. 0. 0. 0. 0. 0. 0. 0. 0. 0. 0. 0.
 1. 0. 0. 0. 0. 0. 0. 0. 0. 0. 0. 0. 0. 0. 0. 0. 0. 0. 0. 0. 0. 0. 0. 0.
 0. 0. 0. 0. 0. 1. 0. 0. 0. 1. 0. 0. 0. 0. 0. 0. 0. 0. 0. 0. 0. 0. 0. 0.
 0. 0. 0. 0. 0. 0. 0. 0. 0. 0. 0. 0. 0. 1. 0. 0. 0. 1. 0. 0. 0. 0. 0. 0.
 0. 0. 0. 0. 0. 0. 1. 0. 0. 0. 0. 0. 0. 0. 0. 0. 0. 0. 0. 0. 0. 0. 0. 0.
 0. 0. 0. 0. 1. 0. 0. 0. 0. 0. 0. 0. 0. 0. 0. 0. 0. 0. 0. 0. 1. 0. 0. 0.
 0. 0. 0. 0. 0. 0. 0. 0. 0. 0. 0. 0. 0. 0. 0. 1. 0. 0. 1. 0. 0. 0. 0. 0.
 0. 1. 0. 0. 0. 1. 0. 0. 0. 0. 0. 0. 0. 0. 1. 0. 1. 0. 0. 0. 0. 0. 0. 0.
 0. 0. 0. 0. 0. 0. 0. 0. 0. 0. 1. 0. 0. 0. 0. 0. 0. 0. 0. 0. 0. 0. 0. 0.
 0. 0. 0. 0. 0. 1. 0. 0. 1. 0. 0. 0. 0. 0. 0. 0. 0. 0. 0. 0. 0. 0. 0. 0.
 0. 1. 1. 1. 0. 0. 0. 0. 0. 1. 0. 1. 0. 0. 0. 0. 1. 0. 0. 0. 0. 0. 0. 0.
 0. 0. 0. 0. 0. 1. 0. 0. 0. 0. 0. 0. 0. 1. 0. 1. 0. 0. 0. 0. 0. 0. 0. 0.
 0. 0. 0. 0. 0. 0. 0. 0. 1. 0. 0. 0. 0. 1. 0. 0. 1. 0. 0. 1. 1. 0. 0. 1.
 0. 0. 0. 0. 0. 1. 0. 0. 1. 0. 0. 0. 0. 1. 0. 0. 0. 0. 0. 1. 1. 0. 1. 0.
 0. 0. 0. 0. 0. 0. 0. 0. 0. 1. 0. 0. 0. 0. 0. 1. 0. 0. 0. 0. 0. 1. 0. 1.
 0. 0. 0. 0. 0. 0. 0. 0. 0. 0. 1. 0. 0. 0. 0. 0. 0. 0. 0. 1. 1. 0. 0. 0.
 0. 1. 0. 0. 0. 0. 0. 0. 0. 0. 0. 0. 0. 0. 0. 0. 0. 0. 0. 0. 0. 0. 0. 0.
 0. 0. 0. 0. 0. 0. 1. 0. 0. 0. 0. 0. 0. 1. 1. 0. 1. 0. 0. 0. 1. 0. 1. 1.
 0. 1. 0. 1. 1. 0. 0. 0. 0. 0. 0. 0. 0. 0. 0. 0. 0. 0. 0. 0. 0. 1. 0. 0.
 0. 0. 0. 0. 0. 0. 1. 0. 0. 0. 0. 0. 0. 0. 1. 0. 0. 0. 0. 0. 0. 0. 0. 0.
 0. 0. 0. 0. 0. 0. 0. 0. 0. 0. 0. 0. 0. 0. 0. 0. 0. 0. 0. 0. 0. 0. 0. 0.
 0. 0. 0. 0. 0. 0. 0. 0. 0. 0. 0. 0. 0. 0. 0. 0. 0. 1. 0. 0. 0. 0. 0. 0.
 0. 0. 1. 0. 0. 0. 0. 0. 1. 1. 0. 1. 0. 0. 0. 0. 0. 1. 0. 0. 0. 0. 0. 0.
 1. 1. 0. 0. 1. 1. 0. 0. 0. 0. 0. 1. 1. 1. 0. 1. 0. 0. 0. 0. 0. 0. 0. 0.
 0. 0. 1. 0. 0. 0. 0. 0. 0. 0. 0. 0. 1. 1. 0. 0. 0. 0. 0. 0. 1. 0. 0. 0.
 0. 0. 0. 0. 0. 0. 0. 0. 1. 0. 0. 0. 0. 0. 0. 0. 0. 0. 0. 1. 0. 0. 0. 0.
 0. 1. 0. 0. 0. 0. 1. 0. 0. 0. 1. 0. 0. 1. 1. 0. 0. 0. 0. 0. 1. 0. 0. 0.
 0. 0. 1. 0. 0. 1. 1. 0. 1. 1. 1. 0. 0. 1. 0. 0. 0. 1. 0. 0. 0. 0. 1. 0.
 1. 0. 0. 0. 1. 0. 1. 0. 0. 0. 0. 0. 0. 0. 0. 0. 0. 0. 0. 0. 0. 0. 0. 0.
 0. 0. 0. 1. 0. 0. 0. 0. 0. 0. 0. 0. 0. 1. 0. 1. 0. 0. 0. 0. 0. 0. 0. 0.
 0. 1. 0. 0. 1. 0. 0. 0. 1. 0. 0. 0. 0. 1. 0. 1. 0. 0. 0. 0. 0. 0. 0. 0.
 0. 0. 1. 0. 0. 0. 0. 0. 0. 0. 0. 0. 0. 1. 0. 0. 1. 0. 0. 0. 0. 0. 0. 0.
 0. 0. 0. 0. 0. 0. 0. 0. 0. 0. 0. 0. 0. 0. 0. 0. 0. 0. 0. 0. 0. 0. 0. 0.
 0. 0. 0. 0. 0. 0. 0. 0. 0. 0. 0. 0. 1. 0. 0. 0. 0. 0. 0. 1. 0. 0. 0. 0.
 0. 0. 0. 1. 0. 0.]
aucroc, aucpr (0.9909111111111112, 0.9673334852815634)
cuda
noise_multiplier  1.0  noise_multiplier_b  5.0  noise_multiplier_delta  1.005037815259212
cuda
Objective function 1220.30 = squared loss an data 964.29 + 0.5*rho*h**2 254.631624 + alpha*h 0.000000 + L2reg 0.55 + L1reg 0.82 ; SHD = 397 ; DAG False
total norm for a microbatch 107.32217210263775 clip 12.00582138917335
total norm for a microbatch 101.34836764962348 clip 35.06061853556806
total norm for a microbatch 99.41142350589467 clip 38.01845405262689
total norm for a microbatch 111.03161162339208 clip 50.467788351620946
total norm for a microbatch 101.5002799522394 clip 61.20062667227048
total norm for a microbatch 107.9273800226475 clip 90.68492762411641
total norm for a microbatch 102.39392794964253 clip 94.85530948682953
cuda
Objective function 305.09 = squared loss an data 294.54 + 0.5*rho*h**2 9.174260 + alpha*h 0.000000 + L2reg 0.80 + L1reg 0.58 ; SHD = 193 ; DAG False
Proportion of microbatches that were clipped  0.9523658304223563
iteration 1 in inner loop, alpha 0.0 rho 1.0 h 4.283517235051626
iteration 1 in outer loop, alpha = 4.283517235051626, rho = 1.0, h = 4.283517235051626
cuda
noise_multiplier  1.0  noise_multiplier_b  5.0  noise_multiplier_delta  1.005037815259212
cuda
Objective function 323.44 = squared loss an data 294.54 + 0.5*rho*h**2 9.174260 + alpha*h 18.348520 + L2reg 0.80 + L1reg 0.58 ; SHD = 193 ; DAG False
total norm for a microbatch 173.15114877078798 clip 3.4131879900929336
total norm for a microbatch 126.79586272501875 clip 3.4131879900929336
total norm for a microbatch 132.3789757473736 clip 4.820963555372713
total norm for a microbatch 123.83042670328608 clip 29.087445742306315
total norm for a microbatch 104.04703150876773 clip 67.64547599974891
cuda
Objective function 124.32 = squared loss an data 100.97 + 0.5*rho*h**2 6.223901 + alpha*h 15.112866 + L2reg 1.45 + L1reg 0.56 ; SHD = 197 ; DAG False
Proportion of microbatches that were clipped  0.9701444101898427
iteration 1 in inner loop, alpha 4.283517235051626 rho 1.0 h 3.5281441665491187
noise_multiplier  1.0  noise_multiplier_b  5.0  noise_multiplier_delta  1.005037815259212
cuda
Objective function 180.33 = squared loss an data 100.97 + 0.5*rho*h**2 62.239006 + alpha*h 15.112866 + L2reg 1.45 + L1reg 0.56 ; SHD = 197 ; DAG False
total norm for a microbatch 175.06643742339415 clip 36.79796548227031
total norm for a microbatch 220.17028023227408 clip 83.04117112107555
total norm for a microbatch 192.99615580808842 clip 175.55218301223246
cuda
Objective function 109.01 = squared loss an data 82.14 + 0.5*rho*h**2 16.757885 + alpha*h 7.841969 + L2reg 1.78 + L1reg 0.50 ; SHD = 159 ; DAG False
Proportion of microbatches that were clipped  0.9823905251675238
iteration 2 in inner loop, alpha 4.283517235051626 rho 10.0 h 1.830731285029188
noise_multiplier  1.0  noise_multiplier_b  5.0  noise_multiplier_delta  1.005037815259212
cuda
Objective function 259.84 = squared loss an data 82.14 + 0.5*rho*h**2 167.578852 + alpha*h 7.841969 + L2reg 1.78 + L1reg 0.50 ; SHD = 159 ; DAG False
total norm for a microbatch 423.03969341308965 clip 1.0
total norm for a microbatch 344.7628849232826 clip 1.0
total norm for a microbatch 196.29708047426837 clip 1.5648840600930325
total norm for a microbatch 297.8619533014772 clip 2.926702094052304
total norm for a microbatch 283.82667309776764 clip 4.234580085031198
total norm for a microbatch 163.41239621653736 clip 8.811315503583273
total norm for a microbatch 340.13614911663495 clip 10.387705013295742
total norm for a microbatch 175.52857112653646 clip 11.254737657111313
total norm for a microbatch 208.17281147118388 clip 57.68371436458633
cuda
Objective function 114.21 = squared loss an data 83.18 + 0.5*rho*h**2 25.648593 + alpha*h 3.067943 + L2reg 1.89 + L1reg 0.42 ; SHD = 137 ; DAG True
Proportion of microbatches that were clipped  0.9910700297665674
iteration 3 in inner loop, alpha 4.283517235051626 rho 100.0 h 0.7162205328210867
iteration 2 in outer loop, alpha = 75.9055705171603, rho = 100.0, h = 0.7162205328210867
cuda
noise_multiplier  1.0  noise_multiplier_b  5.0  noise_multiplier_delta  1.005037815259212
cuda
Objective function 165.51 = squared loss an data 83.18 + 0.5*rho*h**2 25.648593 + alpha*h 54.365128 + L2reg 1.89 + L1reg 0.42 ; SHD = 137 ; DAG True
total norm for a microbatch 347.85157310323433 clip 1.6939865349067824
total norm for a microbatch 279.8352596726097 clip 3.7441693006401096
total norm for a microbatch 331.59880938321993 clip 9.11322667207144
total norm for a microbatch 236.5001108916751 clip 9.11322667207144
total norm for a microbatch 267.0308563288522 clip 9.979120953609183
total norm for a microbatch 244.06165261921856 clip 12.059476234698849
total norm for a microbatch 298.0555494981263 clip 17.2151696874288
total norm for a microbatch 276.24603742961256 clip 39.08457219985914
total norm for a microbatch 300.55848310050345 clip 128.0774118110437
cuda
Objective function 141.35 = squared loss an data 87.81 + 0.5*rho*h**2 12.765072 + alpha*h 38.353083 + L2reg 2.01 + L1reg 0.40 ; SHD = 155 ; DAG True
Proportion of microbatches that were clipped  0.9960956564177648
iteration 1 in inner loop, alpha 75.9055705171603 rho 100.0 h 0.5052736315697111
noise_multiplier  1.0  noise_multiplier_b  5.0  noise_multiplier_delta  1.005037815259212
cuda
Objective function 256.24 = squared loss an data 87.81 + 0.5*rho*h**2 127.650721 + alpha*h 38.353083 + L2reg 2.01 + L1reg 0.40 ; SHD = 155 ; DAG True
total norm for a microbatch 422.83295931954626 clip 3.6382018604394717
total norm for a microbatch 312.3631442407694 clip 6.075932641169995
total norm for a microbatch 575.1872139211774 clip 13.339768351385509
total norm for a microbatch 449.39787557797666 clip 16.16904256427811
total norm for a microbatch 516.9312914390885 clip 260.4234121560411
cuda
Objective function 136.74 = squared loss an data 89.22 + 0.5*rho*h**2 27.330353 + alpha*h 17.746441 + L2reg 2.08 + L1reg 0.36 ; SHD = 141 ; DAG True
Proportion of microbatches that were clipped  0.998712584486643
iteration 2 in inner loop, alpha 75.9055705171603 rho 1000.0 h 0.2337962936872522
noise_multiplier  1.0  noise_multiplier_b  5.0  noise_multiplier_delta  1.005037815259212
cuda
Objective function 382.72 = squared loss an data 89.22 + 0.5*rho*h**2 273.303535 + alpha*h 17.746441 + L2reg 2.08 + L1reg 0.36 ; SHD = 141 ; DAG True
total norm for a microbatch 400.484112226484 clip 6.8288313689966476
total norm for a microbatch 355.4233813544862 clip 34.69307974756193
total norm for a microbatch 398.64172178306757 clip 77.9516918096071
total norm for a microbatch 645.0858262151299 clip 172.53920073293935
total norm for a microbatch 625.322682341684 clip 273.9735892051652
cuda
Objective function 145.20 = squared loss an data 91.62 + 0.5*rho*h**2 43.943292 + alpha*h 7.115984 + L2reg 2.21 + L1reg 0.32 ; SHD = 140 ; DAG True
Proportion of microbatches that were clipped  1.0
iteration 3 in inner loop, alpha 75.9055705171603 rho 10000.0 h 0.09374784430584526
iteration 3 in outer loop, alpha = 1013.3840135756129, rho = 10000.0, h = 0.09374784430584526
cuda
noise_multiplier  1.0  noise_multiplier_b  5.0  noise_multiplier_delta  1.005037815259212
cuda
Objective function 233.09 = squared loss an data 91.62 + 0.5*rho*h**2 43.943292 + alpha*h 95.002567 + L2reg 2.21 + L1reg 0.32 ; SHD = 140 ; DAG True
total norm for a microbatch 498.4116498972132 clip 7.253741245615108
total norm for a microbatch 449.97158682830343 clip 8.630585512024298
total norm for a microbatch 332.1153598207503 clip 10.284651800574519
cuda
Objective function 177.03 = squared loss an data 91.25 + 0.5*rho*h**2 19.637397 + alpha*h 63.508376 + L2reg 2.33 + L1reg 0.31 ; SHD = 154 ; DAG True
Proportion of microbatches that were clipped  1.0
iteration 1 in inner loop, alpha 1013.3840135756129 rho 10000.0 h 0.06266960507575448
noise_multiplier  1.0  noise_multiplier_b  5.0  noise_multiplier_delta  1.005037815259212
cuda
Objective function 353.77 = squared loss an data 91.25 + 0.5*rho*h**2 196.373970 + alpha*h 63.508376 + L2reg 2.33 + L1reg 0.31 ; SHD = 154 ; DAG True
total norm for a microbatch 2413.035500730972 clip 1.1008330059175793
total norm for a microbatch 500.01259675144524 clip 4.888243459385719
total norm for a microbatch 520.766393956038 clip 22.005536755326045
cuda
Objective function 178.97 = squared loss an data 93.74 + 0.5*rho*h**2 50.361443 + alpha*h 32.161636 + L2reg 2.41 + L1reg 0.31 ; SHD = 166 ; DAG True
Proportion of microbatches that were clipped  1.0
iteration 2 in inner loop, alpha 1013.3840135756129 rho 100000.0 h 0.031736869082010344
iteration 4 in outer loop, alpha = 32750.25309558596, rho = 1000000.0, h = 0.031736869082010344
Threshold 0.3
[[0.005 0.244 0.153 0.026 0.273 0.045 0.077 0.074 0.159 0.037 0.126 0.3
  0.023 0.207 0.02  0.061 0.015 0.044 0.02  0.02  0.045 0.138 0.034 0.376
  0.039 0.054 0.148 0.101 0.259 0.081]
 [0.032 0.007 0.105 0.037 0.163 0.014 0.068 0.044 0.083 0.023 0.174 0.11
  0.014 0.049 0.018 0.022 0.015 0.029 0.057 0.023 0.022 0.04  0.033 0.079
  0.02  0.041 0.193 0.042 0.132 0.043]
 [0.05  0.09  0.007 0.052 0.135 0.037 0.066 0.025 0.075 0.047 0.07  0.12
  0.024 0.151 0.022 0.023 0.017 0.016 0.038 0.018 0.012 0.034 0.044 0.05
  0.036 0.025 0.125 0.039 0.063 0.059]
 [0.239 0.272 0.204 0.006 0.299 0.072 0.092 0.07  0.198 0.052 0.313 0.129
  0.049 0.126 0.039 0.111 0.049 0.145 0.098 0.02  0.108 0.08  0.088 0.146
  0.038 0.165 0.324 0.083 0.166 0.091]
 [0.025 0.049 0.065 0.032 0.009 0.019 0.057 0.01  0.066 0.011 0.086 0.132
  0.008 0.056 0.016 0.038 0.014 0.021 0.027 0.013 0.018 0.013 0.023 0.051
  0.013 0.032 0.131 0.015 0.045 0.02 ]
 [0.161 0.391 0.158 0.119 0.349 0.008 0.232 0.055 0.096 0.132 0.191 0.326
  0.037 0.28  0.052 0.106 0.081 0.147 0.097 0.041 0.092 0.091 0.049 0.123
  0.095 0.129 0.201 0.07  0.4   0.1  ]
 [0.117 0.091 0.151 0.078 0.146 0.03  0.004 0.067 0.17  0.06  0.15  0.193
  0.045 0.268 0.024 0.057 0.028 0.047 0.047 0.03  0.032 0.046 0.031 0.236
  0.048 0.024 0.098 0.059 0.12  0.094]
 [0.168 0.203 0.25  0.095 0.741 0.109 0.126 0.007 0.375 0.141 0.322 0.304
  0.045 0.444 0.086 0.223 0.044 0.164 0.104 0.065 0.043 0.105 0.077 0.196
  0.051 0.105 0.2   0.09  0.214 0.184]
 [0.045 0.076 0.111 0.051 0.094 0.08  0.046 0.017 0.009 0.058 0.19  0.291
  0.014 0.086 0.029 0.087 0.038 0.059 0.021 0.03  0.049 0.146 0.051 0.124
  0.041 0.063 0.099 0.058 0.187 0.107]
 [0.226 0.254 0.213 0.208 0.386 0.032 0.134 0.078 0.19  0.007 0.224 0.454
  0.044 0.212 0.096 0.292 0.092 0.092 0.088 0.039 0.201 0.166 0.079 0.253
  0.106 0.148 0.213 0.19  0.187 0.175]
 [0.038 0.047 0.108 0.021 0.07  0.037 0.049 0.018 0.031 0.029 0.007 0.041
  0.013 0.098 0.022 0.043 0.012 0.019 0.031 0.011 0.022 0.06  0.028 0.07
  0.01  0.007 0.057 0.022 0.019 0.016]
 [0.016 0.079 0.083 0.037 0.083 0.021 0.039 0.022 0.04  0.016 0.171 0.009
  0.01  0.034 0.015 0.025 0.018 0.023 0.029 0.01  0.02  0.023 0.026 0.08
  0.012 0.035 0.081 0.033 0.025 0.025]
 [0.331 0.77  0.33  0.152 1.067 0.3   0.168 0.211 0.361 0.276 0.563 0.8
  0.006 0.318 0.152 0.524 0.164 0.151 0.349 0.076 0.207 0.257 0.228 0.248
  0.15  0.207 0.604 0.207 0.278 0.16 ]
 [0.034 0.157 0.054 0.054 0.183 0.036 0.037 0.017 0.1   0.032 0.085 0.272
  0.022 0.006 0.016 0.031 0.014 0.025 0.029 0.035 0.04  0.021 0.037 0.086
  0.024 0.016 0.186 0.036 0.059 0.098]
 [0.255 0.515 0.357 0.191 0.309 0.163 0.319 0.14  0.228 0.084 0.24  0.443
  0.062 0.494 0.007 0.243 0.038 0.227 0.91  0.04  0.153 0.22  0.142 0.529
  0.126 0.243 0.273 0.194 0.194 0.233]
 [0.149 0.33  0.271 0.053 0.222 0.07  0.117 0.031 0.099 0.032 0.241 0.315
  0.008 0.236 0.028 0.005 0.039 0.036 0.031 0.01  0.035 0.058 0.043 0.093
  0.024 0.048 0.127 0.064 0.069 0.072]
 [0.364 0.305 0.289 0.149 0.395 0.054 0.26  0.137 0.185 0.126 0.552 0.369
  0.045 0.357 0.139 0.176 0.01  0.119 0.291 0.067 0.076 0.181 0.094 0.416
  0.156 0.155 0.314 0.112 0.412 0.241]
 [0.184 0.306 0.54  0.052 0.228 0.088 0.166 0.045 0.174 0.103 0.274 0.243
  0.044 0.316 0.039 0.283 0.062 0.007 0.054 0.068 0.058 0.109 0.058 0.22
  0.078 0.076 0.195 0.162 0.169 0.253]
 [0.277 0.165 0.152 0.103 0.275 0.08  0.102 0.069 0.214 0.078 0.223 0.305
  0.019 0.283 0.007 0.216 0.025 0.11  0.007 0.038 0.043 0.127 0.084 0.458
  0.067 0.103 0.377 0.144 0.154 0.18 ]
 [0.378 0.32  0.326 0.305 0.578 0.204 0.305 0.094 0.238 0.164 0.506 0.652
  0.144 0.207 0.197 0.387 0.102 0.096 0.199 0.006 0.134 0.274 0.091 0.674
  0.086 0.386 0.542 0.154 0.931 0.299]
 [0.17  0.303 0.417 0.091 0.37  0.089 0.227 0.242 0.194 0.041 0.365 0.384
  0.046 0.187 0.043 0.244 0.086 0.159 0.176 0.049 0.008 0.102 0.126 0.349
  0.072 0.079 0.186 0.179 0.441 0.069]
 [0.056 0.236 0.296 0.085 0.617 0.099 0.14  0.055 0.058 0.057 0.13  0.169
  0.027 0.214 0.026 0.172 0.035 0.059 0.059 0.02  0.084 0.007 0.07  0.198
  0.061 0.086 0.099 0.067 0.248 0.079]
 [0.2   0.274 0.168 0.099 0.344 0.133 0.269 0.117 0.109 0.144 0.243 0.34
  0.036 0.188 0.047 0.129 0.092 0.148 0.123 0.109 0.051 0.136 0.008 0.153
  0.031 0.202 0.291 0.118 0.231 0.095]
 [0.02  0.09  0.121 0.06  0.192 0.065 0.044 0.042 0.079 0.034 0.109 0.114
  0.023 0.113 0.009 0.07  0.02  0.039 0.018 0.009 0.016 0.056 0.055 0.008
  0.017 0.055 0.114 0.039 0.114 0.066]
 [0.228 0.419 0.208 0.315 0.476 0.069 0.165 0.23  0.155 0.059 0.783 0.452
  0.039 0.264 0.052 0.382 0.064 0.128 0.124 0.106 0.097 0.137 0.22  0.315
  0.009 0.611 0.383 0.12  0.71  0.177]
 [0.147 0.195 0.247 0.054 0.243 0.069 0.171 0.042 0.126 0.066 0.767 0.211
  0.027 0.35  0.024 0.189 0.065 0.115 0.054 0.018 0.111 0.106 0.039 0.138
  0.016 0.01  0.177 0.062 0.31  0.101]
 [0.052 0.026 0.041 0.02  0.063 0.027 0.047 0.032 0.088 0.038 0.099 0.134
  0.012 0.047 0.016 0.059 0.022 0.045 0.025 0.012 0.038 0.045 0.021 0.077
  0.019 0.044 0.006 0.042 0.091 0.06 ]
 [0.107 0.19  0.241 0.1   0.505 0.133 0.14  0.094 0.129 0.05  0.356 0.174
  0.04  0.177 0.034 0.107 0.087 0.067 0.065 0.062 0.045 0.124 0.073 0.237
  0.067 0.149 0.177 0.008 0.208 0.162]
 [0.028 0.06  0.119 0.056 0.14  0.022 0.05  0.03  0.041 0.04  0.283 0.169
  0.031 0.083 0.03  0.105 0.017 0.041 0.039 0.008 0.021 0.026 0.037 0.117
  0.01  0.023 0.05  0.04  0.007 0.038]
 [0.084 0.172 0.101 0.077 0.309 0.11  0.079 0.05  0.049 0.043 0.433 0.397
  0.045 0.079 0.03  0.121 0.035 0.03  0.035 0.03  0.087 0.092 0.089 0.158
  0.052 0.047 0.124 0.047 0.129 0.007]]
[[0.    0.    0.    0.    0.    0.    0.    0.    0.    0.    0.    0.3
  0.    0.    0.    0.    0.    0.    0.    0.    0.    0.    0.    0.376
  0.    0.    0.    0.    0.    0.   ]
 [0.    0.    0.    0.    0.    0.    0.    0.    0.    0.    0.    0.
  0.    0.    0.    0.    0.    0.    0.    0.    0.    0.    0.    0.
  0.    0.    0.    0.    0.    0.   ]
 [0.    0.    0.    0.    0.    0.    0.    0.    0.    0.    0.    0.
  0.    0.    0.    0.    0.    0.    0.    0.    0.    0.    0.    0.
  0.    0.    0.    0.    0.    0.   ]
 [0.    0.    0.    0.    0.    0.    0.    0.    0.    0.    0.313 0.
  0.    0.    0.    0.    0.    0.    0.    0.    0.    0.    0.    0.
  0.    0.    0.324 0.    0.    0.   ]
 [0.    0.    0.    0.    0.    0.    0.    0.    0.    0.    0.    0.
  0.    0.    0.    0.    0.    0.    0.    0.    0.    0.    0.    0.
  0.    0.    0.    0.    0.    0.   ]
 [0.    0.391 0.    0.    0.349 0.    0.    0.    0.    0.    0.    0.326
  0.    0.    0.    0.    0.    0.    0.    0.    0.    0.    0.    0.
  0.    0.    0.    0.    0.4   0.   ]
 [0.    0.    0.    0.    0.    0.    0.    0.    0.    0.    0.    0.
  0.    0.    0.    0.    0.    0.    0.    0.    0.    0.    0.    0.
  0.    0.    0.    0.    0.    0.   ]
 [0.    0.    0.    0.    0.741 0.    0.    0.    0.375 0.    0.322 0.304
  0.    0.444 0.    0.    0.    0.    0.    0.    0.    0.    0.    0.
  0.    0.    0.    0.    0.    0.   ]
 [0.    0.    0.    0.    0.    0.    0.    0.    0.    0.    0.    0.
  0.    0.    0.    0.    0.    0.    0.    0.    0.    0.    0.    0.
  0.    0.    0.    0.    0.    0.   ]
 [0.    0.    0.    0.    0.386 0.    0.    0.    0.    0.    0.    0.454
  0.    0.    0.    0.    0.    0.    0.    0.    0.    0.    0.    0.
  0.    0.    0.    0.    0.    0.   ]
 [0.    0.    0.    0.    0.    0.    0.    0.    0.    0.    0.    0.
  0.    0.    0.    0.    0.    0.    0.    0.    0.    0.    0.    0.
  0.    0.    0.    0.    0.    0.   ]
 [0.    0.    0.    0.    0.    0.    0.    0.    0.    0.    0.    0.
  0.    0.    0.    0.    0.    0.    0.    0.    0.    0.    0.    0.
  0.    0.    0.    0.    0.    0.   ]
 [0.331 0.77  0.33  0.    1.067 0.3   0.    0.    0.361 0.    0.563 0.8
  0.    0.318 0.    0.524 0.    0.    0.349 0.    0.    0.    0.    0.
  0.    0.    0.604 0.    0.    0.   ]
 [0.    0.    0.    0.    0.    0.    0.    0.    0.    0.    0.    0.
  0.    0.    0.    0.    0.    0.    0.    0.    0.    0.    0.    0.
  0.    0.    0.    0.    0.    0.   ]
 [0.    0.515 0.357 0.    0.309 0.    0.319 0.    0.    0.    0.    0.443
  0.    0.494 0.    0.    0.    0.    0.91  0.    0.    0.    0.    0.529
  0.    0.    0.    0.    0.    0.   ]
 [0.    0.33  0.    0.    0.    0.    0.    0.    0.    0.    0.    0.315
  0.    0.    0.    0.    0.    0.    0.    0.    0.    0.    0.    0.
  0.    0.    0.    0.    0.    0.   ]
 [0.364 0.305 0.    0.    0.395 0.    0.    0.    0.    0.    0.552 0.369
  0.    0.357 0.    0.    0.    0.    0.    0.    0.    0.    0.    0.416
  0.    0.    0.314 0.    0.412 0.   ]
 [0.    0.306 0.54  0.    0.    0.    0.    0.    0.    0.    0.    0.
  0.    0.316 0.    0.    0.    0.    0.    0.    0.    0.    0.    0.
  0.    0.    0.    0.    0.    0.   ]
 [0.    0.    0.    0.    0.    0.    0.    0.    0.    0.    0.    0.305
  0.    0.    0.    0.    0.    0.    0.    0.    0.    0.    0.    0.458
  0.    0.    0.377 0.    0.    0.   ]
 [0.378 0.32  0.326 0.305 0.578 0.    0.305 0.    0.    0.    0.506 0.652
  0.    0.    0.    0.387 0.    0.    0.    0.    0.    0.    0.    0.674
  0.    0.386 0.542 0.    0.931 0.   ]
 [0.    0.303 0.417 0.    0.37  0.    0.    0.    0.    0.    0.365 0.384
  0.    0.    0.    0.    0.    0.    0.    0.    0.    0.    0.    0.349
  0.    0.    0.    0.    0.441 0.   ]
 [0.    0.    0.    0.    0.617 0.    0.    0.    0.    0.    0.    0.
  0.    0.    0.    0.    0.    0.    0.    0.    0.    0.    0.    0.
  0.    0.    0.    0.    0.    0.   ]
 [0.    0.    0.    0.    0.344 0.    0.    0.    0.    0.    0.    0.34
  0.    0.    0.    0.    0.    0.    0.    0.    0.    0.    0.    0.
  0.    0.    0.    0.    0.    0.   ]
 [0.    0.    0.    0.    0.    0.    0.    0.    0.    0.    0.    0.
  0.    0.    0.    0.    0.    0.    0.    0.    0.    0.    0.    0.
  0.    0.    0.    0.    0.    0.   ]
 [0.    0.419 0.    0.315 0.476 0.    0.    0.    0.    0.    0.783 0.452
  0.    0.    0.    0.382 0.    0.    0.    0.    0.    0.    0.    0.315
  0.    0.611 0.383 0.    0.71  0.   ]
 [0.    0.    0.    0.    0.    0.    0.    0.    0.    0.    0.767 0.
  0.    0.35  0.    0.    0.    0.    0.    0.    0.    0.    0.    0.
  0.    0.    0.    0.    0.31  0.   ]
 [0.    0.    0.    0.    0.    0.    0.    0.    0.    0.    0.    0.
  0.    0.    0.    0.    0.    0.    0.    0.    0.    0.    0.    0.
  0.    0.    0.    0.    0.    0.   ]
 [0.    0.    0.    0.    0.505 0.    0.    0.    0.    0.    0.356 0.
  0.    0.    0.    0.    0.    0.    0.    0.    0.    0.    0.    0.
  0.    0.    0.    0.    0.    0.   ]
 [0.    0.    0.    0.    0.    0.    0.    0.    0.    0.    0.    0.
  0.    0.    0.    0.    0.    0.    0.    0.    0.    0.    0.    0.
  0.    0.    0.    0.    0.    0.   ]
 [0.    0.    0.    0.    0.309 0.    0.    0.    0.    0.    0.433 0.397
  0.    0.    0.    0.    0.    0.    0.    0.    0.    0.    0.    0.
  0.    0.    0.    0.    0.    0.   ]]
{'fdr': 0.8172043010752689, 'tpr': 0.14166666666666666, 'fpr': 0.24126984126984127, 'f1': 0.15962441314553988, 'shd': 166, 'npred': 93, 'ntrue': 120}
[0.244 0.153 0.026 0.273 0.045 0.077 0.074 0.159 0.037 0.126 0.3   0.023
 0.207 0.02  0.061 0.015 0.044 0.02  0.02  0.045 0.138 0.034 0.376 0.039
 0.054 0.148 0.101 0.259 0.081 0.032 0.105 0.037 0.163 0.014 0.068 0.044
 0.083 0.023 0.174 0.11  0.014 0.049 0.018 0.022 0.015 0.029 0.057 0.023
 0.022 0.04  0.033 0.079 0.02  0.041 0.193 0.042 0.132 0.043 0.05  0.09
 0.052 0.135 0.037 0.066 0.025 0.075 0.047 0.07  0.12  0.024 0.151 0.022
 0.023 0.017 0.016 0.038 0.018 0.012 0.034 0.044 0.05  0.036 0.025 0.125
 0.039 0.063 0.059 0.239 0.272 0.204 0.299 0.072 0.092 0.07  0.198 0.052
 0.313 0.129 0.049 0.126 0.039 0.111 0.049 0.145 0.098 0.02  0.108 0.08
 0.088 0.146 0.038 0.165 0.324 0.083 0.166 0.091 0.025 0.049 0.065 0.032
 0.019 0.057 0.01  0.066 0.011 0.086 0.132 0.008 0.056 0.016 0.038 0.014
 0.021 0.027 0.013 0.018 0.013 0.023 0.051 0.013 0.032 0.131 0.015 0.045
 0.02  0.161 0.391 0.158 0.119 0.349 0.232 0.055 0.096 0.132 0.191 0.326
 0.037 0.28  0.052 0.106 0.081 0.147 0.097 0.041 0.092 0.091 0.049 0.123
 0.095 0.129 0.201 0.07  0.4   0.1   0.117 0.091 0.151 0.078 0.146 0.03
 0.067 0.17  0.06  0.15  0.193 0.045 0.268 0.024 0.057 0.028 0.047 0.047
 0.03  0.032 0.046 0.031 0.236 0.048 0.024 0.098 0.059 0.12  0.094 0.168
 0.203 0.25  0.095 0.741 0.109 0.126 0.375 0.141 0.322 0.304 0.045 0.444
 0.086 0.223 0.044 0.164 0.104 0.065 0.043 0.105 0.077 0.196 0.051 0.105
 0.2   0.09  0.214 0.184 0.045 0.076 0.111 0.051 0.094 0.08  0.046 0.017
 0.058 0.19  0.291 0.014 0.086 0.029 0.087 0.038 0.059 0.021 0.03  0.049
 0.146 0.051 0.124 0.041 0.063 0.099 0.058 0.187 0.107 0.226 0.254 0.213
 0.208 0.386 0.032 0.134 0.078 0.19  0.224 0.454 0.044 0.212 0.096 0.292
 0.092 0.092 0.088 0.039 0.201 0.166 0.079 0.253 0.106 0.148 0.213 0.19
 0.187 0.175 0.038 0.047 0.108 0.021 0.07  0.037 0.049 0.018 0.031 0.029
 0.041 0.013 0.098 0.022 0.043 0.012 0.019 0.031 0.011 0.022 0.06  0.028
 0.07  0.01  0.007 0.057 0.022 0.019 0.016 0.016 0.079 0.083 0.037 0.083
 0.021 0.039 0.022 0.04  0.016 0.171 0.01  0.034 0.015 0.025 0.018 0.023
 0.029 0.01  0.02  0.023 0.026 0.08  0.012 0.035 0.081 0.033 0.025 0.025
 0.331 0.77  0.33  0.152 1.067 0.3   0.168 0.211 0.361 0.276 0.563 0.8
 0.318 0.152 0.524 0.164 0.151 0.349 0.076 0.207 0.257 0.228 0.248 0.15
 0.207 0.604 0.207 0.278 0.16  0.034 0.157 0.054 0.054 0.183 0.036 0.037
 0.017 0.1   0.032 0.085 0.272 0.022 0.016 0.031 0.014 0.025 0.029 0.035
 0.04  0.021 0.037 0.086 0.024 0.016 0.186 0.036 0.059 0.098 0.255 0.515
 0.357 0.191 0.309 0.163 0.319 0.14  0.228 0.084 0.24  0.443 0.062 0.494
 0.243 0.038 0.227 0.91  0.04  0.153 0.22  0.142 0.529 0.126 0.243 0.273
 0.194 0.194 0.233 0.149 0.33  0.271 0.053 0.222 0.07  0.117 0.031 0.099
 0.032 0.241 0.315 0.008 0.236 0.028 0.039 0.036 0.031 0.01  0.035 0.058
 0.043 0.093 0.024 0.048 0.127 0.064 0.069 0.072 0.364 0.305 0.289 0.149
 0.395 0.054 0.26  0.137 0.185 0.126 0.552 0.369 0.045 0.357 0.139 0.176
 0.119 0.291 0.067 0.076 0.181 0.094 0.416 0.156 0.155 0.314 0.112 0.412
 0.241 0.184 0.306 0.54  0.052 0.228 0.088 0.166 0.045 0.174 0.103 0.274
 0.243 0.044 0.316 0.039 0.283 0.062 0.054 0.068 0.058 0.109 0.058 0.22
 0.078 0.076 0.195 0.162 0.169 0.253 0.277 0.165 0.152 0.103 0.275 0.08
 0.102 0.069 0.214 0.078 0.223 0.305 0.019 0.283 0.007 0.216 0.025 0.11
 0.038 0.043 0.127 0.084 0.458 0.067 0.103 0.377 0.144 0.154 0.18  0.378
 0.32  0.326 0.305 0.578 0.204 0.305 0.094 0.238 0.164 0.506 0.652 0.144
 0.207 0.197 0.387 0.102 0.096 0.199 0.134 0.274 0.091 0.674 0.086 0.386
 0.542 0.154 0.931 0.299 0.17  0.303 0.417 0.091 0.37  0.089 0.227 0.242
 0.194 0.041 0.365 0.384 0.046 0.187 0.043 0.244 0.086 0.159 0.176 0.049
 0.102 0.126 0.349 0.072 0.079 0.186 0.179 0.441 0.069 0.056 0.236 0.296
 0.085 0.617 0.099 0.14  0.055 0.058 0.057 0.13  0.169 0.027 0.214 0.026
 0.172 0.035 0.059 0.059 0.02  0.084 0.07  0.198 0.061 0.086 0.099 0.067
 0.248 0.079 0.2   0.274 0.168 0.099 0.344 0.133 0.269 0.117 0.109 0.144
 0.243 0.34  0.036 0.188 0.047 0.129 0.092 0.148 0.123 0.109 0.051 0.136
 0.153 0.031 0.202 0.291 0.118 0.231 0.095 0.02  0.09  0.121 0.06  0.192
 0.065 0.044 0.042 0.079 0.034 0.109 0.114 0.023 0.113 0.009 0.07  0.02
 0.039 0.018 0.009 0.016 0.056 0.055 0.017 0.055 0.114 0.039 0.114 0.066
 0.228 0.419 0.208 0.315 0.476 0.069 0.165 0.23  0.155 0.059 0.783 0.452
 0.039 0.264 0.052 0.382 0.064 0.128 0.124 0.106 0.097 0.137 0.22  0.315
 0.611 0.383 0.12  0.71  0.177 0.147 0.195 0.247 0.054 0.243 0.069 0.171
 0.042 0.126 0.066 0.767 0.211 0.027 0.35  0.024 0.189 0.065 0.115 0.054
 0.018 0.111 0.106 0.039 0.138 0.016 0.177 0.062 0.31  0.101 0.052 0.026
 0.041 0.02  0.063 0.027 0.047 0.032 0.088 0.038 0.099 0.134 0.012 0.047
 0.016 0.059 0.022 0.045 0.025 0.012 0.038 0.045 0.021 0.077 0.019 0.044
 0.042 0.091 0.06  0.107 0.19  0.241 0.1   0.505 0.133 0.14  0.094 0.129
 0.05  0.356 0.174 0.04  0.177 0.034 0.107 0.087 0.067 0.065 0.062 0.045
 0.124 0.073 0.237 0.067 0.149 0.177 0.208 0.162 0.028 0.06  0.119 0.056
 0.14  0.022 0.05  0.03  0.041 0.04  0.283 0.169 0.031 0.083 0.03  0.105
 0.017 0.041 0.039 0.008 0.021 0.026 0.037 0.117 0.01  0.023 0.05  0.04
 0.038 0.084 0.172 0.101 0.077 0.309 0.11  0.079 0.05  0.049 0.043 0.433
 0.397 0.045 0.079 0.03  0.121 0.035 0.03  0.035 0.03  0.087 0.092 0.089
 0.158 0.052 0.047 0.124 0.047 0.129]
[[0. 0. 0. 1. 0. 0. 0. 0. 0. 0. 0. 0. 0. 0. 0. 1. 0. 0. 1. 0. 0. 0. 0. 0.
  0. 0. 0. 0. 0. 0.]
 [0. 0. 0. 0. 0. 1. 0. 0. 1. 0. 0. 0. 0. 0. 0. 1. 0. 1. 0. 1. 0. 0. 1. 0.
  0. 0. 0. 0. 0. 0.]
 [0. 0. 0. 0. 0. 0. 0. 0. 0. 0. 0. 0. 0. 0. 0. 1. 0. 0. 0. 0. 0. 0. 0. 0.
  0. 0. 0. 0. 0. 0.]
 [0. 0. 0. 0. 0. 0. 0. 0. 0. 0. 0. 0. 0. 0. 0. 1. 0. 0. 0. 1. 0. 0. 0. 0.
  0. 0. 0. 0. 0. 0.]
 [0. 0. 0. 0. 0. 0. 0. 0. 0. 0. 0. 0. 0. 0. 0. 0. 0. 0. 1. 0. 0. 0. 1. 0.
  0. 0. 0. 0. 0. 0.]
 [0. 0. 0. 0. 0. 0. 1. 0. 0. 0. 0. 0. 0. 0. 0. 0. 0. 0. 0. 0. 0. 0. 0. 0.
  0. 0. 0. 0. 1. 0.]
 [0. 0. 0. 0. 0. 0. 0. 0. 0. 0. 0. 0. 0. 0. 0. 1. 0. 0. 0. 0. 0. 0. 0. 0.
  0. 0. 0. 0. 0. 0.]
 [0. 0. 0. 0. 1. 0. 0. 0. 1. 0. 0. 0. 0. 0. 0. 1. 0. 0. 0. 1. 0. 0. 0. 0.
  0. 0. 0. 0. 1. 0.]
 [1. 0. 0. 0. 0. 0. 0. 0. 0. 0. 0. 0. 0. 0. 0. 0. 0. 0. 0. 1. 0. 0. 0. 0.
  0. 0. 0. 0. 0. 0.]
 [0. 0. 0. 0. 0. 0. 0. 0. 1. 0. 0. 0. 1. 0. 0. 0. 0. 0. 0. 0. 0. 0. 0. 0.
  0. 0. 0. 0. 0. 1.]
 [1. 1. 0. 0. 0. 0. 0. 1. 0. 1. 0. 0. 0. 0. 0. 1. 0. 0. 0. 0. 0. 0. 0. 0.
  0. 0. 0. 0. 1. 0.]
 [0. 0. 0. 0. 0. 0. 1. 0. 1. 0. 0. 0. 0. 0. 0. 0. 0. 0. 0. 0. 0. 0. 0. 0.
  0. 0. 1. 0. 0. 0.]
 [0. 1. 0. 0. 1. 0. 0. 1. 1. 0. 0. 1. 0. 0. 0. 0. 0. 0. 1. 0. 0. 1. 0. 0.
  0. 0. 1. 0. 0. 0.]
 [0. 0. 1. 1. 0. 1. 0. 0. 0. 0. 0. 0. 0. 0. 0. 0. 0. 1. 0. 0. 0. 0. 0. 1.
  0. 0. 0. 0. 0. 1.]
 [0. 1. 0. 0. 0. 0. 0. 0. 0. 0. 0. 0. 1. 0. 0. 0. 0. 0. 0. 0. 0. 0. 1. 1.
  0. 0. 0. 0. 1. 0.]
 [0. 0. 0. 0. 0. 0. 0. 0. 0. 0. 0. 0. 0. 0. 0. 0. 0. 0. 0. 0. 0. 0. 0. 0.
  0. 0. 0. 0. 1. 0.]
 [0. 0. 0. 0. 0. 1. 1. 0. 1. 0. 0. 0. 1. 0. 1. 1. 0. 0. 1. 0. 1. 1. 0. 0.
  0. 0. 0. 0. 0. 0.]
 [0. 0. 0. 0. 0. 0. 0. 0. 1. 0. 0. 0. 0. 0. 0. 0. 0. 0. 1. 0. 0. 0. 0. 0.
  0. 0. 1. 0. 0. 0.]
 [0. 0. 0. 0. 0. 0. 0. 0. 0. 0. 0. 0. 0. 0. 0. 0. 0. 0. 0. 0. 0. 0. 0. 0.
  0. 0. 0. 0. 0. 0.]
 [0. 0. 0. 0. 0. 0. 0. 0. 0. 0. 0. 0. 0. 0. 0. 0. 0. 0. 1. 0. 0. 0. 0. 0.
  0. 0. 0. 0. 1. 0.]
 [0. 0. 0. 0. 1. 1. 0. 1. 0. 0. 0. 0. 0. 1. 0. 0. 0. 0. 0. 0. 0. 1. 1. 0.
  0. 1. 1. 0. 0. 0.]
 [0. 0. 1. 1. 1. 0. 1. 0. 0. 0. 0. 0. 0. 0. 0. 0. 0. 1. 0. 0. 0. 0. 0. 0.
  0. 0. 0. 0. 1. 1.]
 [0. 0. 0. 0. 0. 0. 1. 0. 0. 0. 0. 0. 0. 0. 0. 0. 0. 0. 1. 0. 0. 0. 0. 0.
  0. 0. 0. 0. 0. 0.]
 [1. 0. 0. 0. 0. 0. 1. 0. 0. 0. 0. 1. 0. 0. 0. 1. 0. 0. 1. 1. 0. 0. 0. 0.
  0. 0. 1. 0. 0. 0.]
 [0. 0. 1. 0. 0. 1. 1. 0. 1. 1. 1. 0. 0. 1. 0. 0. 0. 1. 0. 0. 0. 0. 1. 0.
  0. 1. 0. 0. 0. 1.]
 [0. 1. 0. 0. 0. 0. 0. 0. 0. 0. 0. 0. 0. 0. 0. 0. 0. 0. 0. 0. 0. 0. 1. 0.
  0. 0. 0. 0. 0. 0.]
 [0. 0. 0. 1. 0. 1. 0. 0. 0. 0. 0. 0. 0. 0. 0. 1. 0. 0. 1. 0. 0. 0. 1. 0.
  0. 0. 0. 0. 1. 0.]
 [1. 0. 0. 0. 0. 0. 0. 0. 0. 0. 0. 1. 0. 0. 0. 0. 0. 0. 0. 0. 0. 0. 1. 0.
  0. 1. 0. 0. 0. 0.]
 [0. 0. 0. 0. 0. 0. 0. 0. 0. 0. 0. 0. 0. 0. 0. 0. 0. 0. 0. 0. 0. 0. 0. 0.
  0. 0. 0. 0. 0. 0.]
 [0. 0. 0. 0. 0. 0. 0. 0. 0. 0. 0. 1. 0. 0. 0. 0. 0. 0. 1. 0. 0. 0. 0. 0.
  0. 0. 1. 0. 0. 0.]]
[0. 0. 1. 0. 0. 0. 0. 0. 0. 0. 0. 0. 0. 0. 1. 0. 0. 1. 0. 0. 0. 0. 0. 0.
 0. 0. 0. 0. 0. 0. 0. 0. 0. 1. 0. 0. 1. 0. 0. 0. 0. 0. 0. 1. 0. 1. 0. 1.
 0. 0. 1. 0. 0. 0. 0. 0. 0. 0. 0. 0. 0. 0. 0. 0. 0. 0. 0. 0. 0. 0. 0. 0.
 1. 0. 0. 0. 0. 0. 0. 0. 0. 0. 0. 0. 0. 0. 0. 0. 0. 0. 0. 0. 0. 0. 0. 0.
 0. 0. 0. 0. 0. 1. 0. 0. 0. 1. 0. 0. 0. 0. 0. 0. 0. 0. 0. 0. 0. 0. 0. 0.
 0. 0. 0. 0. 0. 0. 0. 0. 0. 0. 0. 0. 0. 1. 0. 0. 0. 1. 0. 0. 0. 0. 0. 0.
 0. 0. 0. 0. 0. 0. 1. 0. 0. 0. 0. 0. 0. 0. 0. 0. 0. 0. 0. 0. 0. 0. 0. 0.
 0. 0. 0. 0. 1. 0. 0. 0. 0. 0. 0. 0. 0. 0. 0. 0. 0. 0. 0. 0. 1. 0. 0. 0.
 0. 0. 0. 0. 0. 0. 0. 0. 0. 0. 0. 0. 0. 0. 0. 1. 0. 0. 1. 0. 0. 0. 0. 0.
 0. 1. 0. 0. 0. 1. 0. 0. 0. 0. 0. 0. 0. 0. 1. 0. 1. 0. 0. 0. 0. 0. 0. 0.
 0. 0. 0. 0. 0. 0. 0. 0. 0. 0. 1. 0. 0. 0. 0. 0. 0. 0. 0. 0. 0. 0. 0. 0.
 0. 0. 0. 0. 0. 1. 0. 0. 1. 0. 0. 0. 0. 0. 0. 0. 0. 0. 0. 0. 0. 0. 0. 0.
 0. 1. 1. 1. 0. 0. 0. 0. 0. 1. 0. 1. 0. 0. 0. 0. 1. 0. 0. 0. 0. 0. 0. 0.
 0. 0. 0. 0. 0. 1. 0. 0. 0. 0. 0. 0. 0. 1. 0. 1. 0. 0. 0. 0. 0. 0. 0. 0.
 0. 0. 0. 0. 0. 0. 0. 0. 1. 0. 0. 0. 0. 1. 0. 0. 1. 0. 0. 1. 1. 0. 0. 1.
 0. 0. 0. 0. 0. 1. 0. 0. 1. 0. 0. 0. 0. 1. 0. 0. 0. 0. 0. 1. 1. 0. 1. 0.
 0. 0. 0. 0. 0. 0. 0. 0. 0. 1. 0. 0. 0. 0. 0. 1. 0. 0. 0. 0. 0. 1. 0. 1.
 0. 0. 0. 0. 0. 0. 0. 0. 0. 0. 1. 0. 0. 0. 0. 0. 0. 0. 0. 1. 1. 0. 0. 0.
 0. 1. 0. 0. 0. 0. 0. 0. 0. 0. 0. 0. 0. 0. 0. 0. 0. 0. 0. 0. 0. 0. 0. 0.
 0. 0. 0. 0. 0. 0. 1. 0. 0. 0. 0. 0. 0. 1. 1. 0. 1. 0. 0. 0. 1. 0. 1. 1.
 0. 1. 0. 1. 1. 0. 0. 0. 0. 0. 0. 0. 0. 0. 0. 0. 0. 0. 0. 0. 0. 1. 0. 0.
 0. 0. 0. 0. 0. 0. 1. 0. 0. 0. 0. 0. 0. 0. 1. 0. 0. 0. 0. 0. 0. 0. 0. 0.
 0. 0. 0. 0. 0. 0. 0. 0. 0. 0. 0. 0. 0. 0. 0. 0. 0. 0. 0. 0. 0. 0. 0. 0.
 0. 0. 0. 0. 0. 0. 0. 0. 0. 0. 0. 0. 0. 0. 0. 0. 0. 1. 0. 0. 0. 0. 0. 0.
 0. 0. 1. 0. 0. 0. 0. 0. 1. 1. 0. 1. 0. 0. 0. 0. 0. 1. 0. 0. 0. 0. 0. 0.
 1. 1. 0. 0. 1. 1. 0. 0. 0. 0. 0. 1. 1. 1. 0. 1. 0. 0. 0. 0. 0. 0. 0. 0.
 0. 0. 1. 0. 0. 0. 0. 0. 0. 0. 0. 0. 1. 1. 0. 0. 0. 0. 0. 0. 1. 0. 0. 0.
 0. 0. 0. 0. 0. 0. 0. 0. 1. 0. 0. 0. 0. 0. 0. 0. 0. 0. 0. 1. 0. 0. 0. 0.
 0. 1. 0. 0. 0. 0. 1. 0. 0. 0. 1. 0. 0. 1. 1. 0. 0. 0. 0. 0. 1. 0. 0. 0.
 0. 0. 1. 0. 0. 1. 1. 0. 1. 1. 1. 0. 0. 1. 0. 0. 0. 1. 0. 0. 0. 0. 1. 0.
 1. 0. 0. 0. 1. 0. 1. 0. 0. 0. 0. 0. 0. 0. 0. 0. 0. 0. 0. 0. 0. 0. 0. 0.
 0. 0. 0. 1. 0. 0. 0. 0. 0. 0. 0. 0. 0. 1. 0. 1. 0. 0. 0. 0. 0. 0. 0. 0.
 0. 1. 0. 0. 1. 0. 0. 0. 1. 0. 0. 0. 0. 1. 0. 1. 0. 0. 0. 0. 0. 0. 0. 0.
 0. 0. 1. 0. 0. 0. 0. 0. 0. 0. 0. 0. 0. 1. 0. 0. 1. 0. 0. 0. 0. 0. 0. 0.
 0. 0. 0. 0. 0. 0. 0. 0. 0. 0. 0. 0. 0. 0. 0. 0. 0. 0. 0. 0. 0. 0. 0. 0.
 0. 0. 0. 0. 0. 0. 0. 0. 0. 0. 0. 0. 1. 0. 0. 0. 0. 0. 0. 1. 0. 0. 0. 0.
 0. 0. 0. 1. 0. 0.]
aucroc, aucpr (0.5377444444444444, 0.21355896337334163)
Iterations 567
Achieves (3.8714582201520527, 1e-05)-DP
