samples  5000  graph  10 20 ER mim  minibatch size  100  noise  0.6  minibatches per NN training  63 group clipping and quantile adaptive clipping
cuda
cuda
iteration 1 in inner loop,alpha 0.0 rho 1.0 h 1.2478778610411254
iteration 1 in outer loop, alpha = 1.2478778610411254, rho = 1.0, h = 1.2478778610411254
cuda
iteration 1 in inner loop,alpha 1.2478778610411254 rho 1.0 h 0.8084888745241194
iteration 2 in inner loop,alpha 1.2478778610411254 rho 10.0 h 0.33057833071344156
iteration 3 in inner loop,alpha 1.2478778610411254 rho 100.0 h 0.08917599829296385
iteration 2 in outer loop, alpha = 10.16547769033751, rho = 100.0, h = 0.08917599829296385
cuda
iteration 1 in inner loop,alpha 10.16547769033751 rho 100.0 h 0.04477612329798397
iteration 2 in inner loop,alpha 10.16547769033751 rho 1000.0 h 0.01475614729775998
iteration 3 in outer loop, alpha = 24.92162498809749, rho = 1000.0, h = 0.01475614729775998
cuda
iteration 1 in inner loop,alpha 24.92162498809749 rho 1000.0 h 0.006747604373583016
iteration 2 in inner loop,alpha 24.92162498809749 rho 10000.0 h 0.0009845269108446075
iteration 4 in outer loop, alpha = 34.76689409654357, rho = 10000.0, h = 0.0009845269108446075
cuda
iteration 1 in inner loop,alpha 34.76689409654357 rho 10000.0 h 0.0006367139972880409
iteration 2 in inner loop,alpha 34.76689409654357 rho 100000.0 h 0.0002659665090032348
iteration 5 in outer loop, alpha = 300.7334030997784, rho = 1000000.0, h = 0.0002659665090032348
Threshold 0.3
[[0.006 0.    0.    0.    0.497 0.    0.08  0.    0.    1.78 ]
 [2.764 0.006 0.577 0.    0.104 0.003 1.103 0.004 0.    0.993]
 [0.294 0.005 0.007 0.    0.075 0.004 1.208 0.011 0.    0.21 ]
 [1.782 2.985 1.099 0.    0.008 2.619 0.198 2.692 0.003 0.151]
 [0.    0.    0.001 0.    0.005 0.    0.002 0.    0.    0.002]
 [0.388 0.281 0.722 0.    0.043 0.005 0.959 1.04  0.004 0.132]
 [0.009 0.001 0.002 0.    0.983 0.001 0.005 0.001 0.    0.019]
 [0.247 0.252 0.02  0.    0.007 0.001 0.236 0.002 0.008 0.036]
 [0.247 2.116 0.013 0.008 1.483 0.074 0.527 0.043 0.    0.041]
 [0.001 0.    0.002 0.    0.89  0.    0.055 0.001 0.    0.005]]
[[0.    0.    0.    0.    0.497 0.    0.    0.    0.    1.78 ]
 [2.764 0.    0.577 0.    0.    0.    1.103 0.    0.    0.993]
 [0.    0.    0.    0.    0.    0.    1.208 0.    0.    0.   ]
 [1.782 2.985 1.099 0.    0.    2.619 0.    2.692 0.    0.   ]
 [0.    0.    0.    0.    0.    0.    0.    0.    0.    0.   ]
 [0.388 0.    0.722 0.    0.    0.    0.959 1.04  0.    0.   ]
 [0.    0.    0.    0.    0.983 0.    0.    0.    0.    0.   ]
 [0.    0.    0.    0.    0.    0.    0.    0.    0.    0.   ]
 [0.    2.116 0.    0.    1.483 0.    0.527 0.    0.    0.   ]
 [0.    0.    0.    0.    0.89  0.    0.    0.    0.    0.   ]]
{'fdr': 0.09523809523809523, 'tpr': 0.95, 'fpr': 0.08, 'f1': 0.9268292682926829, 'shd': 2, 'npred': 21, 'ntrue': 20}
[2.171e-04 2.542e-04 2.300e-05 4.968e-01 3.873e-04 7.987e-02 4.451e-04
 4.830e-06 1.780e+00 2.764e+00 5.767e-01 7.075e-06 1.041e-01 3.219e-03
 1.103e+00 3.582e-03 3.383e-05 9.934e-01 2.938e-01 5.236e-03 3.577e-05
 7.537e-02 3.724e-03 1.208e+00 1.112e-02 1.032e-04 2.100e-01 1.782e+00
 2.985e+00 1.099e+00 7.782e-03 2.619e+00 1.983e-01 2.692e+00 3.356e-03
 1.509e-01 1.818e-04 1.041e-04 9.311e-04 5.426e-06 4.511e-04 1.769e-03
 4.062e-04 1.140e-05 1.845e-03 3.883e-01 2.813e-01 7.218e-01 1.448e-05
 4.333e-02 9.593e-01 1.040e+00 4.466e-03 1.322e-01 8.833e-03 1.071e-03
 1.816e-03 1.383e-05 9.827e-01 7.567e-04 9.749e-04 7.131e-05 1.913e-02
 2.470e-01 2.522e-01 2.039e-02 5.639e-06 6.898e-03 1.284e-03 2.361e-01
 7.577e-03 3.593e-02 2.469e-01 2.116e+00 1.302e-02 7.793e-03 1.483e+00
 7.386e-02 5.273e-01 4.265e-02 4.053e-02 9.944e-04 1.665e-04 2.056e-03
 6.416e-06 8.901e-01 3.087e-04 5.540e-02 6.418e-04 8.262e-06]
[[0. 0. 0. 0. 1. 0. 0. 0. 0. 1.]
 [1. 0. 1. 0. 0. 0. 1. 0. 0. 1.]
 [0. 0. 0. 0. 0. 0. 1. 0. 0. 0.]
 [1. 1. 1. 0. 0. 1. 0. 1. 0. 0.]
 [0. 0. 0. 0. 0. 0. 0. 0. 0. 0.]
 [0. 0. 1. 0. 0. 0. 1. 0. 0. 0.]
 [0. 0. 0. 0. 1. 0. 0. 0. 0. 0.]
 [0. 0. 0. 0. 0. 1. 0. 0. 0. 0.]
 [0. 1. 0. 0. 1. 0. 1. 0. 0. 0.]
 [0. 0. 0. 0. 1. 0. 0. 0. 0. 0.]]
[0. 0. 0. 1. 0. 0. 0. 0. 1. 1. 1. 0. 0. 0. 1. 0. 0. 1. 0. 0. 0. 0. 0. 1.
 0. 0. 0. 1. 1. 1. 0. 1. 0. 1. 0. 0. 0. 0. 0. 0. 0. 0. 0. 0. 0. 0. 0. 1.
 0. 0. 1. 0. 0. 0. 0. 0. 0. 0. 1. 0. 0. 0. 0. 0. 0. 0. 0. 0. 1. 0. 0. 0.
 0. 1. 0. 0. 1. 0. 1. 0. 0. 0. 0. 0. 0. 1. 0. 0. 0. 0.]
aucroc, aucpr (0.9657142857142857, 0.9419402177200167)
number of groups for clipping  4  noise multiplier modified for group clipping  1.2
cuda
noise_multiplier  1.2  noise_multiplier_b  5.0  noise_multiplier_delta  1.2087344460380705
cuda
Objective function 188.58 = squared loss an data 11.52 + 0.5*rho*h**2 176.710652 + alpha*h 0.000000 + L2reg 0.19 + L1reg 0.16 ; SHD = 55 ; DAG False
