samples  5000  graph  10 20 ER mim  minibatch size  50  noise  0.6  minibatches per NN training  250 group clipping and quantile adaptive clipping
cuda
cuda
iteration 1 in inner loop,alpha 0.0 rho 1.0 h 1.2478778610411254
iteration 1 in outer loop, alpha = 1.2478778610411254, rho = 1.0, h = 1.2478778610411254
cuda
iteration 1 in inner loop,alpha 1.2478778610411254 rho 1.0 h 0.8084888745241194
iteration 2 in inner loop,alpha 1.2478778610411254 rho 10.0 h 0.33057833071344156
iteration 3 in inner loop,alpha 1.2478778610411254 rho 100.0 h 0.08917599829296385
iteration 2 in outer loop, alpha = 10.16547769033751, rho = 100.0, h = 0.08917599829296385
cuda
iteration 1 in inner loop,alpha 10.16547769033751 rho 100.0 h 0.04477612329798397
iteration 2 in inner loop,alpha 10.16547769033751 rho 1000.0 h 0.01475614729775998
iteration 3 in outer loop, alpha = 24.92162498809749, rho = 1000.0, h = 0.01475614729775998
cuda
iteration 1 in inner loop,alpha 24.92162498809749 rho 1000.0 h 0.006747604373583016
iteration 2 in inner loop,alpha 24.92162498809749 rho 10000.0 h 0.0009845269108446075
iteration 4 in outer loop, alpha = 34.76689409654357, rho = 10000.0, h = 0.0009845269108446075
cuda
iteration 1 in inner loop,alpha 34.76689409654357 rho 10000.0 h 0.0006367139972880409
iteration 2 in inner loop,alpha 34.76689409654357 rho 100000.0 h 0.0002570226183671309
iteration 5 in outer loop, alpha = 291.7895124636745, rho = 1000000.0, h = 0.0002570226183671309
Threshold 0.3
[[0.006 0.    0.002 0.    0.501 0.    0.08  0.001 0.    1.773]
 [3.059 0.005 0.586 0.    0.108 0.003 1.098 0.004 0.    1.005]
 [0.325 0.005 0.007 0.    0.099 0.004 1.211 0.01  0.    0.226]
 [1.924 2.986 1.113 0.    0.05  2.623 0.195 2.693 0.003 0.152]
 [0.    0.    0.001 0.    0.005 0.    0.002 0.001 0.    0.002]
 [0.415 0.278 0.73  0.    0.054 0.005 0.964 1.04  0.    0.141]
 [0.008 0.001 0.002 0.    0.986 0.001 0.005 0.001 0.    0.02 ]
 [0.237 0.259 0.018 0.    0.031 0.001 0.249 0.002 0.001 0.043]
 [0.322 2.135 0.02  0.005 1.488 0.081 0.535 0.043 0.    0.048]
 [0.001 0.    0.002 0.    0.889 0.    0.055 0.    0.    0.005]]
[[0.    0.    0.    0.    0.501 0.    0.    0.    0.    1.773]
 [3.059 0.    0.586 0.    0.    0.    1.098 0.    0.    1.005]
 [0.325 0.    0.    0.    0.    0.    1.211 0.    0.    0.   ]
 [1.924 2.986 1.113 0.    0.    2.623 0.    2.693 0.    0.   ]
 [0.    0.    0.    0.    0.    0.    0.    0.    0.    0.   ]
 [0.415 0.    0.73  0.    0.    0.    0.964 1.04  0.    0.   ]
 [0.    0.    0.    0.    0.986 0.    0.    0.    0.    0.   ]
 [0.    0.    0.    0.    0.    0.    0.    0.    0.    0.   ]
 [0.322 2.135 0.    0.    1.488 0.    0.535 0.    0.    0.   ]
 [0.    0.    0.    0.    0.889 0.    0.    0.    0.    0.   ]]
{'fdr': 0.17391304347826086, 'tpr': 0.95, 'fpr': 0.16, 'f1': 0.8837209302325583, 'shd': 4, 'npred': 23, 'ntrue': 20}
[1.808e-04 1.732e-03 3.427e-05 5.011e-01 8.191e-05 7.954e-02 1.178e-03
 3.140e-06 1.773e+00 3.059e+00 5.861e-01 9.260e-06 1.078e-01 3.416e-03
 1.098e+00 3.546e-03 2.098e-05 1.005e+00 3.246e-01 4.671e-03 2.423e-05
 9.906e-02 3.504e-03 1.211e+00 9.874e-03 4.132e-05 2.262e-01 1.924e+00
 2.986e+00 1.113e+00 5.012e-02 2.623e+00 1.950e-01 2.693e+00 3.431e-03
 1.525e-01 1.836e-04 1.001e-04 9.257e-04 2.907e-05 4.314e-04 1.684e-03
 1.160e-03 8.263e-05 1.828e-03 4.150e-01 2.783e-01 7.299e-01 3.992e-05
 5.445e-02 9.635e-01 1.040e+00 3.392e-04 1.415e-01 7.976e-03 1.049e-03
 1.746e-03 1.267e-05 9.861e-01 7.413e-04 1.198e-03 6.375e-06 2.038e-02
 2.373e-01 2.594e-01 1.771e-02 4.925e-06 3.139e-02 1.276e-03 2.485e-01
 7.748e-04 4.286e-02 3.216e-01 2.135e+00 2.026e-02 4.568e-03 1.488e+00
 8.138e-02 5.349e-01 4.298e-02 4.765e-02 9.878e-04 1.413e-04 1.589e-03
 2.708e-05 8.886e-01 2.765e-04 5.490e-02 4.766e-04 1.789e-06]
[[0. 0. 0. 0. 1. 0. 0. 0. 0. 1.]
 [1. 0. 1. 0. 0. 0. 1. 0. 0. 1.]
 [0. 0. 0. 0. 0. 0. 1. 0. 0. 0.]
 [1. 1. 1. 0. 0. 1. 0. 1. 0. 0.]
 [0. 0. 0. 0. 0. 0. 0. 0. 0. 0.]
 [0. 0. 1. 0. 0. 0. 1. 0. 0. 0.]
 [0. 0. 0. 0. 1. 0. 0. 0. 0. 0.]
 [0. 0. 0. 0. 0. 1. 0. 0. 0. 0.]
 [0. 1. 0. 0. 1. 0. 1. 0. 0. 0.]
 [0. 0. 0. 0. 1. 0. 0. 0. 0. 0.]]
[0. 0. 0. 1. 0. 0. 0. 0. 1. 1. 1. 0. 0. 0. 1. 0. 0. 1. 0. 0. 0. 0. 0. 1.
 0. 0. 0. 1. 1. 1. 0. 1. 0. 1. 0. 0. 0. 0. 0. 0. 0. 0. 0. 0. 0. 0. 0. 1.
 0. 0. 1. 0. 0. 0. 0. 0. 0. 0. 1. 0. 0. 0. 0. 0. 0. 0. 0. 0. 1. 0. 0. 0.
 0. 1. 0. 0. 1. 0. 1. 0. 0. 0. 0. 0. 0. 1. 0. 0. 0. 0.]
aucroc, aucpr (0.9664285714285715, 0.9422227035957227)
number of groups for clipping  4  noise multiplier modified for group clipping  1.2
cuda
noise_multiplier  1.2  noise_multiplier_b  2.5  noise_multiplier_delta  1.2361284651454938
cuda
Objective function 188.58 = squared loss an data 11.52 + 0.5*rho*h**2 176.710652 + alpha*h 0.000000 + L2reg 0.19 + L1reg 0.16 ; SHD = 55 ; DAG False
