samples  5000  SCM  10 2 RE mim  minibatch size  50  noise  0.6  minibatches per NN training  250  DP methodology  adap_quantile 0.0  box penalty  0
cpu
max degree  2.0  complexity indicator 1  625.0  complexity indicator 2  1086.9565217391305
model created without box penalty
model created without box penalty
cpu
iteration 1 in inner loop,alpha 0.0 rho 1.0 h 1.1601221069006407
iteration 1 in outer loop, alpha = 1.1601221069006407, rho = 1.0, h = 1.1601221069006407
model created without box penalty
cpu
iteration 1 in inner loop,alpha 1.1601221069006407 rho 1.0 h 0.697926845742554
iteration 2 in inner loop,alpha 1.1601221069006407 rho 10.0 h 0.29175731529299753
iteration 3 in inner loop,alpha 1.1601221069006407 rho 100.0 h 0.08501950555491611
iteration 2 in outer loop, alpha = 9.662072662392251, rho = 100.0, h = 0.08501950555491611
model created without box penalty
cpu
iteration 1 in inner loop,alpha 9.662072662392251 rho 100.0 h 0.040170488512167424
iteration 2 in inner loop,alpha 9.662072662392251 rho 1000.0 h 0.00868366913203289
iteration 3 in outer loop, alpha = 18.34574179442514, rho = 1000.0, h = 0.00868366913203289
model created without box penalty
cpu
iteration 1 in inner loop,alpha 18.34574179442514 rho 1000.0 h 0.0030868790422431402
iteration 2 in inner loop,alpha 18.34574179442514 rho 10000.0 h 0.0008995705368377571
iteration 4 in outer loop, alpha = 27.341447162802712, rho = 10000.0, h = 0.0008995705368377571
model created without box penalty
cpu
iteration 1 in inner loop,alpha 27.341447162802712 rho 10000.0 h 0.0006484053062099093
iteration 2 in inner loop,alpha 27.341447162802712 rho 100000.0 h 0.0002616647124735749
iteration 5 in outer loop, alpha = 289.0061596363776, rho = 1000000.0, h = 0.0002616647124735749
Threshold 0.3
[[0.01  0.    2.439 0.    0.313 0.    0.201 0.    0.    0.052]
 [3.167 0.    0.255 0.    0.057 0.    0.025 0.    0.    0.049]
 [0.001 0.    0.003 0.    0.02  0.    3.039 0.    0.    0.016]
 [2.626 0.    0.121 0.    0.976 0.006 0.072 0.    0.    0.013]
 [0.001 0.    0.015 0.    0.003 0.    0.011 0.    0.    0.001]
 [0.021 0.007 0.019 0.    0.045 0.    0.033 0.    0.005 0.045]
 [0.    0.    0.    0.    0.004 0.    0.009 0.    0.    0.001]
 [0.045 0.    0.003 0.    0.143 0.009 0.081 0.    0.    3.237]
 [0.04  0.    0.064 0.004 0.117 0.    2.722 0.    0.    2.883]
 [0.016 0.    0.012 0.    2.19  0.    0.301 0.    0.    0.008]]
[[0.    0.    2.439 0.    0.313 0.    0.    0.    0.    0.   ]
 [3.167 0.    0.    0.    0.    0.    0.    0.    0.    0.   ]
 [0.    0.    0.    0.    0.    0.    3.039 0.    0.    0.   ]
 [2.626 0.    0.    0.    0.976 0.    0.    0.    0.    0.   ]
 [0.    0.    0.    0.    0.    0.    0.    0.    0.    0.   ]
 [0.    0.    0.    0.    0.    0.    0.    0.    0.    0.   ]
 [0.    0.    0.    0.    0.    0.    0.    0.    0.    0.   ]
 [0.    0.    0.    0.    0.    0.    0.    0.    0.    3.237]
 [0.    0.    0.    0.    0.    0.    2.722 0.    0.    2.883]
 [0.    0.    0.    0.    2.19  0.    0.301 0.    0.    0.   ]]
{'fdr': 0.18181818181818182, 'tpr': 1.0, 'fpr': 0.05555555555555555, 'f1': 0.8999999999999999, 'shd': 2, 'npred': 11, 'ntrue': 9}
[3.269e-06 2.439e+00 2.360e-05 3.127e-01 1.057e-04 2.009e-01 1.136e-04
 6.644e-05 5.173e-02 3.167e+00 2.553e-01 1.845e-04 5.678e-02 1.726e-04
 2.526e-02 1.867e-04 1.036e-04 4.862e-02 6.936e-04 1.064e-05 4.596e-06
 2.025e-02 6.305e-05 3.039e+00 1.164e-04 1.147e-04 1.567e-02 2.626e+00
 1.722e-04 1.206e-01 9.764e-01 5.872e-03 7.239e-02 3.245e-04 5.762e-05
 1.254e-02 9.900e-04 2.162e-05 1.487e-02 2.243e-05 6.487e-05 1.146e-02
 5.745e-06 4.002e-06 6.108e-04 2.138e-02 6.722e-03 1.936e-02 2.459e-04
 4.486e-02 3.297e-02 1.213e-04 5.333e-03 4.493e-02 7.180e-05 2.638e-05
 9.349e-05 2.986e-06 4.291e-03 1.041e-04 1.811e-04 4.376e-06 1.285e-03
 4.487e-02 1.554e-04 2.565e-03 8.778e-05 1.427e-01 8.665e-03 8.118e-02
 8.880e-05 3.237e+00 4.033e-02 3.416e-04 6.358e-02 4.082e-03 1.167e-01
 8.093e-05 2.722e+00 2.648e-04 2.883e+00 1.620e-02 1.016e-04 1.176e-02
 1.046e-04 2.190e+00 2.991e-05 3.007e-01 3.538e-06 1.440e-05]
[[0. 0. 1. 0. 0. 0. 0. 0. 0. 0.]
 [1. 0. 0. 0. 0. 0. 0. 0. 0. 0.]
 [0. 0. 0. 0. 0. 0. 1. 0. 0. 0.]
 [1. 0. 0. 0. 1. 0. 0. 0. 0. 0.]
 [0. 0. 0. 0. 0. 0. 0. 0. 0. 0.]
 [0. 0. 0. 0. 0. 0. 0. 0. 0. 0.]
 [0. 0. 0. 0. 0. 0. 0. 0. 0. 0.]
 [0. 0. 0. 0. 0. 0. 0. 0. 0. 1.]
 [0. 0. 0. 0. 0. 0. 1. 0. 0. 1.]
 [0. 0. 0. 0. 1. 0. 0. 0. 0. 0.]]
[0. 1. 0. 0. 0. 0. 0. 0. 0. 1. 0. 0. 0. 0. 0. 0. 0. 0. 0. 0. 0. 0. 0. 1.
 0. 0. 0. 1. 0. 0. 1. 0. 0. 0. 0. 0. 0. 0. 0. 0. 0. 0. 0. 0. 0. 0. 0. 0.
 0. 0. 0. 0. 0. 0. 0. 0. 0. 0. 0. 0. 0. 0. 0. 0. 0. 0. 0. 0. 0. 0. 0. 1.
 0. 0. 0. 0. 0. 0. 1. 0. 1. 0. 0. 0. 0. 1. 0. 0. 0. 0.]
aucroc, aucpr (1.0, 1.0)
model created without box penalty
cpu
noise_multiplier  0.6  noise_multiplier_b  2.5  noise_multiplier_delta  0.6043672230190352
cpu
[0.559 0.633 0.599 0.618 0.582 0.65  0.581 0.777 0.565 0.59  0.563 0.595
 0.599 0.652 0.572 0.425 0.563 0.623 0.674 0.547 0.67  0.464 0.587 0.633
 0.513 0.67  0.619 0.664 0.569 0.534 0.421 0.561 0.638 0.437 0.543 0.523
 0.602 0.65  0.636 0.545 0.456 0.5   0.452 0.503 0.559 0.545 0.595 0.518
 0.583 0.615 0.586 0.566 0.608 0.69  0.562 0.643 0.552 0.466 0.638 0.594
 0.626 0.59  0.652 0.749 0.536 0.64  0.519 0.682 0.581 0.683 0.469 0.408
 0.488 0.647 0.596 0.555 0.586 0.613 0.659 0.696 0.579 0.623 0.589 0.663
 0.464 0.539 0.399 0.605 0.732 0.502]
[[0. 0. 1. 0. 0. 0. 0. 0. 0. 0.]
 [1. 0. 0. 0. 0. 0. 0. 0. 0. 0.]
 [0. 0. 0. 0. 0. 0. 1. 0. 0. 0.]
 [1. 0. 0. 0. 1. 0. 0. 0. 0. 0.]
 [0. 0. 0. 0. 0. 0. 0. 0. 0. 0.]
 [0. 0. 0. 0. 0. 0. 0. 0. 0. 0.]
 [0. 0. 0. 0. 0. 0. 0. 0. 0. 0.]
 [0. 0. 0. 0. 0. 0. 0. 0. 0. 1.]
 [0. 0. 0. 0. 0. 0. 1. 0. 0. 1.]
 [0. 0. 0. 0. 1. 0. 0. 0. 0. 0.]]
[0. 1. 0. 0. 0. 0. 0. 0. 0. 1. 0. 0. 0. 0. 0. 0. 0. 0. 0. 0. 0. 0. 0. 1.
 0. 0. 0. 1. 0. 0. 1. 0. 0. 0. 0. 0. 0. 0. 0. 0. 0. 0. 0. 0. 0. 0. 0. 0.
 0. 0. 0. 0. 0. 0. 0. 0. 0. 0. 0. 0. 0. 0. 0. 0. 0. 0. 0. 0. 0. 0. 0. 1.
 0. 0. 0. 0. 0. 0. 1. 0. 1. 0. 0. 0. 0. 1. 0. 0. 0. 0.]
aucroc, aucpr (0.49382716049382713, 0.11721121018714775)
Objective function 186.49 = squared loss an data 9.43 + 0.5*rho*h**2 176.710652 + alpha*h 0.000000 + L2reg 0.19 + L1reg 0.16 ; SHD = 55 ; DAG False
total norm for a microbatch 12.122342999522333 clip 10.421832269141522
total norm for a microbatch 12.177562725932432 clip 6.637321290429083
total norm for a microbatch 4.585009849430759 clip 5.851173296101762
total norm for a microbatch 8.772043837593161 clip 6.419507314045094
total norm for a microbatch 5.540884900994517 clip 6.257707503130858
total norm for a microbatch 8.511628947669797 clip 6.013707114778716
total norm for a microbatch 3.7059325356646178 clip 5.963919307164146
total norm for a microbatch 5.352254818764535 clip 6.469287199437178
cpu
[0.206 0.36  0.196 0.188 0.129 0.209 0.142 0.113 0.16  0.464 0.112 0.319
 0.178 0.294 0.199 0.239 0.212 0.156 0.364 0.293 0.221 0.214 0.268 0.352
 0.214 0.141 0.137 0.603 0.218 0.194 0.31  0.169 0.167 0.212 0.203 0.201
 0.082 0.12  0.205 0.168 0.176 0.17  0.201 0.293 0.343 0.152 0.149 0.184
 0.148 0.15  0.232 0.22  0.177 0.175 0.18  0.183 0.287 0.284 0.185 0.171
 0.197 0.196 0.154 0.196 0.199 0.233 0.173 0.323 0.197 0.157 0.266 0.676
 0.186 0.155 0.272 0.198 0.129 0.239 0.431 0.172 0.28  0.099 0.206 0.138
 0.273 0.415 0.1   0.165 0.133 0.343]
[[0. 0. 1. 0. 0. 0. 0. 0. 0. 0.]
 [1. 0. 0. 0. 0. 0. 0. 0. 0. 0.]
 [0. 0. 0. 0. 0. 0. 1. 0. 0. 0.]
 [1. 0. 0. 0. 1. 0. 0. 0. 0. 0.]
 [0. 0. 0. 0. 0. 0. 0. 0. 0. 0.]
 [0. 0. 0. 0. 0. 0. 0. 0. 0. 0.]
 [0. 0. 0. 0. 0. 0. 0. 0. 0. 0.]
 [0. 0. 0. 0. 0. 0. 0. 0. 0. 1.]
 [0. 0. 0. 0. 0. 0. 1. 0. 0. 1.]
 [0. 0. 0. 0. 1. 0. 0. 0. 0. 0.]]
[0. 1. 0. 0. 0. 0. 0. 0. 0. 1. 0. 0. 0. 0. 0. 0. 0. 0. 0. 0. 0. 0. 0. 1.
 0. 0. 0. 1. 0. 0. 1. 0. 0. 0. 0. 0. 0. 0. 0. 0. 0. 0. 0. 0. 0. 0. 0. 0.
 0. 0. 0. 0. 0. 0. 0. 0. 0. 0. 0. 0. 0. 0. 0. 0. 0. 0. 0. 0. 0. 0. 0. 1.
 0. 0. 0. 0. 0. 0. 1. 0. 1. 0. 0. 0. 0. 1. 0. 0. 0. 0.]
aucroc, aucpr (0.9766803840877915, 0.86902352033931)
Objective function 5.80 = squared loss an data 5.11 + 0.5*rho*h**2 0.400389 + alpha*h 0.000000 + L2reg 0.23 + L1reg 0.06 ; SHD = 10 ; DAG False
Proportion of microbatches that were clipped  0.7682232346241458
iteration 1 in inner loop, alpha 0.0 rho 1.0 h 0.8948624432330217
iteration 1 in outer loop, alpha = 0.8948624432330217, rho = 1.0, h = 0.8948624432330217
cpu
noise_multiplier  0.6  noise_multiplier_b  2.5  noise_multiplier_delta  0.6043672230190352
cpu
[0.206 0.36  0.196 0.188 0.129 0.209 0.142 0.113 0.16  0.464 0.112 0.319
 0.178 0.294 0.199 0.239 0.212 0.156 0.364 0.293 0.221 0.214 0.268 0.352
 0.214 0.141 0.137 0.603 0.218 0.194 0.31  0.169 0.167 0.212 0.203 0.201
 0.082 0.12  0.205 0.168 0.176 0.17  0.201 0.293 0.343 0.152 0.149 0.184
 0.148 0.15  0.232 0.22  0.177 0.175 0.18  0.183 0.287 0.284 0.185 0.171
 0.197 0.196 0.154 0.196 0.199 0.233 0.173 0.323 0.197 0.157 0.266 0.676
 0.186 0.155 0.272 0.198 0.129 0.239 0.431 0.172 0.28  0.099 0.206 0.138
 0.273 0.415 0.1   0.165 0.133 0.343]
[[0. 0. 1. 0. 0. 0. 0. 0. 0. 0.]
 [1. 0. 0. 0. 0. 0. 0. 0. 0. 0.]
 [0. 0. 0. 0. 0. 0. 1. 0. 0. 0.]
 [1. 0. 0. 0. 1. 0. 0. 0. 0. 0.]
 [0. 0. 0. 0. 0. 0. 0. 0. 0. 0.]
 [0. 0. 0. 0. 0. 0. 0. 0. 0. 0.]
 [0. 0. 0. 0. 0. 0. 0. 0. 0. 0.]
 [0. 0. 0. 0. 0. 0. 0. 0. 0. 1.]
 [0. 0. 0. 0. 0. 0. 1. 0. 0. 1.]
 [0. 0. 0. 0. 1. 0. 0. 0. 0. 0.]]
[0. 1. 0. 0. 0. 0. 0. 0. 0. 1. 0. 0. 0. 0. 0. 0. 0. 0. 0. 0. 0. 0. 0. 1.
 0. 0. 0. 1. 0. 0. 1. 0. 0. 0. 0. 0. 0. 0. 0. 0. 0. 0. 0. 0. 0. 0. 0. 0.
 0. 0. 0. 0. 0. 0. 0. 0. 0. 0. 0. 0. 0. 0. 0. 0. 0. 0. 0. 0. 0. 0. 0. 1.
 0. 0. 0. 0. 0. 0. 1. 0. 1. 0. 0. 0. 0. 1. 0. 0. 0. 0.]
aucroc, aucpr (0.9766803840877915, 0.86902352033931)
Objective function 6.60 = squared loss an data 5.11 + 0.5*rho*h**2 0.400389 + alpha*h 0.800779 + L2reg 0.23 + L1reg 0.06 ; SHD = 10 ; DAG False
total norm for a microbatch 6.079590071877425 clip 10.0
total norm for a microbatch 10.860027711567758 clip 6.779244146007921
total norm for a microbatch 15.245162713668122 clip 7.327044632047603
total norm for a microbatch 14.849207570625914 clip 6.940576055784393
total norm for a microbatch 12.53056153501571 clip 6.534225730836415
total norm for a microbatch 8.277909130101897 clip 7.145748850750717
total norm for a microbatch 4.878886277504566 clip 7.125364408120365
total norm for a microbatch 7.386336730363901 clip 8.156863526911742
total norm for a microbatch 6.225206063777439 clip 8.156863526911742
total norm for a microbatch 10.859162560306633 clip 6.8010386685896345
total norm for a microbatch 7.628731436246227 clip 7.388654326842871
total norm for a microbatch 12.138752574837934 clip 7.727621213450667
total norm for a microbatch 12.368659106735665 clip 7.580186819357207
total norm for a microbatch 6.714389435809478 clip 7.639004769590806
total norm for a microbatch 12.853426560027618 clip 6.566292635004494
total norm for a microbatch 6.504842300586738 clip 7.281552456509841
cpu
[0.302 0.372 0.318 0.169 0.135 0.279 0.112 0.416 0.13  0.23  0.174 0.3
 0.138 0.214 0.259 0.112 0.16  0.168 0.22  0.184 0.181 0.131 0.235 0.256
 0.264 0.193 0.069 0.355 0.169 0.189 0.308 0.128 0.105 0.176 0.174 0.116
 0.113 0.279 0.208 0.193 0.244 0.193 0.248 0.314 0.221 0.188 0.137 0.219
 0.369 0.157 0.202 0.151 0.19  0.112 0.063 0.129 0.252 0.227 0.146 0.201
 0.207 0.24  0.191 0.283 0.248 0.204 0.226 0.163 0.289 0.251 0.273 0.4
 0.094 0.216 0.261 0.156 0.145 0.221 0.297 0.118 0.267 0.117 0.198 0.238
 0.175 0.301 0.282 0.176 0.249 0.261]
[[0. 0. 1. 0. 0. 0. 0. 0. 0. 0.]
 [1. 0. 0. 0. 0. 0. 0. 0. 0. 0.]
 [0. 0. 0. 0. 0. 0. 1. 0. 0. 0.]
 [1. 0. 0. 0. 1. 0. 0. 0. 0. 0.]
 [0. 0. 0. 0. 0. 0. 0. 0. 0. 0.]
 [0. 0. 0. 0. 0. 0. 0. 0. 0. 0.]
 [0. 0. 0. 0. 0. 0. 0. 0. 0. 0.]
 [0. 0. 0. 0. 0. 0. 0. 0. 0. 1.]
 [0. 0. 0. 0. 0. 0. 1. 0. 0. 1.]
 [0. 0. 0. 0. 1. 0. 0. 0. 0. 0.]]
[0. 1. 0. 0. 0. 0. 0. 0. 0. 1. 0. 0. 0. 0. 0. 0. 0. 0. 0. 0. 0. 0. 0. 1.
 0. 0. 0. 1. 0. 0. 1. 0. 0. 0. 0. 0. 0. 0. 0. 0. 0. 0. 0. 0. 0. 0. 0. 0.
 0. 0. 0. 0. 0. 0. 0. 0. 0. 0. 0. 0. 0. 0. 0. 0. 0. 0. 0. 0. 0. 0. 0. 1.
 0. 0. 0. 0. 0. 0. 1. 0. 1. 0. 0. 0. 0. 1. 0. 0. 0. 0.]
aucroc, aucpr (0.9012345679012346, 0.4703474372205022)
Objective function 5.81 = squared loss an data 4.45 + 0.5*rho*h**2 0.231024 + alpha*h 0.608275 + L2reg 0.46 + L1reg 0.05 ; SHD = 11 ; DAG False
Proportion of microbatches that were clipped  0.7700226977950714
iteration 1 in inner loop, alpha 0.8948624432330217 rho 1.0 h 0.6797408857503004
noise_multiplier  0.6  noise_multiplier_b  2.5  noise_multiplier_delta  0.6043672230190352
cpu
[0.302 0.372 0.318 0.169 0.135 0.279 0.112 0.416 0.13  0.23  0.174 0.3
 0.138 0.214 0.259 0.112 0.16  0.168 0.22  0.184 0.181 0.131 0.235 0.256
 0.264 0.193 0.069 0.355 0.169 0.189 0.308 0.128 0.105 0.176 0.174 0.116
 0.113 0.279 0.208 0.193 0.244 0.193 0.248 0.314 0.221 0.188 0.137 0.219
 0.369 0.157 0.202 0.151 0.19  0.112 0.063 0.129 0.252 0.227 0.146 0.201
 0.207 0.24  0.191 0.283 0.248 0.204 0.226 0.163 0.289 0.251 0.273 0.4
 0.094 0.216 0.261 0.156 0.145 0.221 0.297 0.118 0.267 0.117 0.198 0.238
 0.175 0.301 0.282 0.176 0.249 0.261]
[[0. 0. 1. 0. 0. 0. 0. 0. 0. 0.]
 [1. 0. 0. 0. 0. 0. 0. 0. 0. 0.]
 [0. 0. 0. 0. 0. 0. 1. 0. 0. 0.]
 [1. 0. 0. 0. 1. 0. 0. 0. 0. 0.]
 [0. 0. 0. 0. 0. 0. 0. 0. 0. 0.]
 [0. 0. 0. 0. 0. 0. 0. 0. 0. 0.]
 [0. 0. 0. 0. 0. 0. 0. 0. 0. 0.]
 [0. 0. 0. 0. 0. 0. 0. 0. 0. 1.]
 [0. 0. 0. 0. 0. 0. 1. 0. 0. 1.]
 [0. 0. 0. 0. 1. 0. 0. 0. 0. 0.]]
[0. 1. 0. 0. 0. 0. 0. 0. 0. 1. 0. 0. 0. 0. 0. 0. 0. 0. 0. 0. 0. 0. 0. 1.
 0. 0. 0. 1. 0. 0. 1. 0. 0. 0. 0. 0. 0. 0. 0. 0. 0. 0. 0. 0. 0. 0. 0. 0.
 0. 0. 0. 0. 0. 0. 0. 0. 0. 0. 0. 0. 0. 0. 0. 0. 0. 0. 0. 0. 0. 0. 0. 1.
 0. 0. 0. 0. 0. 0. 1. 0. 1. 0. 0. 0. 0. 1. 0. 0. 0. 0.]
aucroc, aucpr (0.9012345679012346, 0.4703474372205022)
Objective function 7.89 = squared loss an data 4.45 + 0.5*rho*h**2 2.310238 + alpha*h 0.608275 + L2reg 0.46 + L1reg 0.05 ; SHD = 11 ; DAG False
total norm for a microbatch 7.4144711141453605 clip 9.385414468975254
total norm for a microbatch 17.81082754179989 clip 7.87867873438682
total norm for a microbatch 8.591365131735213 clip 8.83826768034381
total norm for a microbatch 14.25613507764196 clip 8.087719566558444
total norm for a microbatch 8.19174673495124 clip 9.128552828319847
total norm for a microbatch 15.003364785268468 clip 7.785570056374632
total norm for a microbatch 13.374212592185566 clip 8.50575516738944
total norm for a microbatch 11.423720887381196 clip 8.721962926258527
total norm for a microbatch 9.660425893191494 clip 8.639406499159474
total norm for a microbatch 9.311299326196957 clip 7.676917913643637
total norm for a microbatch 24.49145764111718 clip 9.175058919162216
total norm for a microbatch 9.80974046304761 clip 9.064139468119194
total norm for a microbatch 14.332425718380465 clip 8.75694005575218
total norm for a microbatch 7.697668797085169 clip 8.75694005575218
cpu
[0.243 0.295 0.218 0.172 0.185 0.143 0.224 0.197 0.106 0.306 0.087 0.107
 0.111 0.116 0.149 0.172 0.168 0.137 0.251 0.262 0.17  0.211 0.129 0.2
 0.347 0.116 0.19  0.354 0.24  0.136 0.186 0.154 0.096 0.155 0.202 0.116
 0.071 0.252 0.157 0.155 0.166 0.171 0.364 0.29  0.254 0.11  0.221 0.205
 0.144 0.119 0.089 0.085 0.06  0.092 0.183 0.155 0.221 0.35  0.163 0.308
 0.101 0.214 0.125 0.117 0.125 0.059 0.143 0.085 0.265 0.195 0.125 0.38
 0.18  0.131 0.25  0.15  0.129 0.332 0.32  0.29  0.174 0.191 0.173 0.165
 0.231 0.296 0.273 0.138 0.157 0.196]
[[0. 0. 1. 0. 0. 0. 0. 0. 0. 0.]
 [1. 0. 0. 0. 0. 0. 0. 0. 0. 0.]
 [0. 0. 0. 0. 0. 0. 1. 0. 0. 0.]
 [1. 0. 0. 0. 1. 0. 0. 0. 0. 0.]
 [0. 0. 0. 0. 0. 0. 0. 0. 0. 0.]
 [0. 0. 0. 0. 0. 0. 0. 0. 0. 0.]
 [0. 0. 0. 0. 0. 0. 0. 0. 0. 0.]
 [0. 0. 0. 0. 0. 0. 0. 0. 0. 1.]
 [0. 0. 0. 0. 0. 0. 1. 0. 0. 1.]
 [0. 0. 0. 0. 1. 0. 0. 0. 0. 0.]]
[0. 1. 0. 0. 0. 0. 0. 0. 0. 1. 0. 0. 0. 0. 0. 0. 0. 0. 0. 0. 0. 0. 0. 1.
 0. 0. 0. 1. 0. 0. 1. 0. 0. 0. 0. 0. 0. 0. 0. 0. 0. 0. 0. 0. 0. 0. 0. 0.
 0. 0. 0. 0. 0. 0. 0. 0. 0. 0. 0. 0. 0. 0. 0. 0. 0. 0. 0. 0. 0. 0. 0. 1.
 0. 0. 0. 0. 0. 0. 1. 0. 1. 0. 0. 0. 0. 1. 0. 0. 0. 0.]
aucroc, aucpr (0.8518518518518519, 0.46985545724580813)
Objective function 6.39 = squared loss an data 5.19 + 0.5*rho*h**2 0.341168 + alpha*h 0.233752 + L2reg 0.57 + L1reg 0.05 ; SHD = 10 ; DAG True
Proportion of microbatches that were clipped  0.7731355252606255
iteration 2 in inner loop, alpha 0.8948624432330217 rho 10.0 h 0.2612156601229554
noise_multiplier  0.6  noise_multiplier_b  2.5  noise_multiplier_delta  0.6043672230190352
cpu
[0.243 0.295 0.218 0.172 0.185 0.143 0.224 0.197 0.106 0.306 0.087 0.107
 0.111 0.116 0.149 0.172 0.168 0.137 0.251 0.262 0.17  0.211 0.129 0.2
 0.347 0.116 0.19  0.354 0.24  0.136 0.186 0.154 0.096 0.155 0.202 0.116
 0.071 0.252 0.157 0.155 0.166 0.171 0.364 0.29  0.254 0.11  0.221 0.205
 0.144 0.119 0.089 0.085 0.06  0.092 0.183 0.155 0.221 0.35  0.163 0.308
 0.101 0.214 0.125 0.117 0.125 0.059 0.143 0.085 0.265 0.195 0.125 0.38
 0.18  0.131 0.25  0.15  0.129 0.332 0.32  0.29  0.174 0.191 0.173 0.165
 0.231 0.296 0.273 0.138 0.157 0.196]
[[0. 0. 1. 0. 0. 0. 0. 0. 0. 0.]
 [1. 0. 0. 0. 0. 0. 0. 0. 0. 0.]
 [0. 0. 0. 0. 0. 0. 1. 0. 0. 0.]
 [1. 0. 0. 0. 1. 0. 0. 0. 0. 0.]
 [0. 0. 0. 0. 0. 0. 0. 0. 0. 0.]
 [0. 0. 0. 0. 0. 0. 0. 0. 0. 0.]
 [0. 0. 0. 0. 0. 0. 0. 0. 0. 0.]
 [0. 0. 0. 0. 0. 0. 0. 0. 0. 1.]
 [0. 0. 0. 0. 0. 0. 1. 0. 0. 1.]
 [0. 0. 0. 0. 1. 0. 0. 0. 0. 0.]]
[0. 1. 0. 0. 0. 0. 0. 0. 0. 1. 0. 0. 0. 0. 0. 0. 0. 0. 0. 0. 0. 0. 0. 1.
 0. 0. 0. 1. 0. 0. 1. 0. 0. 0. 0. 0. 0. 0. 0. 0. 0. 0. 0. 0. 0. 0. 0. 0.
 0. 0. 0. 0. 0. 0. 0. 0. 0. 0. 0. 0. 0. 0. 0. 0. 0. 0. 0. 0. 0. 0. 0. 1.
 0. 0. 0. 0. 0. 0. 1. 0. 1. 0. 0. 0. 0. 1. 0. 0. 0. 0.]
aucroc, aucpr (0.8518518518518519, 0.46985545724580813)
Objective function 9.46 = squared loss an data 5.19 + 0.5*rho*h**2 3.411681 + alpha*h 0.233752 + L2reg 0.57 + L1reg 0.05 ; SHD = 10 ; DAG True
total norm for a microbatch 17.135667135523047 clip 13.875542346617086
total norm for a microbatch 11.70538754900464 clip 10.045527356873617
total norm for a microbatch 8.060155560127935 clip 9.234339529535943
total norm for a microbatch 15.304280210362101 clip 8.958986232370965
total norm for a microbatch 6.603622675535452 clip 10.07576885854029
total norm for a microbatch 16.835512015421454 clip 9.64240116315148
total norm for a microbatch 12.292801237805744 clip 9.861887795694134
total norm for a microbatch 8.935977060799146 clip 9.787293543269849
total norm for a microbatch 10.926501306167829 clip 9.299934653455484
total norm for a microbatch 17.271083181116367 clip 9.532612756756745
total norm for a microbatch 15.066211343706359 clip 9.216111213222627
total norm for a microbatch 30.571803482730466 clip 10.431281106630815
total norm for a microbatch 12.286095413704189 clip 10.002365691759945
total norm for a microbatch 15.448603669070623 clip 9.278976516383091
total norm for a microbatch 17.23910829323884 clip 9.34581158129169
total norm for a microbatch 10.1991455522595 clip 11.253229923714429
cpu
[0.105 0.278 0.06  0.15  0.109 0.137 0.252 0.134 0.141 0.338 0.095 0.075
 0.08  0.186 0.147 0.326 0.098 0.254 0.19  0.236 0.215 0.072 0.191 0.265
 0.418 0.093 0.217 0.475 0.19  0.089 0.282 0.293 0.112 0.11  0.164 0.226
 0.121 0.238 0.16  0.113 0.272 0.081 0.205 0.219 0.235 0.091 0.084 0.093
 0.072 0.095 0.118 0.062 0.056 0.124 0.125 0.121 0.21  0.239 0.209 0.137
 0.186 0.076 0.152 0.082 0.068 0.072 0.177 0.137 0.289 0.068 0.073 0.673
 0.148 0.199 0.202 0.109 0.107 0.254 0.388 0.308 0.358 0.106 0.056 0.084
 0.085 0.191 0.145 0.09  0.04  0.105]
[[0. 0. 1. 0. 0. 0. 0. 0. 0. 0.]
 [1. 0. 0. 0. 0. 0. 0. 0. 0. 0.]
 [0. 0. 0. 0. 0. 0. 1. 0. 0. 0.]
 [1. 0. 0. 0. 1. 0. 0. 0. 0. 0.]
 [0. 0. 0. 0. 0. 0. 0. 0. 0. 0.]
 [0. 0. 0. 0. 0. 0. 0. 0. 0. 0.]
 [0. 0. 0. 0. 0. 0. 0. 0. 0. 0.]
 [0. 0. 0. 0. 0. 0. 0. 0. 0. 1.]
 [0. 0. 0. 0. 0. 0. 1. 0. 0. 1.]
 [0. 0. 0. 0. 1. 0. 0. 0. 0. 0.]]
[0. 1. 0. 0. 0. 0. 0. 0. 0. 1. 0. 0. 0. 0. 0. 0. 0. 0. 0. 0. 0. 0. 0. 1.
 0. 0. 0. 1. 0. 0. 1. 0. 0. 0. 0. 0. 0. 0. 0. 0. 0. 0. 0. 0. 0. 0. 0. 0.
 0. 0. 0. 0. 0. 0. 0. 0. 0. 0. 0. 0. 0. 0. 0. 0. 0. 0. 0. 0. 0. 0. 0. 1.
 0. 0. 0. 0. 0. 0. 1. 0. 1. 0. 0. 0. 0. 1. 0. 0. 0. 0.]
aucroc, aucpr (0.943758573388203, 0.7082080404661051)
Objective function 7.22 = squared loss an data 6.22 + 0.5*rho*h**2 0.287467 + alpha*h 0.067852 + L2reg 0.61 + L1reg 0.04 ; SHD = 7 ; DAG True
Proportion of microbatches that were clipped  0.7734677419354838
iteration 3 in inner loop, alpha 0.8948624432330217 rho 100.0 h 0.07582445825777384
iteration 2 in outer loop, alpha = 8.477308269010406, rho = 100.0, h = 0.07582445825777384
cpu
noise_multiplier  0.6  noise_multiplier_b  2.5  noise_multiplier_delta  0.6043672230190352
cpu
[0.105 0.278 0.06  0.15  0.109 0.137 0.252 0.134 0.141 0.338 0.095 0.075
 0.08  0.186 0.147 0.326 0.098 0.254 0.19  0.236 0.215 0.072 0.191 0.265
 0.418 0.093 0.217 0.475 0.19  0.089 0.282 0.293 0.112 0.11  0.164 0.226
 0.121 0.238 0.16  0.113 0.272 0.081 0.205 0.219 0.235 0.091 0.084 0.093
 0.072 0.095 0.118 0.062 0.056 0.124 0.125 0.121 0.21  0.239 0.209 0.137
 0.186 0.076 0.152 0.082 0.068 0.072 0.177 0.137 0.289 0.068 0.073 0.673
 0.148 0.199 0.202 0.109 0.107 0.254 0.388 0.308 0.358 0.106 0.056 0.084
 0.085 0.191 0.145 0.09  0.04  0.105]
[[0. 0. 1. 0. 0. 0. 0. 0. 0. 0.]
 [1. 0. 0. 0. 0. 0. 0. 0. 0. 0.]
 [0. 0. 0. 0. 0. 0. 1. 0. 0. 0.]
 [1. 0. 0. 0. 1. 0. 0. 0. 0. 0.]
 [0. 0. 0. 0. 0. 0. 0. 0. 0. 0.]
 [0. 0. 0. 0. 0. 0. 0. 0. 0. 0.]
 [0. 0. 0. 0. 0. 0. 0. 0. 0. 0.]
 [0. 0. 0. 0. 0. 0. 0. 0. 0. 1.]
 [0. 0. 0. 0. 0. 0. 1. 0. 0. 1.]
 [0. 0. 0. 0. 1. 0. 0. 0. 0. 0.]]
[0. 1. 0. 0. 0. 0. 0. 0. 0. 1. 0. 0. 0. 0. 0. 0. 0. 0. 0. 0. 0. 0. 0. 1.
 0. 0. 0. 1. 0. 0. 1. 0. 0. 0. 0. 0. 0. 0. 0. 0. 0. 0. 0. 0. 0. 0. 0. 0.
 0. 0. 0. 0. 0. 0. 0. 0. 0. 0. 0. 0. 0. 0. 0. 0. 0. 0. 0. 0. 0. 0. 0. 1.
 0. 0. 0. 0. 0. 0. 1. 0. 1. 0. 0. 0. 0. 1. 0. 0. 0. 0.]
aucroc, aucpr (0.943758573388203, 0.7082080404661051)
Objective function 7.79 = squared loss an data 6.22 + 0.5*rho*h**2 0.287467 + alpha*h 0.642787 + L2reg 0.61 + L1reg 0.04 ; SHD = 7 ; DAG True
total norm for a microbatch 19.890508002404697 clip 10.213047925128562
total norm for a microbatch 8.606442302334456 clip 10.374643111357052
total norm for a microbatch 9.318134499121687 clip 9.504793082922788
total norm for a microbatch 11.807962437563795 clip 9.13226438992328
total norm for a microbatch 17.904271122666426 clip 9.636294238724311
total norm for a microbatch 20.970154609839422 clip 11.218346872634859
total norm for a microbatch 12.042492476969176 clip 9.657499712941346
total norm for a microbatch 11.715814507768803 clip 10.701345132487646
total norm for a microbatch 15.775744246036776 clip 10.354277896674757
total norm for a microbatch 11.00883510038856 clip 10.828106050703088
total norm for a microbatch 14.762160517206002 clip 10.695278452952703
total norm for a microbatch 15.672532883607513 clip 10.026002123019056
cpu
[0.063 0.25  0.068 0.14  0.14  0.135 0.089 0.088 0.151 0.466 0.054 0.1
 0.146 0.283 0.186 0.399 0.092 0.164 0.204 0.233 0.121 0.155 0.306 0.242
 0.267 0.084 0.26  0.579 0.223 0.16  0.118 0.265 0.172 0.237 0.161 0.254
 0.111 0.111 0.105 0.201 0.262 0.081 0.119 0.091 0.167 0.097 0.074 0.075
 0.073 0.079 0.091 0.144 0.032 0.131 0.145 0.153 0.188 0.108 0.211 0.147
 0.102 0.047 0.167 0.187 0.034 0.084 0.082 0.138 0.159 0.122 0.039 0.659
 0.14  0.176 0.219 0.13  0.066 0.483 0.535 0.284 0.388 0.128 0.062 0.044
 0.063 0.201 0.184 0.081 0.032 0.053]
[[0. 0. 1. 0. 0. 0. 0. 0. 0. 0.]
 [1. 0. 0. 0. 0. 0. 0. 0. 0. 0.]
 [0. 0. 0. 0. 0. 0. 1. 0. 0. 0.]
 [1. 0. 0. 0. 1. 0. 0. 0. 0. 0.]
 [0. 0. 0. 0. 0. 0. 0. 0. 0. 0.]
 [0. 0. 0. 0. 0. 0. 0. 0. 0. 0.]
 [0. 0. 0. 0. 0. 0. 0. 0. 0. 0.]
 [0. 0. 0. 0. 0. 0. 0. 0. 0. 1.]
 [0. 0. 0. 0. 0. 0. 1. 0. 0. 1.]
 [0. 0. 0. 0. 1. 0. 0. 0. 0. 0.]]
[0. 1. 0. 0. 0. 0. 0. 0. 0. 1. 0. 0. 0. 0. 0. 0. 0. 0. 0. 0. 0. 0. 0. 1.
 0. 0. 0. 1. 0. 0. 1. 0. 0. 0. 0. 0. 0. 0. 0. 0. 0. 0. 0. 0. 0. 0. 0. 0.
 0. 0. 0. 0. 0. 0. 0. 0. 0. 0. 0. 0. 0. 0. 0. 0. 0. 0. 0. 0. 0. 0. 0. 1.
 0. 0. 0. 0. 0. 0. 1. 0. 1. 0. 0. 0. 0. 1. 0. 0. 0. 0.]
aucroc, aucpr (0.8820301783264746, 0.6438997821350763)
Objective function 7.61 = squared loss an data 6.44 + 0.5*rho*h**2 0.122001 + alpha*h 0.418749 + L2reg 0.60 + L1reg 0.04 ; SHD = 7 ; DAG True
Proportion of microbatches that were clipped  0.7745641520044991
iteration 1 in inner loop, alpha 8.477308269010406 rho 100.0 h 0.04939646140601184
noise_multiplier  0.6  noise_multiplier_b  2.5  noise_multiplier_delta  0.6043672230190352
cpu
[0.063 0.25  0.068 0.14  0.14  0.135 0.089 0.088 0.151 0.466 0.054 0.1
 0.146 0.283 0.186 0.399 0.092 0.164 0.204 0.233 0.121 0.155 0.306 0.242
 0.267 0.084 0.26  0.579 0.223 0.16  0.118 0.265 0.172 0.237 0.161 0.254
 0.111 0.111 0.105 0.201 0.262 0.081 0.119 0.091 0.167 0.097 0.074 0.075
 0.073 0.079 0.091 0.144 0.032 0.131 0.145 0.153 0.188 0.108 0.211 0.147
 0.102 0.047 0.167 0.187 0.034 0.084 0.082 0.138 0.159 0.122 0.039 0.659
 0.14  0.176 0.219 0.13  0.066 0.483 0.535 0.284 0.388 0.128 0.062 0.044
 0.063 0.201 0.184 0.081 0.032 0.053]
[[0. 0. 1. 0. 0. 0. 0. 0. 0. 0.]
 [1. 0. 0. 0. 0. 0. 0. 0. 0. 0.]
 [0. 0. 0. 0. 0. 0. 1. 0. 0. 0.]
 [1. 0. 0. 0. 1. 0. 0. 0. 0. 0.]
 [0. 0. 0. 0. 0. 0. 0. 0. 0. 0.]
 [0. 0. 0. 0. 0. 0. 0. 0. 0. 0.]
 [0. 0. 0. 0. 0. 0. 0. 0. 0. 0.]
 [0. 0. 0. 0. 0. 0. 0. 0. 0. 1.]
 [0. 0. 0. 0. 0. 0. 1. 0. 0. 1.]
 [0. 0. 0. 0. 1. 0. 0. 0. 0. 0.]]
[0. 1. 0. 0. 0. 0. 0. 0. 0. 1. 0. 0. 0. 0. 0. 0. 0. 0. 0. 0. 0. 0. 0. 1.
 0. 0. 0. 1. 0. 0. 1. 0. 0. 0. 0. 0. 0. 0. 0. 0. 0. 0. 0. 0. 0. 0. 0. 0.
 0. 0. 0. 0. 0. 0. 0. 0. 0. 0. 0. 0. 0. 0. 0. 0. 0. 0. 0. 0. 0. 0. 0. 1.
 0. 0. 0. 0. 0. 0. 1. 0. 1. 0. 0. 0. 0. 1. 0. 0. 0. 0.]
aucroc, aucpr (0.8820301783264746, 0.6438997821350763)
Objective function 8.71 = squared loss an data 6.44 + 0.5*rho*h**2 1.220005 + alpha*h 0.418749 + L2reg 0.60 + L1reg 0.04 ; SHD = 7 ; DAG True
total norm for a microbatch 11.084237815218106 clip 11.41156143593804
total norm for a microbatch 18.723826883631368 clip 9.693495086312653
total norm for a microbatch 16.56168847090261 clip 9.973790475778117
total norm for a microbatch 10.534541365175162 clip 11.154549838777966
total norm for a microbatch 21.09973586566887 clip 11.209561840358603
total norm for a microbatch 11.38536952205573 clip 11.404713079660969
total norm for a microbatch 15.345247326064056 clip 10.632944780928996
total norm for a microbatch 45.40435357881738 clip 10.900244297290662
total norm for a microbatch 7.280272543960247 clip 9.811166094889728
total norm for a microbatch 23.81349634716551 clip 9.666024435343662
total norm for a microbatch 19.034034715367895 clip 10.345239275329508
total norm for a microbatch 16.47129069905821 clip 10.086771565956912
total norm for a microbatch 21.955899481490224 clip 11.272948227317707
total norm for a microbatch 12.635983634410346 clip 9.347799010156082
total norm for a microbatch 18.90163341707308 clip 10.078338242095686
cpu
[0.019 0.15  0.02  0.12  0.074 0.08  0.047 0.05  0.123 0.566 0.145 0.065
 0.116 0.251 0.108 0.092 0.127 0.185 0.187 0.108 0.08  0.093 0.072 0.206
 0.085 0.062 0.067 0.641 0.166 0.19  0.286 0.164 0.149 0.176 0.072 0.229
 0.109 0.082 0.108 0.03  0.127 0.087 0.052 0.071 0.159 0.124 0.061 0.161
 0.05  0.07  0.157 0.078 0.034 0.106 0.222 0.097 0.131 0.091 0.119 0.104
 0.116 0.034 0.166 0.093 0.107 0.15  0.102 0.239 0.21  0.093 0.05  0.907
 0.201 0.059 0.183 0.165 0.151 0.315 0.641 0.208 0.467 0.082 0.053 0.101
 0.062 0.172 0.106 0.077 0.015 0.031]
[[0. 0. 1. 0. 0. 0. 0. 0. 0. 0.]
 [1. 0. 0. 0. 0. 0. 0. 0. 0. 0.]
 [0. 0. 0. 0. 0. 0. 1. 0. 0. 0.]
 [1. 0. 0. 0. 1. 0. 0. 0. 0. 0.]
 [0. 0. 0. 0. 0. 0. 0. 0. 0. 0.]
 [0. 0. 0. 0. 0. 0. 0. 0. 0. 0.]
 [0. 0. 0. 0. 0. 0. 0. 0. 0. 0.]
 [0. 0. 0. 0. 0. 0. 0. 0. 0. 1.]
 [0. 0. 0. 0. 0. 0. 1. 0. 0. 1.]
 [0. 0. 0. 0. 1. 0. 0. 0. 0. 0.]]
[0. 1. 0. 0. 0. 0. 0. 0. 0. 1. 0. 0. 0. 0. 0. 0. 0. 0. 0. 0. 0. 0. 0. 1.
 0. 0. 0. 1. 0. 0. 1. 0. 0. 0. 0. 0. 0. 0. 0. 0. 0. 0. 0. 0. 0. 0. 0. 0.
 0. 0. 0. 0. 0. 0. 0. 0. 0. 0. 0. 0. 0. 0. 0. 0. 0. 0. 0. 0. 0. 0. 0. 1.
 0. 0. 0. 0. 0. 0. 1. 0. 1. 0. 0. 0. 0. 1. 0. 0. 0. 0.]
aucroc, aucpr (0.9423868312757201, 0.782010582010582)
Objective function 7.82 = squared loss an data 7.00 + 0.5*rho*h**2 0.111590 + alpha*h 0.126644 + L2reg 0.55 + L1reg 0.04 ; SHD = 5 ; DAG True
Proportion of microbatches that were clipped  0.7774075836903062
iteration 2 in inner loop, alpha 8.477308269010406 rho 1000.0 h 0.014939221088464905
iteration 3 in outer loop, alpha = 23.416529357475312, rho = 1000.0, h = 0.014939221088464905
cpu
noise_multiplier  0.6  noise_multiplier_b  2.5  noise_multiplier_delta  0.6043672230190352
cpu
[0.019 0.15  0.02  0.12  0.074 0.08  0.047 0.05  0.123 0.566 0.145 0.065
 0.116 0.251 0.108 0.092 0.127 0.185 0.187 0.108 0.08  0.093 0.072 0.206
 0.085 0.062 0.067 0.641 0.166 0.19  0.286 0.164 0.149 0.176 0.072 0.229
 0.109 0.082 0.108 0.03  0.127 0.087 0.052 0.071 0.159 0.124 0.061 0.161
 0.05  0.07  0.157 0.078 0.034 0.106 0.222 0.097 0.131 0.091 0.119 0.104
 0.116 0.034 0.166 0.093 0.107 0.15  0.102 0.239 0.21  0.093 0.05  0.907
 0.201 0.059 0.183 0.165 0.151 0.315 0.641 0.208 0.467 0.082 0.053 0.101
 0.062 0.172 0.106 0.077 0.015 0.031]
[[0. 0. 1. 0. 0. 0. 0. 0. 0. 0.]
 [1. 0. 0. 0. 0. 0. 0. 0. 0. 0.]
 [0. 0. 0. 0. 0. 0. 1. 0. 0. 0.]
 [1. 0. 0. 0. 1. 0. 0. 0. 0. 0.]
 [0. 0. 0. 0. 0. 0. 0. 0. 0. 0.]
 [0. 0. 0. 0. 0. 0. 0. 0. 0. 0.]
 [0. 0. 0. 0. 0. 0. 0. 0. 0. 0.]
 [0. 0. 0. 0. 0. 0. 0. 0. 0. 1.]
 [0. 0. 0. 0. 0. 0. 1. 0. 0. 1.]
 [0. 0. 0. 0. 1. 0. 0. 0. 0. 0.]]
[0. 1. 0. 0. 0. 0. 0. 0. 0. 1. 0. 0. 0. 0. 0. 0. 0. 0. 0. 0. 0. 0. 0. 1.
 0. 0. 0. 1. 0. 0. 1. 0. 0. 0. 0. 0. 0. 0. 0. 0. 0. 0. 0. 0. 0. 0. 0. 0.
 0. 0. 0. 0. 0. 0. 0. 0. 0. 0. 0. 0. 0. 0. 0. 0. 0. 0. 0. 0. 0. 0. 0. 1.
 0. 0. 0. 0. 0. 0. 1. 0. 1. 0. 0. 0. 0. 1. 0. 0. 0. 0.]
aucroc, aucpr (0.9423868312757201, 0.782010582010582)
Objective function 8.04 = squared loss an data 7.00 + 0.5*rho*h**2 0.111590 + alpha*h 0.349825 + L2reg 0.55 + L1reg 0.04 ; SHD = 5 ; DAG True
total norm for a microbatch 11.21575396241035 clip 10.706628016778936
total norm for a microbatch 7.06205626087391 clip 10.580233908164649
cpu
[0.026 0.332 0.017 0.09  0.137 0.139 0.154 0.082 0.076 0.548 0.179 0.078
 0.108 0.272 0.155 0.088 0.094 0.119 0.063 0.063 0.032 0.106 0.144 0.358
 0.078 0.083 0.366 0.811 0.182 0.211 0.659 0.16  0.188 0.153 0.254 0.311
 0.146 0.093 0.092 0.01  0.08  0.149 0.024 0.062 0.198 0.098 0.042 0.069
 0.05  0.085 0.029 0.034 0.016 0.062 0.115 0.07  0.052 0.048 0.052 0.208
 0.039 0.014 0.051 0.055 0.168 0.144 0.058 0.339 0.375 0.23  0.088 1.189
 0.12  0.144 0.138 0.041 0.22  0.408 0.62  0.099 0.826 0.047 0.079 0.02
 0.03  0.171 0.16  0.145 0.009 0.011]
[[0. 0. 1. 0. 0. 0. 0. 0. 0. 0.]
 [1. 0. 0. 0. 0. 0. 0. 0. 0. 0.]
 [0. 0. 0. 0. 0. 0. 1. 0. 0. 0.]
 [1. 0. 0. 0. 1. 0. 0. 0. 0. 0.]
 [0. 0. 0. 0. 0. 0. 0. 0. 0. 0.]
 [0. 0. 0. 0. 0. 0. 0. 0. 0. 0.]
 [0. 0. 0. 0. 0. 0. 0. 0. 0. 0.]
 [0. 0. 0. 0. 0. 0. 0. 0. 0. 1.]
 [0. 0. 0. 0. 0. 0. 1. 0. 0. 1.]
 [0. 0. 0. 0. 1. 0. 0. 0. 0. 0.]]
[0. 1. 0. 0. 0. 0. 0. 0. 0. 1. 0. 0. 0. 0. 0. 0. 0. 0. 0. 0. 0. 0. 0. 1.
 0. 0. 0. 1. 0. 0. 1. 0. 0. 0. 0. 0. 0. 0. 0. 0. 0. 0. 0. 0. 0. 0. 0. 0.
 0. 0. 0. 0. 0. 0. 0. 0. 0. 0. 0. 0. 0. 0. 0. 0. 0. 0. 0. 0. 0. 0. 0. 1.
 0. 0. 0. 0. 0. 0. 1. 0. 1. 0. 0. 0. 0. 1. 0. 0. 0. 0.]
aucroc, aucpr (0.9698216735253773, 0.8601851851851852)
Objective function 7.99 = squared loss an data 7.15 + 0.5*rho*h**2 0.049913 + alpha*h 0.233962 + L2reg 0.51 + L1reg 0.04 ; SHD = 6 ; DAG True
Proportion of microbatches that were clipped  0.7757614517547365
iteration 1 in inner loop, alpha 23.416529357475312 rho 1000.0 h 0.009991302235896171
noise_multiplier  0.6  noise_multiplier_b  2.5  noise_multiplier_delta  0.6043672230190352
cpu
[0.026 0.332 0.017 0.09  0.137 0.139 0.154 0.082 0.076 0.548 0.179 0.078
 0.108 0.272 0.155 0.088 0.094 0.119 0.063 0.063 0.032 0.106 0.144 0.358
 0.078 0.083 0.366 0.811 0.182 0.211 0.659 0.16  0.188 0.153 0.254 0.311
 0.146 0.093 0.092 0.01  0.08  0.149 0.024 0.062 0.198 0.098 0.042 0.069
 0.05  0.085 0.029 0.034 0.016 0.062 0.115 0.07  0.052 0.048 0.052 0.208
 0.039 0.014 0.051 0.055 0.168 0.144 0.058 0.339 0.375 0.23  0.088 1.189
 0.12  0.144 0.138 0.041 0.22  0.408 0.62  0.099 0.826 0.047 0.079 0.02
 0.03  0.171 0.16  0.145 0.009 0.011]
[[0. 0. 1. 0. 0. 0. 0. 0. 0. 0.]
 [1. 0. 0. 0. 0. 0. 0. 0. 0. 0.]
 [0. 0. 0. 0. 0. 0. 1. 0. 0. 0.]
 [1. 0. 0. 0. 1. 0. 0. 0. 0. 0.]
 [0. 0. 0. 0. 0. 0. 0. 0. 0. 0.]
 [0. 0. 0. 0. 0. 0. 0. 0. 0. 0.]
 [0. 0. 0. 0. 0. 0. 0. 0. 0. 0.]
 [0. 0. 0. 0. 0. 0. 0. 0. 0. 1.]
 [0. 0. 0. 0. 0. 0. 1. 0. 0. 1.]
 [0. 0. 0. 0. 1. 0. 0. 0. 0. 0.]]
[0. 1. 0. 0. 0. 0. 0. 0. 0. 1. 0. 0. 0. 0. 0. 0. 0. 0. 0. 0. 0. 0. 0. 1.
 0. 0. 0. 1. 0. 0. 1. 0. 0. 0. 0. 0. 0. 0. 0. 0. 0. 0. 0. 0. 0. 0. 0. 0.
 0. 0. 0. 0. 0. 0. 0. 0. 0. 0. 0. 0. 0. 0. 0. 0. 0. 0. 0. 0. 0. 0. 0. 1.
 0. 0. 0. 0. 0. 0. 1. 0. 1. 0. 0. 0. 0. 1. 0. 0. 0. 0.]
aucroc, aucpr (0.9698216735253773, 0.8601851851851852)
Objective function 8.44 = squared loss an data 7.15 + 0.5*rho*h**2 0.499131 + alpha*h 0.233962 + L2reg 0.51 + L1reg 0.04 ; SHD = 6 ; DAG True
total norm for a microbatch 11.89091120005757 clip 10.796545743429354
total norm for a microbatch 11.857470379127992 clip 10.244692705853769
total norm for a microbatch 21.371566731367455 clip 10.147750431037135
total norm for a microbatch 12.3341019083721 clip 10.496712063440464
total norm for a microbatch 12.364687360227636 clip 9.631799541347657
total norm for a microbatch 9.038809316118419 clip 9.544191025236028
total norm for a microbatch 29.932655477946938 clip 10.326571953581023
total norm for a microbatch 22.47918225529741 clip 10.744312709190215
total norm for a microbatch 17.872184316839128 clip 10.456880407013982
total norm for a microbatch 22.43667055994123 clip 9.73400941071512
total norm for a microbatch 19.10530769426615 clip 9.431669335123006
total norm for a microbatch 17.971765769813594 clip 10.862161383243798
cpu
[0.019 0.297 0.007 0.089 0.148 0.1   0.032 0.038 0.1   0.66  0.16  0.042
 0.15  0.339 0.134 0.039 0.094 0.269 0.08  0.043 0.033 0.168 0.211 0.256
 0.067 0.04  0.316 0.95  0.22  0.201 0.466 0.205 0.192 0.185 0.166 0.254
 0.041 0.046 0.057 0.018 0.028 0.117 0.016 0.017 0.268 0.052 0.024 0.039
 0.022 0.156 0.112 0.015 0.012 0.094 0.084 0.033 0.055 0.038 0.075 0.07
 0.037 0.012 0.128 0.213 0.212 0.104 0.04  0.467 0.382 0.167 0.067 1.486
 0.131 0.066 0.164 0.031 0.403 0.439 0.695 0.101 1.318 0.071 0.025 0.027
 0.026 0.077 0.091 0.062 0.006 0.004]
[[0. 0. 1. 0. 0. 0. 0. 0. 0. 0.]
 [1. 0. 0. 0. 0. 0. 0. 0. 0. 0.]
 [0. 0. 0. 0. 0. 0. 1. 0. 0. 0.]
 [1. 0. 0. 0. 1. 0. 0. 0. 0. 0.]
 [0. 0. 0. 0. 0. 0. 0. 0. 0. 0.]
 [0. 0. 0. 0. 0. 0. 0. 0. 0. 0.]
 [0. 0. 0. 0. 0. 0. 0. 0. 0. 0.]
 [0. 0. 0. 0. 0. 0. 0. 0. 0. 1.]
 [0. 0. 0. 0. 0. 0. 1. 0. 0. 1.]
 [0. 0. 0. 0. 1. 0. 0. 0. 0. 0.]]
[0. 1. 0. 0. 0. 0. 0. 0. 0. 1. 0. 0. 0. 0. 0. 0. 0. 0. 0. 0. 0. 0. 0. 1.
 0. 0. 0. 1. 0. 0. 1. 0. 0. 0. 0. 0. 0. 0. 0. 0. 0. 0. 0. 0. 0. 0. 0. 0.
 0. 0. 0. 0. 0. 0. 0. 0. 0. 0. 0. 0. 0. 0. 0. 0. 0. 0. 0. 0. 0. 0. 0. 1.
 0. 0. 0. 0. 0. 0. 1. 0. 1. 0. 0. 0. 0. 1. 0. 0. 0. 0.]
aucroc, aucpr (0.924554183813443, 0.7865864294435723)
Objective function 7.93 = squared loss an data 7.19 + 0.5*rho*h**2 0.114327 + alpha*h 0.111973 + L2reg 0.47 + L1reg 0.04 ; SHD = 9 ; DAG True
Proportion of microbatches that were clipped  0.7767114523352527
iteration 2 in inner loop, alpha 23.416529357475312 rho 10000.0 h 0.004781775836605107
noise_multiplier  0.6  noise_multiplier_b  2.5  noise_multiplier_delta  0.6043672230190352
cpu
[0.019 0.297 0.007 0.089 0.148 0.1   0.032 0.038 0.1   0.66  0.16  0.042
 0.15  0.339 0.134 0.039 0.094 0.269 0.08  0.043 0.033 0.168 0.211 0.256
 0.067 0.04  0.316 0.95  0.22  0.201 0.466 0.205 0.192 0.185 0.166 0.254
 0.041 0.046 0.057 0.018 0.028 0.117 0.016 0.017 0.268 0.052 0.024 0.039
 0.022 0.156 0.112 0.015 0.012 0.094 0.084 0.033 0.055 0.038 0.075 0.07
 0.037 0.012 0.128 0.213 0.212 0.104 0.04  0.467 0.382 0.167 0.067 1.486
 0.131 0.066 0.164 0.031 0.403 0.439 0.695 0.101 1.318 0.071 0.025 0.027
 0.026 0.077 0.091 0.062 0.006 0.004]
[[0. 0. 1. 0. 0. 0. 0. 0. 0. 0.]
 [1. 0. 0. 0. 0. 0. 0. 0. 0. 0.]
 [0. 0. 0. 0. 0. 0. 1. 0. 0. 0.]
 [1. 0. 0. 0. 1. 0. 0. 0. 0. 0.]
 [0. 0. 0. 0. 0. 0. 0. 0. 0. 0.]
 [0. 0. 0. 0. 0. 0. 0. 0. 0. 0.]
 [0. 0. 0. 0. 0. 0. 0. 0. 0. 0.]
 [0. 0. 0. 0. 0. 0. 0. 0. 0. 1.]
 [0. 0. 0. 0. 0. 0. 1. 0. 0. 1.]
 [0. 0. 0. 0. 1. 0. 0. 0. 0. 0.]]
[0. 1. 0. 0. 0. 0. 0. 0. 0. 1. 0. 0. 0. 0. 0. 0. 0. 0. 0. 0. 0. 0. 0. 1.
 0. 0. 0. 1. 0. 0. 1. 0. 0. 0. 0. 0. 0. 0. 0. 0. 0. 0. 0. 0. 0. 0. 0. 0.
 0. 0. 0. 0. 0. 0. 0. 0. 0. 0. 0. 0. 0. 0. 0. 0. 0. 0. 0. 0. 0. 0. 0. 1.
 0. 0. 0. 0. 0. 0. 1. 0. 1. 0. 0. 0. 0. 1. 0. 0. 0. 0.]
aucroc, aucpr (0.924554183813443, 0.7865864294435723)
Objective function 8.96 = squared loss an data 7.19 + 0.5*rho*h**2 1.143269 + alpha*h 0.111973 + L2reg 0.47 + L1reg 0.04 ; SHD = 9 ; DAG True
total norm for a microbatch 18.067295800432518 clip 12.022810978495725
total norm for a microbatch 12.637654211477722 clip 10.450944453247274
total norm for a microbatch 15.873242010667456 clip 9.224372721945414
total norm for a microbatch 11.095616193797651 clip 10.874195561465909
total norm for a microbatch 20.043177217733227 clip 9.906248414978739
total norm for a microbatch 15.770864326936612 clip 9.304132701063153
total norm for a microbatch 12.500429325421061 clip 8.872995717458709
total norm for a microbatch 11.927159432857884 clip 11.103447622713075
cpu
[0.006 0.402 0.004 0.085 0.1   0.078 0.017 0.023 0.112 0.828 0.198 0.017
 0.131 0.363 0.156 0.015 0.053 0.165 0.028 0.018 0.011 0.086 0.08  0.333
 0.03  0.019 0.204 0.962 0.223 0.232 0.342 0.213 0.119 0.038 0.101 0.25
 0.053 0.043 0.061 0.012 0.075 0.109 0.008 0.011 0.42  0.04  0.013 0.052
 0.031 0.081 0.088 0.018 0.004 0.155 0.088 0.029 0.021 0.02  0.027 0.061
 0.03  0.005 0.061 0.238 0.267 0.154 0.069 0.629 0.199 0.2   0.084 1.704
 0.175 0.101 0.211 0.035 0.42  0.542 0.86  0.066 1.493 0.043 0.023 0.019
 0.013 0.011 0.043 0.07  0.003 0.002]
[[0. 0. 1. 0. 0. 0. 0. 0. 0. 0.]
 [1. 0. 0. 0. 0. 0. 0. 0. 0. 0.]
 [0. 0. 0. 0. 0. 0. 1. 0. 0. 0.]
 [1. 0. 0. 0. 1. 0. 0. 0. 0. 0.]
 [0. 0. 0. 0. 0. 0. 0. 0. 0. 0.]
 [0. 0. 0. 0. 0. 0. 0. 0. 0. 0.]
 [0. 0. 0. 0. 0. 0. 0. 0. 0. 0.]
 [0. 0. 0. 0. 0. 0. 0. 0. 0. 1.]
 [0. 0. 0. 0. 0. 0. 1. 0. 0. 1.]
 [0. 0. 0. 0. 1. 0. 0. 0. 0. 0.]]
[0. 1. 0. 0. 0. 0. 0. 0. 0. 1. 0. 0. 0. 0. 0. 0. 0. 0. 0. 0. 0. 0. 0. 1.
 0. 0. 0. 1. 0. 0. 1. 0. 0. 0. 0. 0. 0. 0. 0. 0. 0. 0. 0. 0. 0. 0. 0. 0.
 0. 0. 0. 0. 0. 0. 0. 0. 0. 0. 0. 0. 0. 0. 0. 0. 0. 0. 0. 0. 0. 0. 0. 1.
 0. 0. 0. 0. 0. 0. 1. 0. 1. 0. 0. 0. 0. 1. 0. 0. 0. 0.]
aucroc, aucpr (0.879286694101509, 0.7674612981841897)
Objective function 7.89 = squared loss an data 7.31 + 0.5*rho*h**2 0.083423 + alpha*h 0.030247 + L2reg 0.43 + L1reg 0.04 ; SHD = 5 ; DAG True
Proportion of microbatches that were clipped  0.7734021949644933
iteration 3 in inner loop, alpha 23.416529357475312 rho 100000.0 h 0.00129169156324771
iteration 4 in outer loop, alpha = 152.58568568224632, rho = 100000.0, h = 0.00129169156324771
cpu
noise_multiplier  0.6  noise_multiplier_b  2.5  noise_multiplier_delta  0.6043672230190352
cpu
[0.006 0.402 0.004 0.085 0.1   0.078 0.017 0.023 0.112 0.828 0.198 0.017
 0.131 0.363 0.156 0.015 0.053 0.165 0.028 0.018 0.011 0.086 0.08  0.333
 0.03  0.019 0.204 0.962 0.223 0.232 0.342 0.213 0.119 0.038 0.101 0.25
 0.053 0.043 0.061 0.012 0.075 0.109 0.008 0.011 0.42  0.04  0.013 0.052
 0.031 0.081 0.088 0.018 0.004 0.155 0.088 0.029 0.021 0.02  0.027 0.061
 0.03  0.005 0.061 0.238 0.267 0.154 0.069 0.629 0.199 0.2   0.084 1.704
 0.175 0.101 0.211 0.035 0.42  0.542 0.86  0.066 1.493 0.043 0.023 0.019
 0.013 0.011 0.043 0.07  0.003 0.002]
[[0. 0. 1. 0. 0. 0. 0. 0. 0. 0.]
 [1. 0. 0. 0. 0. 0. 0. 0. 0. 0.]
 [0. 0. 0. 0. 0. 0. 1. 0. 0. 0.]
 [1. 0. 0. 0. 1. 0. 0. 0. 0. 0.]
 [0. 0. 0. 0. 0. 0. 0. 0. 0. 0.]
 [0. 0. 0. 0. 0. 0. 0. 0. 0. 0.]
 [0. 0. 0. 0. 0. 0. 0. 0. 0. 0.]
 [0. 0. 0. 0. 0. 0. 0. 0. 0. 1.]
 [0. 0. 0. 0. 0. 0. 1. 0. 0. 1.]
 [0. 0. 0. 0. 1. 0. 0. 0. 0. 0.]]
[0. 1. 0. 0. 0. 0. 0. 0. 0. 1. 0. 0. 0. 0. 0. 0. 0. 0. 0. 0. 0. 0. 0. 1.
 0. 0. 0. 1. 0. 0. 1. 0. 0. 0. 0. 0. 0. 0. 0. 0. 0. 0. 0. 0. 0. 0. 0. 0.
 0. 0. 0. 0. 0. 0. 0. 0. 0. 0. 0. 0. 0. 0. 0. 0. 0. 0. 0. 0. 0. 0. 0. 1.
 0. 0. 0. 0. 0. 0. 1. 0. 1. 0. 0. 0. 0. 1. 0. 0. 0. 0.]
aucroc, aucpr (0.879286694101509, 0.7674612981841897)
Objective function 8.05 = squared loss an data 7.31 + 0.5*rho*h**2 0.083423 + alpha*h 0.197094 + L2reg 0.43 + L1reg 0.04 ; SHD = 5 ; DAG True
total norm for a microbatch 47.595416383438874 clip 28.020810313745915
total norm for a microbatch 12.331791963438633 clip 12.834573451525342
total norm for a microbatch 17.915911028939366 clip 12.249350600314605
total norm for a microbatch 20.258060437556075 clip 9.982894054353745
total norm for a microbatch 12.482449166884559 clip 10.753562379369274
total norm for a microbatch 15.20970506537221 clip 11.46361744751966
total norm for a microbatch 7.213663256183952 clip 10.612779068441794
total norm for a microbatch 12.073553499007433 clip 10.068468101239771
total norm for a microbatch 15.7563528437247 clip 9.406923444426003
total norm for a microbatch 11.668945225467446 clip 10.192759291745062
total norm for a microbatch 21.471265974698614 clip 9.708789412608738
total norm for a microbatch 13.710484118325649 clip 9.918433246505227
total norm for a microbatch 15.387828358533492 clip 10.364658229871432
total norm for a microbatch 17.103703604528082 clip 10.496202917883325
total norm for a microbatch 7.5478268839180975 clip 11.940036048699945
cpu
[2.764e-03 4.625e-01 2.756e-03 1.017e-01 1.161e-01 1.456e-01 1.991e-02
 2.526e-02 9.007e-02 9.499e-01 3.429e-01 2.600e-02 1.469e-01 2.710e-01
 1.643e-01 2.901e-02 4.795e-02 2.053e-01 4.829e-03 7.363e-03 1.003e-02
 5.621e-02 4.412e-02 5.651e-01 1.751e-02 1.285e-02 8.838e-02 1.020e+00
 1.885e-01 1.995e-01 3.619e-01 3.295e-01 2.215e-01 1.322e-01 7.177e-02
 2.367e-01 2.542e-02 2.787e-02 7.081e-02 8.671e-03 3.530e-02 8.920e-02
 7.211e-03 7.805e-03 4.403e-01 3.036e-02 1.296e-02 8.338e-02 9.383e-03
 1.103e-01 1.302e-01 2.154e-02 5.661e-03 9.736e-02 2.261e-02 1.316e-02
 5.280e-03 1.510e-02 5.062e-02 3.252e-02 2.876e-02 4.156e-03 1.541e-01
 1.060e-01 1.206e-01 2.389e-01 2.677e-02 5.899e-01 1.475e-01 1.011e-01
 6.328e-02 1.966e+00 1.222e-01 7.053e-02 2.718e-01 5.081e-02 4.418e-01
 5.225e-01 9.631e-01 6.786e-02 1.752e+00 3.578e-02 1.932e-02 3.193e-02
 9.365e-03 8.231e-03 3.837e-02 2.887e-02 1.186e-03 1.121e-03]
[[0. 0. 1. 0. 0. 0. 0. 0. 0. 0.]
 [1. 0. 0. 0. 0. 0. 0. 0. 0. 0.]
 [0. 0. 0. 0. 0. 0. 1. 0. 0. 0.]
 [1. 0. 0. 0. 1. 0. 0. 0. 0. 0.]
 [0. 0. 0. 0. 0. 0. 0. 0. 0. 0.]
 [0. 0. 0. 0. 0. 0. 0. 0. 0. 0.]
 [0. 0. 0. 0. 0. 0. 0. 0. 0. 0.]
 [0. 0. 0. 0. 0. 0. 0. 0. 0. 1.]
 [0. 0. 0. 0. 0. 0. 1. 0. 0. 1.]
 [0. 0. 0. 0. 1. 0. 0. 0. 0. 0.]]
[0. 1. 0. 0. 0. 0. 0. 0. 0. 1. 0. 0. 0. 0. 0. 0. 0. 0. 0. 0. 0. 0. 0. 1.
 0. 0. 0. 1. 0. 0. 1. 0. 0. 0. 0. 0. 0. 0. 0. 0. 0. 0. 0. 0. 0. 0. 0. 0.
 0. 0. 0. 0. 0. 0. 0. 0. 0. 0. 0. 0. 0. 0. 0. 0. 0. 0. 0. 0. 0. 0. 0. 1.
 0. 0. 0. 0. 0. 0. 1. 0. 1. 0. 0. 0. 0. 1. 0. 0. 0. 0.]
aucroc, aucpr (0.8943758573388203, 0.8239457058022459)
Objective function 7.85 = squared loss an data 7.31 + 0.5*rho*h**2 0.019572 + alpha*h 0.095465 + L2reg 0.39 + L1reg 0.04 ; SHD = 6 ; DAG True
Proportion of microbatches that were clipped  0.7791120240164323
iteration 1 in inner loop, alpha 152.58568568224632 rho 100000.0 h 0.0006256468098175816
iteration 5 in outer loop, alpha = 778.2324954998279, rho = 1000000.0, h = 0.0006256468098175816
Threshold 0.3
[[0.004 0.003 0.462 0.003 0.102 0.116 0.146 0.02  0.025 0.09 ]
 [0.95  0.002 0.343 0.026 0.147 0.271 0.164 0.029 0.048 0.205]
 [0.005 0.007 0.003 0.01  0.056 0.044 0.565 0.018 0.013 0.088]
 [1.02  0.189 0.199 0.003 0.362 0.329 0.222 0.132 0.072 0.237]
 [0.025 0.028 0.071 0.009 0.003 0.035 0.089 0.007 0.008 0.44 ]
 [0.03  0.013 0.083 0.009 0.11  0.003 0.13  0.022 0.006 0.097]
 [0.023 0.013 0.005 0.015 0.051 0.033 0.002 0.029 0.004 0.154]
 [0.106 0.121 0.239 0.027 0.59  0.147 0.101 0.003 0.063 1.966]
 [0.122 0.071 0.272 0.051 0.442 0.523 0.963 0.068 0.002 1.752]
 [0.036 0.019 0.032 0.009 0.008 0.038 0.029 0.001 0.001 0.003]]
[[0.    0.    0.462 0.    0.    0.    0.    0.    0.    0.   ]
 [0.95  0.    0.343 0.    0.    0.    0.    0.    0.    0.   ]
 [0.    0.    0.    0.    0.    0.    0.565 0.    0.    0.   ]
 [1.02  0.    0.    0.    0.362 0.329 0.    0.    0.    0.   ]
 [0.    0.    0.    0.    0.    0.    0.    0.    0.    0.44 ]
 [0.    0.    0.    0.    0.    0.    0.    0.    0.    0.   ]
 [0.    0.    0.    0.    0.    0.    0.    0.    0.    0.   ]
 [0.    0.    0.    0.    0.59  0.    0.    0.    0.    1.966]
 [0.    0.    0.    0.    0.442 0.523 0.963 0.    0.    1.752]
 [0.    0.    0.    0.    0.    0.    0.    0.    0.    0.   ]]
{'fdr': 0.42857142857142855, 'tpr': 0.8888888888888888, 'fpr': 0.16666666666666666, 'f1': 0.6956521739130435, 'shd': 6, 'npred': 14, 'ntrue': 9}
[2.764e-03 4.625e-01 2.756e-03 1.017e-01 1.161e-01 1.456e-01 1.991e-02
 2.526e-02 9.007e-02 9.499e-01 3.429e-01 2.600e-02 1.469e-01 2.710e-01
 1.643e-01 2.901e-02 4.795e-02 2.053e-01 4.829e-03 7.363e-03 1.003e-02
 5.621e-02 4.412e-02 5.651e-01 1.751e-02 1.285e-02 8.838e-02 1.020e+00
 1.885e-01 1.995e-01 3.619e-01 3.295e-01 2.215e-01 1.322e-01 7.177e-02
 2.367e-01 2.542e-02 2.787e-02 7.081e-02 8.671e-03 3.530e-02 8.920e-02
 7.211e-03 7.805e-03 4.403e-01 3.036e-02 1.296e-02 8.338e-02 9.383e-03
 1.103e-01 1.302e-01 2.154e-02 5.661e-03 9.736e-02 2.261e-02 1.316e-02
 5.280e-03 1.510e-02 5.062e-02 3.252e-02 2.876e-02 4.156e-03 1.541e-01
 1.060e-01 1.206e-01 2.389e-01 2.677e-02 5.899e-01 1.475e-01 1.011e-01
 6.328e-02 1.966e+00 1.222e-01 7.053e-02 2.718e-01 5.081e-02 4.418e-01
 5.225e-01 9.631e-01 6.786e-02 1.752e+00 3.578e-02 1.932e-02 3.193e-02
 9.365e-03 8.231e-03 3.837e-02 2.887e-02 1.186e-03 1.121e-03]
[[0. 0. 1. 0. 0. 0. 0. 0. 0. 0.]
 [1. 0. 0. 0. 0. 0. 0. 0. 0. 0.]
 [0. 0. 0. 0. 0. 0. 1. 0. 0. 0.]
 [1. 0. 0. 0. 1. 0. 0. 0. 0. 0.]
 [0. 0. 0. 0. 0. 0. 0. 0. 0. 0.]
 [0. 0. 0. 0. 0. 0. 0. 0. 0. 0.]
 [0. 0. 0. 0. 0. 0. 0. 0. 0. 0.]
 [0. 0. 0. 0. 0. 0. 0. 0. 0. 1.]
 [0. 0. 0. 0. 0. 0. 1. 0. 0. 1.]
 [0. 0. 0. 0. 1. 0. 0. 0. 0. 0.]]
[0. 1. 0. 0. 0. 0. 0. 0. 0. 1. 0. 0. 0. 0. 0. 0. 0. 0. 0. 0. 0. 0. 0. 1.
 0. 0. 0. 1. 0. 0. 1. 0. 0. 0. 0. 0. 0. 0. 0. 0. 0. 0. 0. 0. 0. 0. 0. 0.
 0. 0. 0. 0. 0. 0. 0. 0. 0. 0. 0. 0. 0. 0. 0. 0. 0. 0. 0. 0. 0. 0. 0. 1.
 0. 0. 0. 0. 0. 0. 1. 0. 1. 0. 0. 0. 0. 1. 0. 0. 0. 0.]
aucroc, aucpr (0.8943758573388203, 0.8239457058022459)
Iterations 2500
Achieves (13.610683049707138, 1e-05)-DP
