samples  5000  graph  10 30 ER mlp  minibatch size  50  noise  0.6  minibatches per NN training  250 group clipping and quantile adaptive clipping
cuda
cuda
iteration 1 in inner loop,alpha 0.0 rho 1.0 h 1.1229782946562032
iteration 1 in outer loop, alpha = 1.1229782946562032, rho = 1.0, h = 1.1229782946562032
cuda
iteration 1 in inner loop,alpha 1.1229782946562032 rho 1.0 h 0.7586153562268656
iteration 2 in inner loop,alpha 1.1229782946562032 rho 10.0 h 0.35052850700977345
iteration 3 in inner loop,alpha 1.1229782946562032 rho 100.0 h 0.11468940960946838
iteration 2 in outer loop, alpha = 12.591919255603042, rho = 100.0, h = 0.11468940960946838
cuda
iteration 1 in inner loop,alpha 12.591919255603042 rho 100.0 h 0.051014890985715766
iteration 2 in inner loop,alpha 12.591919255603042 rho 1000.0 h 0.015639237828134256
iteration 3 in outer loop, alpha = 28.231157083737298, rho = 1000.0, h = 0.015639237828134256
cuda
iteration 1 in inner loop,alpha 28.231157083737298 rho 1000.0 h 0.0075038425939570885
iteration 2 in inner loop,alpha 28.231157083737298 rho 10000.0 h 0.0013671884838064585
iteration 4 in outer loop, alpha = 41.903041921801886, rho = 10000.0, h = 0.0013671884838064585
cuda
iteration 1 in inner loop,alpha 41.903041921801886 rho 10000.0 h 0.0006974534064454474
iteration 2 in inner loop,alpha 41.903041921801886 rho 100000.0 h 0.00029644826872754493
iteration 5 in outer loop, alpha = 71.54786879455638, rho = 100000.0, h = 0.00029644826872754493
cuda
iteration 1 in inner loop,alpha 71.54786879455638 rho 100000.0 h 0.0001811013772901049
iteration 6 in outer loop, alpha = 252.64924608466129, rho = 1000000.0, h = 0.0001811013772901049
Threshold 0.3
[[0.004 0.    0.445 0.    1.164 0.    1.72  0.    0.001 0.005]
 [2.246 0.002 2.041 0.    0.895 0.008 0.124 0.103 0.003 2.5  ]
 [0.002 0.    0.007 0.    2.052 0.    1.889 0.    0.001 0.   ]
 [1.278 0.419 1.37  0.    0.837 0.452 1.176 0.25  2.714 2.829]
 [0.    0.    0.    0.    0.004 0.    0.    0.    0.    0.   ]
 [0.171 0.004 0.265 0.    0.256 0.001 0.319 0.006 0.008 2.852]
 [0.    0.    0.001 0.    1.69  0.    0.004 0.    0.    0.   ]
 [1.812 0.006 1.496 0.    1.73  0.096 0.275 0.002 0.    0.117]
 [2.328 0.04  2.27  0.    1.066 0.065 0.564 0.223 0.004 0.256]
 [0.168 0.    2.677 0.    1.74  0.    2.517 0.003 0.005 0.006]]
[[0.    0.    0.445 0.    1.164 0.    1.72  0.    0.    0.   ]
 [2.246 0.    2.041 0.    0.895 0.    0.    0.    0.    2.5  ]
 [0.    0.    0.    0.    2.052 0.    1.889 0.    0.    0.   ]
 [1.278 0.419 1.37  0.    0.837 0.452 1.176 0.    2.714 2.829]
 [0.    0.    0.    0.    0.    0.    0.    0.    0.    0.   ]
 [0.    0.    0.    0.    0.    0.    0.319 0.    0.    2.852]
 [0.    0.    0.    0.    1.69  0.    0.    0.    0.    0.   ]
 [1.812 0.    1.496 0.    1.73  0.    0.    0.    0.    0.   ]
 [2.328 0.    2.27  0.    1.066 0.    0.564 0.    0.    0.   ]
 [0.    0.    2.677 0.    1.74  0.    2.517 0.    0.    0.   ]]
{'fdr': 0.1, 'tpr': 0.9, 'fpr': 0.2, 'f1': 0.9, 'shd': 6, 'npred': 30, 'ntrue': 30}
[1.877e-04 4.455e-01 3.622e-05 1.164e+00 4.430e-04 1.720e+00 3.065e-04
 6.631e-04 4.869e-03 2.246e+00 2.041e+00 2.086e-04 8.947e-01 7.650e-03
 1.240e-01 1.027e-01 2.758e-03 2.500e+00 1.603e-03 4.119e-05 4.851e-06
 2.052e+00 1.669e-05 1.889e+00 2.521e-04 9.980e-04 2.960e-04 1.278e+00
 4.190e-01 1.370e+00 8.368e-01 4.516e-01 1.176e+00 2.504e-01 2.714e+00
 2.829e+00 9.840e-05 4.692e-06 1.457e-04 5.711e-06 3.690e-06 4.544e-04
 2.434e-05 7.538e-05 1.650e-05 1.713e-01 4.297e-03 2.654e-01 2.047e-04
 2.555e-01 3.192e-01 5.897e-03 8.454e-03 2.852e+00 2.375e-04 3.836e-05
 5.523e-04 9.355e-06 1.690e+00 3.107e-05 7.892e-05 1.894e-05 3.237e-04
 1.812e+00 5.503e-03 1.496e+00 2.534e-04 1.730e+00 9.559e-02 2.752e-01
 4.097e-04 1.168e-01 2.328e+00 4.008e-02 2.270e+00 9.760e-05 1.066e+00
 6.542e-02 5.638e-01 2.231e-01 2.562e-01 1.683e-01 2.557e-04 2.677e+00
 1.133e-04 1.740e+00 1.802e-04 2.517e+00 3.058e-03 5.493e-03]
[[0. 0. 0. 0. 1. 0. 1. 0. 0. 0.]
 [1. 0. 1. 0. 1. 0. 0. 0. 0. 1.]
 [0. 0. 0. 0. 1. 0. 1. 0. 0. 0.]
 [1. 1. 1. 0. 1. 1. 1. 1. 1. 1.]
 [0. 0. 0. 0. 0. 0. 0. 0. 0. 0.]
 [0. 0. 0. 0. 0. 0. 0. 0. 0. 1.]
 [0. 0. 0. 0. 1. 0. 0. 0. 0. 0.]
 [1. 1. 1. 0. 1. 1. 0. 0. 0. 0.]
 [1. 0. 1. 0. 1. 0. 0. 0. 0. 0.]
 [0. 0. 1. 0. 1. 0. 1. 0. 0. 0.]]
[0. 0. 0. 1. 0. 1. 0. 0. 0. 1. 1. 0. 1. 0. 0. 0. 0. 1. 0. 0. 0. 1. 0. 1.
 0. 0. 0. 1. 1. 1. 1. 1. 1. 1. 1. 1. 0. 0. 0. 0. 0. 0. 0. 0. 0. 0. 0. 0.
 0. 0. 0. 0. 0. 1. 0. 0. 0. 0. 1. 0. 0. 0. 0. 1. 1. 1. 0. 1. 1. 0. 0. 0.
 1. 0. 1. 0. 1. 0. 0. 0. 0. 0. 0. 1. 0. 1. 0. 1. 0. 0.]
aucroc, aucpr (0.9772222222222222, 0.9669824545399258)
number of groups for clipping  4  noise multiplier modified for group clipping  1.2
cuda
noise_multiplier  1.2  noise_multiplier_b  2.5  noise_multiplier_delta  1.2361284651454938
cuda
Objective function 461.65 = squared loss an data 284.59 + 0.5*rho*h**2 176.710652 + alpha*h 0.000000 + L2reg 0.19 + L1reg 0.16 ; SHD = 55 ; DAG False
