samples  5000  graph  10 30 ER mlp  minibatch size  100  noise  0.6  minibatches per NN training  63 group clipping and quantile adaptive clipping
cuda
cuda
iteration 1 in inner loop,alpha 0.0 rho 1.0 h 1.1229782946562032
iteration 1 in outer loop, alpha = 1.1229782946562032, rho = 1.0, h = 1.1229782946562032
cuda
iteration 1 in inner loop,alpha 1.1229782946562032 rho 1.0 h 0.7586153562268656
iteration 2 in inner loop,alpha 1.1229782946562032 rho 10.0 h 0.35052850700977345
iteration 3 in inner loop,alpha 1.1229782946562032 rho 100.0 h 0.11468940960946838
iteration 2 in outer loop, alpha = 12.591919255603042, rho = 100.0, h = 0.11468940960946838
cuda
iteration 1 in inner loop,alpha 12.591919255603042 rho 100.0 h 0.05177271318199317
iteration 2 in inner loop,alpha 12.591919255603042 rho 1000.0 h 0.015651355822457802
iteration 3 in outer loop, alpha = 28.243275078060844, rho = 1000.0, h = 0.015651355822457802
cuda
iteration 1 in inner loop,alpha 28.243275078060844 rho 1000.0 h 0.0076855114245848455
iteration 2 in inner loop,alpha 28.243275078060844 rho 10000.0 h 0.0014289170876846669
iteration 4 in outer loop, alpha = 42.532445954907516, rho = 10000.0, h = 0.0014289170876846669
cuda
iteration 1 in inner loop,alpha 42.532445954907516 rho 10000.0 h 0.0007810909223238127
iteration 2 in inner loop,alpha 42.532445954907516 rho 100000.0 h 0.0003151968036405606
iteration 5 in outer loop, alpha = 74.05212631896357, rho = 100000.0, h = 0.0003151968036405606
cuda
iteration 1 in inner loop,alpha 74.05212631896357 rho 100000.0 h 0.00017956972001975657
iteration 6 in outer loop, alpha = 253.62184633872016, rho = 1000000.0, h = 0.00017956972001975657
Threshold 0.3
[[0.004 0.    0.368 0.    1.15  0.001 1.809 0.    0.001 0.006]
 [2.231 0.002 1.466 0.    0.876 0.016 0.115 0.106 0.005 2.624]
 [0.003 0.    0.007 0.    2.007 0.    1.925 0.    0.001 0.   ]
 [1.277 0.407 1.441 0.    0.834 0.432 1.183 0.248 2.714 2.813]
 [0.    0.    0.    0.    0.004 0.    0.    0.    0.    0.   ]
 [0.186 0.007 0.189 0.    0.256 0.001 0.317 0.005 0.008 2.979]
 [0.    0.    0.001 0.    1.626 0.    0.004 0.    0.    0.   ]
 [1.802 0.006 1.35  0.    1.751 0.109 0.28  0.002 0.003 0.102]
 [2.328 0.039 2.294 0.    0.915 0.063 0.591 0.205 0.004 0.314]
 [0.183 0.    2.462 0.    1.744 0.    2.586 0.003 0.004 0.006]]
[[0.    0.    0.368 0.    1.15  0.    1.809 0.    0.    0.   ]
 [2.231 0.    1.466 0.    0.876 0.    0.    0.    0.    2.624]
 [0.    0.    0.    0.    2.007 0.    1.925 0.    0.    0.   ]
 [1.277 0.407 1.441 0.    0.834 0.432 1.183 0.    2.714 2.813]
 [0.    0.    0.    0.    0.    0.    0.    0.    0.    0.   ]
 [0.    0.    0.    0.    0.    0.    0.317 0.    0.    2.979]
 [0.    0.    0.    0.    1.626 0.    0.    0.    0.    0.   ]
 [1.802 0.    1.35  0.    1.751 0.    0.    0.    0.    0.   ]
 [2.328 0.    2.294 0.    0.915 0.    0.591 0.    0.    0.314]
 [0.    0.    2.462 0.    1.744 0.    2.586 0.    0.    0.   ]]
{'fdr': 0.12903225806451613, 'tpr': 0.9, 'fpr': 0.26666666666666666, 'f1': 0.8852459016393444, 'shd': 7, 'npred': 31, 'ntrue': 30}
[1.803e-04 3.685e-01 4.657e-05 1.150e+00 7.759e-04 1.809e+00 3.113e-04
 6.473e-04 6.239e-03 2.231e+00 1.466e+00 3.026e-04 8.756e-01 1.629e-02
 1.147e-01 1.060e-01 4.843e-03 2.624e+00 3.457e-03 4.974e-05 6.914e-06
 2.007e+00 1.628e-05 1.925e+00 4.218e-04 9.659e-04 3.474e-04 1.277e+00
 4.067e-01 1.441e+00 8.338e-01 4.317e-01 1.183e+00 2.478e-01 2.714e+00
 2.813e+00 9.493e-05 5.335e-06 1.069e-04 8.132e-06 1.721e-06 4.393e-04
 2.501e-05 7.378e-05 1.776e-05 1.861e-01 6.534e-03 1.893e-01 3.123e-04
 2.558e-01 3.172e-01 5.060e-03 8.206e-03 2.979e+00 2.337e-04 3.950e-05
 6.329e-04 1.201e-05 1.626e+00 2.851e-05 8.471e-05 1.369e-05 3.371e-04
 1.802e+00 5.666e-03 1.350e+00 3.756e-04 1.751e+00 1.090e-01 2.798e-01
 2.746e-03 1.020e-01 2.328e+00 3.940e-02 2.294e+00 1.263e-04 9.154e-01
 6.258e-02 5.911e-01 2.047e-01 3.136e-01 1.828e-01 2.226e-04 2.462e+00
 1.237e-04 1.744e+00 1.853e-04 2.586e+00 2.559e-03 4.399e-03]
[[0. 0. 0. 0. 1. 0. 1. 0. 0. 0.]
 [1. 0. 1. 0. 1. 0. 0. 0. 0. 1.]
 [0. 0. 0. 0. 1. 0. 1. 0. 0. 0.]
 [1. 1. 1. 0. 1. 1. 1. 1. 1. 1.]
 [0. 0. 0. 0. 0. 0. 0. 0. 0. 0.]
 [0. 0. 0. 0. 0. 0. 0. 0. 0. 1.]
 [0. 0. 0. 0. 1. 0. 0. 0. 0. 0.]
 [1. 1. 1. 0. 1. 1. 0. 0. 0. 0.]
 [1. 0. 1. 0. 1. 0. 0. 0. 0. 0.]
 [0. 0. 1. 0. 1. 0. 1. 0. 0. 0.]]
[0. 0. 0. 1. 0. 1. 0. 0. 0. 1. 1. 0. 1. 0. 0. 0. 0. 1. 0. 0. 0. 1. 0. 1.
 0. 0. 0. 1. 1. 1. 1. 1. 1. 1. 1. 1. 0. 0. 0. 0. 0. 0. 0. 0. 0. 0. 0. 0.
 0. 0. 0. 0. 0. 1. 0. 0. 0. 0. 1. 0. 0. 0. 0. 1. 1. 1. 0. 1. 1. 0. 0. 0.
 1. 0. 1. 0. 1. 0. 0. 0. 0. 0. 0. 1. 0. 1. 0. 1. 0. 0.]
aucroc, aucpr (0.9788888888888889, 0.969600766232419)
number of groups for clipping  4  noise multiplier modified for group clipping  1.2
cuda
noise_multiplier  1.2  noise_multiplier_b  5.0  noise_multiplier_delta  1.2087344460380705
cuda
Objective function 461.65 = squared loss an data 284.59 + 0.5*rho*h**2 176.710652 + alpha*h 0.000000 + L2reg 0.19 + L1reg 0.16 ; SHD = 55 ; DAG False
